3.699322987298756527e-01 1.000000000000000000e+00
6.014462141018911412e-01 8.605293128689770477e-01
7.403823440947860934e-01 6.526531336629811664e-01
7.542533289587673995e-01 4.701798063895572533e-01
6.573375531132620297e-01 3.633319688563411143e-01
8.899237441152104688e-01 6.201124563649457189e-01
9.287111305904143244e-01 3.224967124381262762e-01
9.666764235626865709e-01 1.476077097981625119e-01
1.000000000000000000e+00 0.000000000000000000e+00
7.594641632727050506e-01 6.402488677416292573e-01
5.597094100450917820e-01 2.963976289004265352e-01
4.614620196526441620e-01 4.008817623671767638e-01
4.887028491274510444e-01 4.998886654655815276e-01
5.457800700447875686e-01 6.590210403066741884e-01
3.401749040011447511e-01 3.548834059918076211e-01
2.951034763830865937e-01 4.410723235030551415e-01
3.330693901546814550e-01 5.405763690150765521e-01
3.203807176005609714e-01 6.681135839118069741e-01
1.541571981836653282e-01 4.088732864730907357e-01
5.545740028488480716e-02 2.740623939631226524e-01
0.000000000000000000e+00 1.526613062340997640e-01
