2.106055457730371672e-01 0.000000000000000000e+00
5.359170810295203237e-03 1.666342730883535739e-01
1.537262388689770824e-02 4.080216335908409264e-01
1.417121814556170645e-01 6.222494251331712745e-01
2.702091562661975144e-01 7.516086510475922244e-01
0.000000000000000000e+00 3.613870252753717538e-01
6.286248021241735984e-02 6.871107532678747409e-01
1.186471748966650835e-01 8.665417694742489907e-01
1.905952272444723372e-01 1.000000000000000000e+00
2.183620558599375094e-01 3.279130420862086948e-01
3.119162588305587902e-01 6.671240910916454991e-01
2.717598426603950457e-01 6.482371545159634207e-01
2.510673794443077367e-01 5.954260367789311337e-01
4.245445200729923707e-01 2.850447204514485744e-01
4.923261715266411542e-01 6.176506912378105785e-01
4.319844972402125949e-01 6.009149291438776741e-01
3.873379649857474627e-01 5.154867148942059440e-01
5.973383189690774087e-01 2.523019137704524129e-01
7.910935742107240154e-01 4.896103933252868856e-01
9.045801167734572878e-01 6.186295744888953285e-01
1.000000000000000000e+00 6.993993362402742830e-01
