9.193561925457237605e-01 1.000000000000000000e+00
5.991664447498020740e-01 9.598653788799436093e-01
3.318474490212578454e-01 8.461621232900278233e-01
3.032477976970355260e-01 7.067124982685687451e-01
4.548112641449809646e-01 6.184289532029562109e-01
3.068397973277658952e-01 5.401775659632970239e-01
1.446473297187514384e-01 3.371103165493096743e-01
6.033127749549952595e-02 2.095509046137807585e-01
0.000000000000000000e+00 8.755471278207176133e-02
5.076686656937831055e-01 4.938412031972070348e-01
4.106162187496671390e-01 4.074092957313111274e-01
4.999165592589042140e-01 6.160403000541401219e-01
5.728417786015331803e-01 7.383606906899894406e-01
7.129818880331774134e-01 4.760951603532636578e-01
6.388727333411448051e-01 3.734275707319751336e-01
6.605997081349396227e-01 5.713141282473137572e-01
6.925128445481240069e-01 7.019465298373961382e-01
9.211035481843650174e-01 4.770391268701908993e-01
9.745080369411689425e-01 2.591245491370831600e-01
1.000000000000000000e+00 1.351623783920231359e-01
9.996224927832635387e-01 0.000000000000000000e+00
