8.845288606588070923e-01 1.000000000000000000e+00
6.383958472566136910e-01 9.767482841991245168e-01
4.315277996452033249e-01 9.032675688300463301e-01
4.017912816317662505e-01 7.840912320758107734e-01
4.983711673437311029e-01 6.836000352592712659e-01
3.528519221130624883e-01 5.535269010731111994e-01
1.849370077459008832e-01 3.846036890505182826e-01
8.241138432241992828e-02 2.706164983526598844e-01
0.000000000000000000e+00 1.631559109341107205e-01
5.189561524781635127e-01 4.945941216003737484e-01
4.044974596474126827e-01 4.618919054733197083e-01
5.188613426611513590e-01 6.756746575807092148e-01
6.083863993054293706e-01 7.868566443072458894e-01
6.978458842569094100e-01 4.697252694905058035e-01
6.134850877614717035e-01 4.116682872642254409e-01
6.701100368853005751e-01 6.252639802972526084e-01
7.284025377713135851e-01 7.654280723372902662e-01
8.760474802670187300e-01 4.728283430575502821e-01
9.383810813922093264e-01 2.521135666867495018e-01
9.826843020266423645e-01 1.315580861249386335e-01
1.000000000000000000e+00 0.000000000000000000e+00
