3.202622639838151875e-01 1.000000000000000000e+00
1.560453308546765339e-01 9.889998676312321546e-01
0.000000000000000000e+00 8.935206926915174597e-01
8.892219399578809094e-03 8.101898053028079305e-01
1.021210872062536523e-01 7.242131252266095220e-01
9.385683285065596348e-02 4.722543552202213696e-02
5.591882688915373462e-02 3.267225205315469339e-01
5.042067661196424772e-02 6.267828058725691820e-01
7.113775519663047275e-02 7.595724201039382173e-01
2.928984972189498381e-01 0.000000000000000000e+00
2.543319768928273272e-01 4.516269848121226560e-01
2.351763422249271152e-01 8.347725559258044603e-01
2.438573478387551785e-01 9.267920141346823737e-01
4.726966356170804739e-01 1.367783743964272047e-01
4.665052426932916330e-01 4.262259937729127590e-01
4.018014054826319903e-01 7.798998025978809423e-01
3.678702358164838704e-01 9.190734761764993710e-01
6.161198599323923775e-01 3.445125951760216743e-01
7.495754781435617353e-01 3.343301277070852007e-01
8.773868725642492983e-01 4.136682263160620932e-01
1.000000000000000000e+00 3.880813434854423205e-01
