1.000000000000000000e+00 3.152505731527148192e-01
8.626582322969615912e-01 1.360554507641793809e-01
7.222946620260561890e-01 3.311939001058005622e-02
6.407421428614464842e-01 0.000000000000000000e+00
5.715745707669659392e-01 1.093881435113339129e-01
4.424708991149233772e-01 3.814150027175299273e-01
2.373243453305029227e-01 4.845325782723736707e-01
1.103035760549321842e-01 5.750705273614179491e-01
0.000000000000000000e+00 6.590607903591965133e-01
5.221788810719729668e-01 6.012558719726678325e-01
4.590394749790630002e-01 4.904298017120404252e-01
6.078528959296919387e-01 2.897314750888242418e-01
7.231077897586574155e-01 1.894619235321478856e-01
6.649473789120003975e-01 7.461982790984599268e-01
6.352636351403730952e-01 6.334030986141115926e-01
7.315530589066984168e-01 4.070005592898853219e-01
8.049050129236849926e-01 2.592376115282805649e-01
8.328971045723937427e-01 8.362809874045203928e-01
8.163939253659702189e-01 9.552652549448764630e-01
7.993036197363849737e-01 9.782459148958646544e-01
7.752402228858679134e-01 1.000000000000000000e+00
