4.895610695792406153e-01 1.000000000000000000e+00
2.638031204805370566e-01 8.310559416563177981e-01
1.674938064022641893e-01 6.137105541635816675e-01
2.368633674428971547e-01 4.395411839922327424e-01
3.638756308930540251e-01 3.502198526006579105e-01
0.000000000000000000e+00 5.483286430395164501e-01
2.819095566480361165e-02 2.735095080029428805e-01
2.902605562532813155e-02 1.241012197601839423e-01
1.805903664634276456e-02 0.000000000000000000e+00
1.622612249121752059e-01 5.564589302622433564e-01
4.144281247772493848e-01 3.050127108104699336e-01
4.973226507114812955e-01 4.036192191183325950e-01
4.617540138529623306e-01 4.878090175983819665e-01
3.862559841895459867e-01 5.851179883924433334e-01
6.320480102875052353e-01 3.722574722065557506e-01
6.715645568814154753e-01 4.581312897163606901e-01
6.208874131114312522e-01 5.310345849235770244e-01
6.235868339327020893e-01 6.151192386360960773e-01
8.020872795243837450e-01 4.118387304028989782e-01
9.187753121584113503e-01 3.006666561380003100e-01
1.000000000000000000e+00 1.876443745144237840e-01
