1.000000000000000000e+00 9.574606483932021073e-01
7.836800547765215841e-01 1.000000000000000000e+00
5.643287225467118473e-01 9.883382431311064087e-01
5.810588228299584657e-01 8.589378312539042160e-01
7.004841251635591792e-01 7.578961873918312886e-01
3.728586199943221824e-01 6.738592479987188799e-01
2.210530657461938497e-01 6.053105138448500178e-01
1.009450386770003455e-01 5.448064156157060856e-01
0.000000000000000000e+00 4.845163681751536999e-01
5.094825907669654486e-01 5.623013001392417332e-01
4.656603825933928187e-01 5.788684563061986532e-01
6.251826338212321810e-01 7.423456787531762524e-01
7.150871514474705926e-01 8.190109489040149349e-01
6.767813640919488893e-01 5.005184452550300866e-01
6.618966766961473791e-01 5.076149598934049934e-01
7.695841175832337511e-01 6.857002677171823990e-01
8.450166544208903563e-01 7.892917025667200992e-01
8.552898533132711201e-01 4.665632425238169789e-01
8.392993302064077898e-01 2.690504077236421931e-01
8.544847533892229174e-01 1.403688841078797878e-01
8.481410614338309450e-01 0.000000000000000000e+00
