1.000000000000000000e+00 2.322806793255485225e-01
8.639016640165657623e-01 7.370084553946423811e-02
7.213393946274516688e-01 7.346057552315846725e-04
6.379753271999775155e-01 0.000000000000000000e+00
5.580391522801115833e-01 1.074475777205460558e-01
4.434380260206556290e-01 3.004671126279590543e-01
2.365210878173502895e-01 4.216223163839868393e-01
1.122118282227141106e-01 5.253867526386785114e-01
0.000000000000000000e+00 6.212835163095524749e-01
5.318381698160860038e-01 4.885462240746061835e-01
4.614235877063450619e-01 4.623772049487008817e-01
6.196346783107997691e-01 2.938891201004876774e-01
7.314406740935082141e-01 1.913759731357022320e-01
6.757585862687791600e-01 6.150037857041150691e-01
6.519379049181842634e-01 5.785349296983914869e-01
7.565079147681972316e-01 3.796560274720578998e-01
8.202014715341877649e-01 2.327472363798143984e-01
8.421881397767183586e-01 6.925174273791834256e-01
8.195366053741017787e-01 8.396369619307796350e-01
8.141513966008199210e-01 9.238609350355195815e-01
7.907691696279921523e-01 1.000000000000000000e+00
