5.056972462325487472e-01 0.000000000000000000e+00
1.013024245879743934e-01 1.021210227556511585e-01
0.000000000000000000e+00 3.673529989116408045e-01
1.841688296960838633e-01 5.883629195903494757e-01
4.084302234010382393e-01 6.973736510211643314e-01
3.792466515044604636e-01 2.319888167316933314e-01
5.453503792651580584e-01 5.178493232310678041e-01
7.334927911269593093e-01 7.371814632797826228e-01
9.231381671790735988e-01 9.128525116473019674e-01
6.748504123406078303e-01 2.764463155498304570e-01
7.325672691648605905e-01 6.329138639771688668e-01
8.439214804571342210e-01 8.555351254284615514e-01
9.674344633587016462e-01 1.000000000000000000e+00
8.735385769996472094e-01 3.259406989426538170e-01
6.997241349982359360e-01 6.457480233561652128e-01
5.219595392747341522e-01 6.200722707679727774e-01
4.255331841263041426e-01 5.194441121160978669e-01
1.000000000000000000e+00 3.799830764209359835e-01
8.073685802126908673e-01 6.374849726284048668e-01
6.701013290030743974e-01 6.460323673613038720e-01
6.092974301950506710e-01 6.025636260365256902e-01
