1.576951755054547544e-01 1.000000000000000000e+00
4.162293784859366630e-02 8.434504091255075053e-01
0.000000000000000000e+00 6.784633033987071959e-01
9.079998591331740754e-02 5.809825564096502415e-01
2.557904246197376663e-01 5.669584418255965153e-01
2.062408564297640856e-01 4.272669288750080563e-01
2.644774655727135659e-01 2.366282429770488471e-01
3.243553252516199747e-01 1.051094643039697657e-01
3.836586543451546150e-01 0.000000000000000000e+00
3.461775220967942546e-01 4.815804862748295223e-01
3.512861403004871597e-01 3.931546421515491052e-01
2.572805051207371352e-01 5.884533517674415126e-01
2.098192791790470524e-01 6.811647724525035086e-01
4.698091904793956775e-01 5.558028701340719246e-01
4.988840019961200967e-01 4.619799638271879227e-01
3.740329234823732141e-01 6.231680506980962209e-01
2.942782310673677237e-01 7.318219971506448873e-01
5.798065040443051155e-01 6.491142590579448424e-01
7.871389939220355680e-01 5.350077151401969600e-01
9.041649118133977536e-01 4.709949832088972110e-01
1.000000000000000000e+00 3.796342970507333714e-01
