7.617280121682780125e-01 1.000000000000000000e+00
4.570430511179247035e-01 9.329206125112605719e-01
1.998520420096287775e-01 7.499167691254257084e-01
1.435868067124103087e-01 5.522478748992579733e-01
3.160615026206118894e-01 4.245659577626758607e-01
2.219674369591997376e-01 4.948331125974333444e-01
1.030053231098507494e-01 2.783597321285284365e-01
3.489666738828813702e-02 1.489980310924190476e-01
0.000000000000000000e+00 2.806131781977593692e-02
4.371188776687839339e-01 4.511727112391260008e-01
3.569843490027549415e-01 2.659514299790508018e-01
3.703128510547700203e-01 4.370800079327047394e-01
4.190949740856007022e-01 5.789977633556174785e-01
6.669461030649463940e-01 4.349749233222642286e-01
5.921229131193341821e-01 2.460185373265983411e-01
5.887875889296101395e-01 4.193532665252524549e-01
6.314169933155333592e-01 5.637960204691999655e-01
8.972935612428880603e-01 4.459457193294267263e-01
9.613617764785179487e-01 2.512377696786949888e-01
9.829733158711173591e-01 1.269617853010572006e-01
1.000000000000000000e+00 0.000000000000000000e+00
