9.725704371798310488e-01 3.305652690241638880e-01
8.516024501024995752e-01 1.643798029954989526e-01
7.649507132922123143e-01 2.393335066556718377e-02
7.674193100258634992e-01 0.000000000000000000e+00
7.461567646283425725e-01 1.409088280620462708e-01
4.851879934636660896e-01 2.149279662331727569e-01
2.394690819587183828e-01 3.667503424918361343e-01
1.200852496125017627e-01 4.906608094372603146e-01
0.000000000000000000e+00 6.124557957516908457e-01
5.646743509120413229e-01 4.103991287496626672e-01
5.665768990822769302e-01 4.697422449223293550e-01
7.606496675015113063e-01 3.338043673468236161e-01
8.651716355834746519e-01 2.158106408005799615e-01
6.893328041690719443e-01 5.834856172234137439e-01
7.693427387830055197e-01 6.138015512506005411e-01
9.307827009877227553e-01 4.810076876135958579e-01
1.000000000000000000e+00 3.450846192252397526e-01
8.149673183303711710e-01 7.268883829213872438e-01
8.517537988463689258e-01 8.814586861289160913e-01
8.966740492088672854e-01 9.574795327630933883e-01
9.011957616101744506e-01 1.000000000000000000e+00
