7.278360214724451938e-01 1.000000000000000000e+00
4.339200442973311089e-01 9.304370316648797878e-01
1.910477984863445111e-01 7.558720520587085545e-01
1.334169216784964473e-01 5.656703450880252726e-01
2.884319773809203014e-01 4.339896685706111645e-01
2.141447650501897559e-01 4.817216732037435389e-01
1.017081913311495001e-01 2.646871108848453114e-01
3.611861786446683015e-02 1.358520570842103870e-01
0.000000000000000000e+00 2.146494322133658469e-02
4.204507645454745868e-01 4.450695086334809369e-01
3.448130716328025591e-01 2.633838928700519832e-01
3.627936719498420781e-01 4.383986618137604152e-01
4.084311933573603892e-01 5.828813351339178217e-01
6.440170427121334473e-01 4.344781785748036973e-01
5.758893154739299636e-01 2.489407064450266382e-01
5.670913460949501550e-01 4.225085187040652501e-01
5.984853644852027310e-01 5.681990879425670160e-01
8.691138818721502179e-01 4.505210007359445323e-01
9.397031980811023644e-01 2.558244224907009201e-01
9.745285445827647219e-01 1.290828031067951798e-01
1.000000000000000000e+00 0.000000000000000000e+00
