0.000000000000000000e+00 9.636548895471759302e-01
2.097917784784650574e-01 1.000000000000000000e+00
3.507375385750704511e-01 9.762495790898684245e-01
2.927875799454358607e-01 8.608767667299550563e-01
1.456066815003652648e-01 7.557959540658387709e-01
6.829105915589546161e-01 7.127894186388965547e-01
7.942940109873727339e-01 6.287300010827863161e-01
9.207408090701730830e-01 5.534537582763136010e-01
1.000000000000000000e+00 4.825718677849551996e-01
5.272881352773678421e-01 5.693835604261052730e-01
4.864155653204526031e-01 5.373318373718011243e-01
2.822989344335614104e-01 7.306338081558365616e-01
2.422314094249891914e-01 7.716435215397471348e-01
3.186319453762094245e-01 4.897952594414832772e-01
2.146269399347019158e-01 4.516627488751003838e-01
1.002562819595390342e-01 6.310615890153500329e-01
7.669520662820340784e-02 7.304014342488576172e-01
9.654809025448365944e-02 4.555769529561166098e-01
6.235930348703728338e-02 2.644718907547710107e-01
3.535675417803420262e-02 1.320535485095098716e-01
3.367608308362031455e-02 0.000000000000000000e+00
