2.721639785275547507e-01 1.000000000000000000e+00
5.660799557026688911e-01 9.304370316648797878e-01
8.089522015136554334e-01 7.558720520587085545e-01
8.665830783215036082e-01 5.656703450880252726e-01
7.115680226190796986e-01 4.339896685706111645e-01
7.858552349498102441e-01 4.817216732037435389e-01
8.982918086688504999e-01 2.646871108848453114e-01
9.638813821355332045e-01 1.358520570842103870e-01
1.000000000000000000e+00 2.146494322133658469e-02
5.795492354545254132e-01 4.450695086334809369e-01
6.551869283671973854e-01 2.633838928700519832e-01
6.372063280501578664e-01 4.383986618137604152e-01
5.915688066426396663e-01 5.828813351339178217e-01
3.559829572878664972e-01 4.344781785748036973e-01
4.241106845260699809e-01 2.489407064450266382e-01
4.329086539050498450e-01 4.225085187040652501e-01
4.015146355147972135e-01 5.681990879425670160e-01
1.308861181278497543e-01 4.505210007359445323e-01
6.029680191889766339e-02 2.558244224907009201e-01
2.547145541723528847e-02 1.290828031067951798e-01
0.000000000000000000e+00 0.000000000000000000e+00
