0.000000000000000000e+00 9.574606483932021073e-01
2.163199452234783882e-01 1.000000000000000000e+00
4.356712774532880972e-01 9.883382431311064087e-01
4.189411771700415899e-01 8.589378312539042160e-01
2.995158748364408763e-01 7.578961873918312886e-01
6.271413800056777621e-01 6.738592479987188799e-01
7.789469342538061225e-01 6.053105138448500178e-01
8.990549613229996684e-01 5.448064156157060856e-01
1.000000000000000000e+00 4.845163681751536999e-01
4.905174092330345514e-01 5.623013001392417332e-01
5.343396174066071813e-01 5.788684563061986532e-01
3.748173661787678745e-01 7.423456787531762524e-01
2.849128485525294074e-01 8.190109489040149349e-01
3.232186359080511662e-01 5.005184452550300866e-01
3.381033233038526209e-01 5.076149598934049934e-01
2.304158824167663044e-01 6.857002677171823990e-01
1.549833455791096160e-01 7.892917025667200992e-01
1.447101466867289354e-01 4.665632425238169789e-01
1.607006697935922102e-01 2.690504077236421931e-01
1.455152466107770548e-01 1.403688841078797878e-01
1.518589385661690550e-01 0.000000000000000000e+00
