1.339502726198699423e-01 8.294554820378127191e-01
4.316954157979012718e-01 7.281550300200487769e-01
7.202984361361778332e-01 6.461892025132137674e-01
8.978186719203133936e-01 7.926554496320233900e-01
9.276086400701624157e-01 9.588043666801049358e-01
6.133340486062390795e-01 1.720686310262576138e-02
7.317786893132568471e-01 0.000000000000000000e+00
8.584926066455906835e-01 4.462584947805068279e-03
1.000000000000000000e+00 1.964657549219404192e-02
3.823415853023229838e-01 2.488422907317519236e-02
7.393348257272837065e-01 6.666854116355566129e-01
7.012845628767948591e-01 9.167890841370379684e-01
6.274751662086704984e-01 9.847769731521882619e-01
1.673782893838325903e-01 2.513410667456293934e-01
5.355355700212391934e-01 9.372321133677614657e-01
4.440213233352617861e-01 9.606065992624741590e-01
3.398664326280594894e-01 8.394017058525149455e-01
0.000000000000000000e+00 5.557718455922978640e-01
3.510285041994804511e-01 9.983534600364994960e-01
3.454326420860507896e-01 1.000000000000000000e+00
2.698958859585940395e-01 8.920077072372287752e-01
