2.420524935346294593e-01 1.000000000000000000e+00
7.914388611654639416e-02 8.536571107847698014e-01
0.000000000000000000e+00 6.939667597383926134e-01
1.135455446774385202e-01 5.786924188516383571e-01
3.026611118794246824e-01 5.456444151327821679e-01
1.307421105761232272e-01 4.498314797629061057e-01
1.570846363194043360e-01 2.409716200525028884e-01
1.943844364147028769e-01 1.090646508341181764e-01
2.426119067055186873e-01 0.000000000000000000e+00
3.015507164948372232e-01 4.764484086489626513e-01
3.032427521192719855e-01 3.669045668874580390e-01
2.578901424242556195e-01 5.665985355855884809e-01
2.306995390326252726e-01 6.477600833753446308e-01
4.563446234229139864e-01 5.169725865960085320e-01
4.872731108464408156e-01 3.960939461107616522e-01
4.023727970950753963e-01 5.720852053907500290e-01
3.446503444932221272e-01 6.931477380724231363e-01
6.053235650474934060e-01 5.811416282605731398e-01
7.965441889699416134e-01 4.312990231473090574e-01
9.149736530192622563e-01 3.445534778656282882e-01
1.000000000000000000e+00 2.460782119781714516e-01
