6.823723619068952639e-02 1.766414958986471107e-01
0.000000000000000000e+00 3.651792097422201094e-02
2.170722997430868037e-02 0.000000000000000000e+00
4.136689873655771676e-02 1.516017361122625751e-01
1.043882874446733083e-01 3.323242062243602080e-01
4.440022611582232215e-01 1.108431278390391572e-01
6.692847914348014626e-01 3.017497943145778794e-01
8.527908552166177936e-01 4.633704510252606434e-01
1.000000000000000000e+00 6.075225826065924206e-01
4.639018969329883890e-01 3.047033631639151641e-01
3.476859699240418822e-01 4.818567325484036101e-01
1.638413985982540011e-01 3.714700653497165495e-01
1.546102326430915941e-01 2.978775275558560032e-01
4.151533408640505907e-01 4.440764042583167370e-01
3.236830231457829554e-01 6.049908146255252861e-01
1.889164941166445177e-01 4.797544676071802683e-01
1.562455890968094119e-01 3.711187607462677063e-01
3.512320411616290938e-01 5.425993737920561388e-01
3.770803328782426078e-01 7.811638687280387794e-01
3.466003586042608053e-01 9.069697485444232488e-01
3.414036640700542913e-01 1.000000000000000000e+00
