6.806948769802617649e-01 1.000000000000000000e+00
4.135644930922877105e-01 9.318358069323899873e-01
1.872782783788387584e-01 7.689986895006656331e-01
1.327335584218181375e-01 5.944692240972799802e-01
2.678154769444456851e-01 4.744275087445530281e-01
2.058345381245441086e-01 4.846034082451618485e-01
9.057478368355995069e-02 2.597516916235988460e-01
3.495405050077091819e-02 1.255295496768255581e-01
0.000000000000000000e+00 0.000000000000000000e+00
4.008475760765591867e-01 4.514509826851222374e-01
3.396152821395344579e-01 2.933655497753023811e-01
3.539753742132458747e-01 4.695729088350759084e-01
3.843730208301484597e-01 6.066562050817830842e-01
6.084237836704564639e-01 4.484921800876064957e-01
5.578917828143631352e-01 2.850795295080135738e-01
5.418708259990303588e-01 4.560331734347392030e-01
5.555408020196813679e-01 5.978379128214936777e-01
8.126749859137704091e-01 4.747053625367630980e-01
9.045704901134323794e-01 2.799648892230367503e-01
9.565076196674339171e-01 1.535346079770018857e-01
1.000000000000000000e+00 2.418872610753291033e-02
