2.593031964761770003e-01 9.111685527997086531e-01
6.173760926836677210e-02 6.899951298089648244e-01
0.000000000000000000e+00 4.350243486293924322e-01
2.242693556742234376e-02 2.688080312101563951e-01
6.452510768774930017e-02 1.894132187311175497e-01
1.460216201036086958e-01 4.626876849288751870e-01
2.345082652264903200e-01 1.971171446074612144e-01
3.310236989117620321e-01 8.028837857060125427e-02
4.090500856838081845e-01 0.000000000000000000e+00
3.059521751915259546e-01 6.262177221925814274e-01
4.330943015715889577e-01 4.286812387868154106e-01
4.986494605698603144e-01 3.094715679921928309e-01
5.402609147404332512e-01 2.378739453152436956e-01
4.454052852855548972e-01 8.131684011586124416e-01
5.801268933428008756e-01 6.308809184798863656e-01
6.316636276411899953e-01 5.109718845313522273e-01
6.656066865045071612e-01 4.059855438589309862e-01
5.751569581213060722e-01 1.000000000000000000e+00
7.836974552245673520e-01 9.195285822534332576e-01
9.032191971635429306e-01 9.012295488026167423e-01
1.000000000000000000e+00 8.775191144532106247e-01
