3.756374272801860092e-02 1.000000000000000000e+00
0.000000000000000000e+00 7.518909801907621704e-01
1.478068403942323430e-02 5.479389878949638693e-01
7.793908268389926342e-02 4.270373103198505382e-01
1.859661169240885981e-01 4.837575301322785126e-01
4.736804545481185236e-01 4.295320326938658062e-01
6.205555790588606069e-01 2.353914472480223008e-01
7.375928446899360225e-01 1.001684368414538923e-01
8.431255516949393014e-01 0.000000000000000000e+00
5.720666574306065844e-01 5.752852296399280085e-01
4.809453562276647109e-01 4.034736698338831085e-01
2.483517794330342976e-01 5.440044274664134205e-01
1.699418645339871581e-01 6.617629570827143759e-01
5.900626920974506584e-01 7.451290107714413358e-01
5.123405074340023901e-01 6.224199163070988083e-01
2.844899249539744046e-01 7.022913363477361059e-01
1.884067614067107266e-01 7.816752622577429754e-01
5.556635722581916292e-01 9.126241895926340275e-01
7.464772909890348140e-01 9.361774336218279258e-01
8.627520645327756421e-01 9.615858043076365158e-01
1.000000000000000000e+00 9.761046698177899827e-01
