1.364529200523965091e-01 1.000000000000000000e+00
0.000000000000000000e+00 7.568049846747237908e-01
3.970378308263203260e-02 5.662540265803575057e-01
1.690829065377517926e-01 4.558904317574467568e-01
3.247287415084950113e-01 4.325175668274257590e-01
7.491390148322725484e-02 4.057460113769827958e-01
2.112874357215433763e-01 2.040751584536471541e-01
2.854019945639308942e-01 8.963552923846626608e-02
3.382745270211323652e-01 0.000000000000000000e+00
2.465990173728045687e-01 4.258970767251671896e-01
4.680959893477995015e-01 3.597410822756982873e-01
4.615945328644488477e-01 4.496170566661727430e-01
3.993353250744509086e-01 5.026348477095543554e-01
4.225304841758462659e-01 4.978327088620900231e-01
5.921442252467432610e-01 4.540967527738664633e-01
5.675269073987253554e-01 5.377815929771134762e-01
4.991680989500482668e-01 5.789411702588665998e-01
5.715502064844545371e-01 5.912348715058869386e-01
7.799062698943848293e-01 4.584778571232180355e-01
9.133831979738583629e-01 3.989529127027402478e-01
1.000000000000000000e+00 3.411929359443117149e-01
