8.834230653049295334e-01 5.467252228153042237e-01
7.796889439112907327e-01 7.127330955792863243e-01
6.671820448733909448e-01 8.378760142056740357e-01
8.140648337898070963e-01 8.269493554591781370e-01
1.000000000000000000e+00 7.185959083419553028e-01
0.000000000000000000e+00 6.052939057251467414e-01
5.755204103329916721e-02 7.470588826602242438e-01
1.923842699916302745e-01 8.902392395444623796e-01
3.436241637846744190e-01 1.000000000000000000e+00
6.118757795227611207e-02 4.326472742859901466e-01
4.791690168355278168e-01 6.224821160135007858e-01
7.468055254621742689e-01 6.633254764543695670e-01
9.127298032378522441e-01 6.411251705933066480e-01
2.806983023678450428e-01 3.074021579052724218e-01
6.124955028226549691e-01 4.211833172063167430e-01
7.585188151513690968e-01 4.616018775098794102e-01
8.502413256770000594e-01 4.732814613025441708e-01
5.588112506899037824e-01 2.238252439498246982e-01
7.161283565820932839e-01 1.858970325668936052e-01
8.466406986832033521e-01 9.795881238142857550e-02
9.573420910121944738e-01 0.000000000000000000e+00
