3.026235243561094523e-01 1.000000000000000000e+00
6.086709628622898327e-01 9.192490053036918018e-01
8.260670663277244197e-01 7.576454368254084137e-01
8.848314590017983816e-01 5.942761186005879326e-01
7.093463032860407580e-01 5.323142524151459609e-01
7.485602711887655580e-01 4.735757708360815443e-01
8.743625333892653950e-01 2.868506436542500593e-01
9.484679189782007080e-01 1.593890318230887504e-01
1.000000000000000000e+00 4.898463760191294064e-02
5.654258138240876308e-01 4.502260291027833095e-01
6.682072990395775403e-01 3.396363656379219886e-01
6.258613814276084986e-01 5.623314977166909978e-01
5.752622291961344558e-01 6.983378871912964136e-01
3.797994185240006759e-01 4.488888630354270215e-01
4.671123847576938992e-01 3.300082445438927148e-01
4.796162501311280191e-01 5.345638788899582661e-01
4.529931892030787943e-01 6.787962978426390626e-01
1.861053027148525385e-01 4.687101076131585664e-01
7.338118994084862068e-02 2.627909741978489144e-01
2.628763522258061730e-02 1.358004166118583766e-01
0.000000000000000000e+00 0.000000000000000000e+00
