2.306197313400548121e-01 3.328347859579430801e-02
6.022427013412613717e-02 0.000000000000000000e+00
0.000000000000000000e+00 1.079962440865159107e-01
3.918398626552550140e-02 3.267597440372309592e-01
1.141832712022826796e-01 5.493886099872429263e-01
4.442411765305394611e-01 1.525848969203446592e-01
6.999492716053482555e-01 3.771618581060099951e-01
8.508341911352541587e-01 5.344629562207031670e-01
1.000000000000000000e+00 6.833461816114076992e-01
5.547025024583380759e-01 2.943629390706735127e-01
5.428143705684571607e-01 5.094471593910087082e-01
4.233651106342561921e-01 5.024418565562398520e-01
3.805783563013838688e-01 4.831726301479289942e-01
5.709492324823477460e-01 4.071206239648019753e-01
5.471951603204666670e-01 6.665008640538225837e-01
4.773262486730234233e-01 7.271619435712742829e-01
4.625895349590309902e-01 7.483845640616284545e-01
5.687397692532011328e-01 4.922351388725080268e-01
5.794553618072064705e-01 7.296822572401898688e-01
5.870113611220607597e-01 8.727305981030130111e-01
6.303369608135479529e-01 1.000000000000000000e+00
