1.607320556610344342e-01 1.000000000000000000e+00
0.000000000000000000e+00 7.747766496694505900e-01
4.596690856518158286e-02 5.844336601031927536e-01
1.731885802852473899e-01 4.560513328884252537e-01
3.316560751427490294e-01 4.154545513447670535e-01
3.123692396161557513e-02 4.829489198020807117e-01
1.608413822509420499e-01 2.536769060315279822e-01
2.384988147974463624e-01 1.128206091784966919e-01
3.047220101681896720e-01 0.000000000000000000e+00
2.210179960681119826e-01 5.107849603794245574e-01
4.010996543895442579e-01 3.546082757220577197e-01
3.980284499342471305e-01 4.209771131513529996e-01
3.559261481903654989e-01 4.716852728949477158e-01
4.088449467362831324e-01 5.721574801789135467e-01
5.503963551039416924e-01 4.485325592796808869e-01
5.272287480695344586e-01 4.908401203411537628e-01
4.802391221440255320e-01 5.402193871931267877e-01
5.584716478062177192e-01 6.488576445357298050e-01
7.845992754867129326e-01 4.882489411835850279e-01
9.084517278394722561e-01 4.228709529023772506e-01
1.000000000000000000e+00 3.740007386337866890e-01
