0.000000000000000000e+00 2.202782174805793525e-01
1.322579280929273293e-01 6.694496491960631734e-02
2.734056766428655805e-01 0.000000000000000000e+00
3.545951697104522404e-01 3.005980860198158040e-03
4.281444510944054094e-01 1.097509642408686786e-01
5.526507808416794010e-01 3.064783346671181574e-01
7.640029679283848463e-01 4.433254696860707278e-01
8.878331680623532396e-01 5.571978852463745913e-01
1.000000000000000000e+00 6.625379916335656372e-01
4.542993365312710807e-01 4.981761892491405330e-01
5.298283619562198510e-01 4.817733213640353340e-01
3.748905740212021276e-01 3.058842206489376103e-01
2.632293832587369042e-01 1.912641194977940939e-01
3.014806086940234886e-01 6.272047887850659142e-01
3.214879166650396747e-01 5.804449616096049036e-01
2.213599113513068373e-01 3.844461662002895408e-01
1.595675153077240060e-01 2.384824755412757735e-01
1.294847112706160597e-01 7.081018466185338145e-01
1.469025937208234545e-01 8.516310000488381826e-01
1.500243323269706275e-01 9.305055845968274175e-01
1.746716922810764017e-01 1.000000000000000000e+00
