2.124797805401320017e-01 1.000000000000000000e+00
5.379021148205391789e-01 9.178913099882094473e-01
7.641686177987231376e-01 7.547036196581945466e-01
8.294144904296222309e-01 5.663689862806727815e-01
6.526989104985233547e-01 4.509667841757364348e-01
7.513868699976206100e-01 5.053630201542836931e-01
8.864031255436010115e-01 2.814511768561372973e-01
9.597342828065109632e-01 1.461655968080509960e-01
1.000000000000000000e+00 2.762872417026742550e-02
5.525091125031741379e-01 4.619278595839068080e-01
6.378869689705021218e-01 2.913809089615980175e-01
5.886794518301985413e-01 4.726892298878277443e-01
5.469616325126914758e-01 5.934717037424386277e-01
3.372103543629045852e-01 4.407642065616037552e-01
4.039413200782985269e-01 2.651712676380073019e-01
3.992008689619044315e-01 4.384712230827809143e-01
3.586262364112233203e-01 5.813786692752138663e-01
1.134386678050214176e-01 4.510401153812139685e-01
4.965464462737210344e-02 2.525859028484911950e-01
2.483269584133947216e-02 1.264842135818105839e-01
0.000000000000000000e+00 0.000000000000000000e+00
