0.000000000000000000e+00 8.497585789550448077e-01
2.373580719787716231e-01 9.589860206449810631e-01
5.683561337975897576e-01 1.000000000000000000e+00
8.055370100442001968e-01 9.648632983109238781e-01
9.932254176580209704e-01 9.020961417106868607e-01
1.000000000000000000e+00 7.124899369820828499e-01
8.599690154335837278e-01 8.007251343390807685e-01
6.498722051213406958e-01 8.322308030760453557e-01
5.037839243423597457e-01 8.468547273673024955e-01
8.898736753521834242e-01 5.358822209883208343e-01
5.658040763795895156e-01 6.689799270893457273e-01
3.393021231120836867e-01 7.362697911095985592e-01
2.290101231976643115e-01 7.431465776113188593e-01
6.487577372269580644e-01 4.313312573085199553e-01
3.835061494599370513e-01 5.042455670022447656e-01
2.184049860574936996e-01 6.085056215822750580e-01
1.092825876940581309e-01 6.701380803849772416e-01
3.546528691719473270e-01 3.818033586080032959e-01
3.339313917874441318e-01 2.470585891536171974e-01
3.092658007299586287e-01 1.207204529872008547e-01
2.807167155920723967e-01 0.000000000000000000e+00
