0.000000000000000000e+00 5.517053018943867126e-01
1.762056590476695772e-01 3.634190517893395866e-01
3.933509321127039993e-01 1.939488431546868841e-01
5.710156143816284002e-01 9.035866406592094058e-02
7.437968678256555721e-01 0.000000000000000000e+00
6.298568679405134318e-01 3.563488272317538730e-01
7.897892986914679669e-01 2.118864694876796406e-01
9.013221509161419842e-01 9.698570032155479081e-02
1.000000000000000000e+00 2.821720649832588218e-02
5.693972121805139786e-01 5.720371181260477389e-01
5.723457780021456998e-01 1.644876575154032294e-01
3.158399132768323625e-01 1.099219776282791272e-01
2.222404779400403707e-01 1.981336995607924367e-01
4.146548807898284283e-01 7.267938732092229515e-01
3.865378909304116872e-01 3.689354634679263278e-01
1.659757600651736442e-01 3.165773213203649794e-01
9.809245676352923438e-02 4.200168960011322894e-01
2.231384477723451221e-01 8.474260136494919937e-01
1.850417303284689063e-01 8.094301359199252976e-01
1.305326971665381752e-01 8.637510007121089739e-01
1.366646858240492257e-01 1.000000000000000000e+00
