7.446174865087312744e-01 1.000000000000000000e+00
4.665249297362145109e-01 9.071440427506566317e-01
2.512556030776240679e-01 7.607109094626547385e-01
2.936583953389212409e-01 5.917811236228848193e-01
4.827711193900405262e-01 5.174776382565794419e-01
2.608830259141548535e-01 4.922728143795869205e-01
1.185140035764790933e-01 2.991302923779300404e-01
4.386151014214926397e-02 1.760576493600695125e-01
0.000000000000000000e+00 6.227474552857619611e-02
4.496093308187870674e-01 4.575226145438949232e-01
3.763114351733795604e-01 3.396870108156674894e-01
4.385924115342026419e-01 5.576519497329071040e-01
4.693711860545418668e-01 6.533020304687463531e-01
6.329843928128572328e-01 4.475440865529631829e-01
5.904932021328033187e-01 3.306413165750048955e-01
5.963133885768741038e-01 5.346612880591113948e-01
6.205996879622200924e-01 6.617250956387354943e-01
8.373821536780307051e-01 4.557309374260866686e-01
9.273762358790004212e-01 2.499017777669258478e-01
9.743862846196426064e-01 1.322703874950333924e-01
1.000000000000000000e+00 0.000000000000000000e+00
