1.740980755240667532e-01 1.000000000000000000e+00
0.000000000000000000e+00 7.663666691760007144e-01
3.623205314004974281e-02 5.809644064170275124e-01
1.493172248830388904e-01 4.672972689200486363e-01
2.824292511640373871e-01 4.241223934292427389e-01
9.055564865317283774e-02 4.084125424440649410e-01
2.160313134149163261e-01 2.043451430518520850e-01
2.839762913540907485e-01 8.809481122543989795e-02
3.343432406398494927e-01 0.000000000000000000e+00
2.745668677861037299e-01 4.218600306667036337e-01
4.365985443343816663e-01 3.605922457615366450e-01
4.233697665705998814e-01 4.479509966678685284e-01
3.724298193779352895e-01 5.068685095744301927e-01
4.562447542325955285e-01 4.904191809533620661e-01
5.753277644159002779e-01 4.505064067260718397e-01
5.439939497631216536e-01 5.270440506991136420e-01
4.812684610280862363e-01 5.725931194060009943e-01
5.993158686616224529e-01 5.781163948001315500e-01
7.950330162061914896e-01 4.585240262132960209e-01
9.206063920949396628e-01 4.069246724328521858e-01
1.000000000000000000e+00 3.599457785737209536e-01
