6.595828630991849018e-01 0.000000000000000000e+00
9.006937315602961958e-01 1.347348347473009966e-01
9.799762865498546915e-01 3.711563980690874009e-01
9.493648516526500547e-01 6.018857688372002412e-01
8.741973094105975894e-01 7.670572455370779918e-01
9.714077283865300005e-01 2.827532570598148554e-01
1.000000000000000000e+00 6.330200099498837218e-01
9.831202403384392552e-01 8.345254150657204217e-01
9.344027852707937898e-01 1.000000000000000000e+00
7.701885797575782622e-01 2.724061445916322044e-01
7.130347469212384715e-01 7.036383878608741815e-01
7.194898555138979912e-01 6.624073936506551519e-01
7.315944188265111059e-01 5.709076448922155711e-01
5.527004670134486597e-01 2.598224072914383509e-01
5.054071838607737677e-01 6.789599505925060230e-01
5.298680997703365536e-01 6.490402110003222758e-01
5.431294211288923979e-01 5.468003190241544909e-01
3.612958922787253280e-01 2.580162302230546989e-01
1.880874933640413194e-01 5.497157432482214778e-01
9.676646525918491948e-02 6.873267599853082332e-01
0.000000000000000000e+00 7.701008610597970261e-01
