4.289032273042167054e-01 6.509315639499756445e-01
2.981204830392583105e-01 7.931863197590645065e-01
1.728644262991122504e-01 8.820848245557905143e-01
2.478124235183946644e-01 9.584208426703023642e-01
4.088658098742006253e-01 1.000000000000000000e+00
1.329315970757391219e-01 1.472644607661456884e-01
1.195854792151309215e-01 3.698269706785909383e-01
6.103574117558205336e-02 5.111835612746976620e-01
0.000000000000000000e+00 5.948109154210511340e-01
3.022698515626536797e-01 0.000000000000000000e+00
3.313488975229588740e-01 5.571650586067056210e-01
3.442070406002707972e-01 8.406372348084318880e-01
3.507261093417775033e-01 8.786292220681283238e-01
4.881334467066940630e-01 3.766655283853363040e-02
5.418425563004486412e-01 5.158688877301931264e-01
5.092145754163369675e-01 7.246896599495397107e-01
4.859372586836936958e-01 7.138827451966744952e-01
6.508927096914098875e-01 1.375111425915941654e-01
7.886316950400310555e-01 2.510686434326341310e-01
8.970169319109353445e-01 2.523905491816728630e-01
1.000000000000000000e+00 1.711308835576212106e-01
