2.553825134912687811e-01 1.000000000000000000e+00
5.334750702637854891e-01 9.071440427506566317e-01
7.487443969223759321e-01 7.607109094626547385e-01
7.063416046610787591e-01 5.917811236228848193e-01
5.172288806099594183e-01 5.174776382565794419e-01
7.391169740858452020e-01 4.922728143795869205e-01
8.814859964235208789e-01 2.991302923779300404e-01
9.561384898578507707e-01 1.760576493600695125e-01
1.000000000000000000e+00 6.227474552857619611e-02
5.503906691812129326e-01 4.575226145438949232e-01
6.236885648266204951e-01 3.396870108156674894e-01
5.614075884657973026e-01 5.576519497329071040e-01
5.306288139454581332e-01 6.533020304687463531e-01
3.670156071871427117e-01 4.475440865529631829e-01
4.095067978671966813e-01 3.306413165750048955e-01
4.036866114231258407e-01 5.346612880591113948e-01
3.794003120377799076e-01 6.617250956387354943e-01
1.626178463219692671e-01 4.557309374260866686e-01
7.262376412099952327e-02 2.499017777669258478e-01
2.561371538035737624e-02 1.322703874950333924e-01
0.000000000000000000e+00 0.000000000000000000e+00
