6.300903719496880884e-01 0.000000000000000000e+00
9.314454381099088742e-01 1.818521095804234156e-01
1.000000000000000000e+00 4.972524530928669750e-01
8.432445954054826887e-01 7.314184245448137611e-01
6.578696403845413210e-01 7.722325752864004356e-01
8.360385254573480251e-01 3.733912677653937751e-01
6.316637768480189985e-01 6.721443369378575783e-01
4.677891062108026077e-01 8.613782912938546810e-01
2.894117908301767628e-01 1.000000000000000000e+00
5.797637890779491210e-01 3.368970427488548469e-01
4.763170852459772120e-01 7.040385163154594395e-01
5.628735322611929659e-01 6.916824994479346955e-01
6.254520826460656657e-01 6.129167632828994572e-01
3.701501892611120392e-01 3.274892505566130985e-01
3.333587913262711644e-01 6.868131564482959917e-01
4.390004900383266406e-01 6.684766427426837021e-01
5.149125240371957846e-01 5.755545464740006167e-01
2.125153063378794893e-01 3.480138772763916588e-01
1.048466691440546189e-01 6.670459933181096535e-01
5.299327959453828396e-02 8.430833407978247651e-01
0.000000000000000000e+00 9.680832544476664081e-01
