1.000000000000000000e+00 2.362914508968441407e-01
8.761801388116270406e-01 8.003450639998840876e-02
7.389702902832647746e-01 0.000000000000000000e+00
6.602218504912278352e-01 2.333770233905329335e-03
5.932516530532866428e-01 1.088861167805159902e-01
4.532913273812661514e-01 2.864746987608292050e-01
2.408040509935892026e-01 4.183703333130875945e-01
1.151376431922740140e-01 5.316861930194860530e-01
0.000000000000000000e+00 6.363995319761023284e-01
5.397056698331118563e-01 4.688678692633439504e-01
4.720829323805409983e-01 4.531078221974002562e-01
6.413575297688597354e-01 2.941209379597594098e-01
7.616223199108894670e-01 1.944828694124915158e-01
6.831017970291070052e-01 5.933404468940586263e-01
6.628401410724369391e-01 5.510409961764312081e-01
7.683066586620359573e-01 3.698324407839196359e-01
8.404300994048194973e-01 2.351280997987765520e-01
8.485623268821569365e-01 6.712747876983078399e-01
8.298349136708969009e-01 7.984746695303001074e-01
8.362624197012531457e-01 9.003351567672808198e-01
8.289976009712565208e-01 1.000000000000000000e+00
