5.843407948256575946e-01 9.795627238543677118e-01
4.168617974585483998e-01 9.316550996953907315e-01
2.665622864324819763e-01 9.086816442207915623e-01
1.983153600954582763e-01 1.000000000000000000e+00
2.419725367220940115e-01 9.507525969896120088e-01
2.987742506427648603e-01 8.441527286522432227e-02
2.041588795187133931e-01 1.435363969070439505e-01
9.586389110765422550e-02 2.113485098691184061e-01
0.000000000000000000e+00 3.264241600928333153e-01
4.369998302607355778e-01 0.000000000000000000e+00
3.281812066232201452e-01 6.463335304553519123e-01
3.616983201163620487e-01 9.860462716043872922e-01
4.266048609639228051e-01 9.659295047030338477e-01
5.877612936807350419e-01 1.305893855371946799e-01
5.211242149559019987e-01 6.023784352231011940e-01
5.260154406249971659e-01 7.844933778159624005e-01
5.646379604177548250e-01 7.925342824944490161e-01
7.234711055317460948e-01 3.565623500663891998e-01
7.969129154338769894e-01 4.694584537451323980e-01
8.906054222033821244e-01 4.304125336130234514e-01
1.000000000000000000e+00 3.260079722839003269e-01
