2.660443391207444885e-01 1.000000000000000000e+00
5.513296608407969313e-01 9.005315520216735647e-01
7.473363975082479849e-01 7.520347786894180375e-01
7.162284139575472164e-01 5.821409543685860388e-01
5.246687980675461827e-01 5.013951403407567176e-01
7.429704289875402878e-01 4.920394573270281957e-01
8.839047718900486794e-01 2.921894921718554139e-01
9.599019717365804283e-01 1.637357206632887308e-01
1.000000000000000000e+00 4.939581886568758518e-02
5.583163092915098824e-01 4.565076542266346959e-01
6.251315147291918173e-01 3.294217105931949163e-01
5.524854795835114629e-01 5.515669149284058159e-01
5.206618910833700209e-01 6.501363786120123445e-01
3.767103782404817025e-01 4.474017026811533126e-01
4.167524927134659274e-01 3.283082683284403447e-01
4.032950105440703537e-01 5.324955877507878688e-01
3.767812290824049115e-01 6.591171582298093190e-01
1.718365843072367227e-01 4.592828701849531736e-01
8.267223049896391118e-02 2.466380559403388018e-01
2.983404191805934247e-02 1.283339273488414145e-01
0.000000000000000000e+00 0.000000000000000000e+00
