3.606307471030629208e-01 0.000000000000000000e+00
1.043986361500617716e-01 1.488722575061845743e-01
1.784469221030389810e-02 4.045922197481491289e-01
3.224779733258818781e-02 6.570044521593400022e-01
9.010443232090857568e-02 8.619913997818714479e-01
2.787815686953758892e-02 2.509822565031216146e-01
0.000000000000000000e+00 5.996539684033498352e-01
7.568544177273697424e-03 8.210972436868574365e-01
4.428684485776323426e-02 1.000000000000000000e+00
2.453915518242880400e-01 2.393134360699759600e-01
2.806078185003966774e-01 6.853876168446921824e-01
2.717793495205185206e-01 6.899523402764602409e-01
2.658661432769719446e-01 6.147226865877087887e-01
4.664653874752029417e-01 2.389921879984439890e-01
5.027764088028225942e-01 6.694347966386171578e-01
4.555511429372535170e-01 6.669052694965544870e-01
4.354907209016797287e-01 5.726867467922499566e-01
6.540052804686774524e-01 2.445949392376621234e-01
8.269772809701210203e-01 5.465566724701421686e-01
9.067814500331584648e-01 6.759184347395360559e-01
1.000000000000000000e+00 7.372449327319867685e-01
