3.699096280503119671e-01 0.000000000000000000e+00
6.855456189009111190e-02 1.818521095804234156e-01
0.000000000000000000e+00 4.972524530928669750e-01
1.567554045945172558e-01 7.314184245448137611e-01
3.421303596154586790e-01 7.722325752864004356e-01
1.639614745426519193e-01 3.733912677653937751e-01
3.683362231519810015e-01 6.721443369378575783e-01
5.322108937891973923e-01 8.613782912938546810e-01
7.105882091698232372e-01 1.000000000000000000e+00
4.202362109220509345e-01 3.368970427488548469e-01
5.236829147540228435e-01 7.040385163154594395e-01
4.371264677388070341e-01 6.916824994479346955e-01
3.745479173539343343e-01 6.129167632828994572e-01
6.298498107388880163e-01 3.274892505566130985e-01
6.666412086737288911e-01 6.868131564482959917e-01
5.609995099616733594e-01 6.684766427426837021e-01
4.850874759628042154e-01 5.755545464740006167e-01
7.874846936621204829e-01 3.480138772763916588e-01
8.951533308559453950e-01 6.670459933181096535e-01
9.470067204054617438e-01 8.430833407978247651e-01
1.000000000000000000e+00 9.680832544476664081e-01
