6.137255163249292211e-01 1.000000000000000000e+00
4.206284840543887404e-01 9.748736566267879322e-01
2.418238997608809226e-01 9.067595871050035949e-01
2.258105752865648408e-01 9.123304373144494051e-01
3.593732761794496411e-01 9.174086523546834959e-01
3.077562782706570466e-01 3.263628923100386769e-01
1.867663109837351954e-01 1.821169750727471004e-01
8.685405926037949309e-02 8.674072658704781724e-02
0.000000000000000000e+00 0.000000000000000000e+00
4.491596123022991160e-01 2.068647432664527941e-01
3.429233021490967759e-01 5.206291518702805821e-01
3.905910852833294755e-01 8.629739826238866929e-01
4.591982134866141596e-01 8.845316456354344048e-01
6.026357332427597635e-01 2.654831290868788218e-01
5.472783933775540177e-01 4.819403933109069338e-01
5.306747087866658941e-01 7.350305199835701631e-01
5.564985478070832992e-01 8.199357797847136586e-01
7.415293395032421797e-01 4.099283534286887742e-01
8.261576946390962739e-01 3.304441385513666174e-01
9.040604380007214447e-01 2.110547418626375349e-01
1.000000000000000000e+00 4.063059468040672306e-02
