4.469676510323384866e-01 0.000000000000000000e+00
9.022648319018151952e-02 9.071232308569651681e-02
0.000000000000000000e+00 3.399603581749810477e-01
1.405160026712126975e-01 5.610844595124103718e-01
3.020682282111245565e-01 7.085356517210074090e-01
4.041814050382697143e-01 2.465271808127779685e-01
5.777341331639107569e-01 5.053892627078694355e-01
7.461659659158264013e-01 7.146457735279898582e-01
9.083849799921162038e-01 8.825761640264905283e-01
6.360207183018825594e-01 3.152853114258397649e-01
7.256717306857505267e-01 6.226088612982215720e-01
8.568244529941139165e-01 8.515300321788414895e-01
1.000000000000000000e+00 1.000000000000000000e+00
7.762027348307298791e-01 3.644519047486999841e-01
6.164173382606576990e-01 6.455995524621214177e-01
4.312055343955840114e-01 6.059345789322025944e-01
3.486121987973455072e-01 5.118645763882776478e-01
8.464319879920566558e-01 4.175801487050698757e-01
6.550031377786691422e-01 6.429039565868966966e-01
5.152883636353182695e-01 6.058521123619077242e-01
4.625347874047145980e-01 5.284276976756242528e-01
