3.650964112740275880e-01 1.000000000000000000e+00
5.602526489407300136e-01 9.549117945980304389e-01
7.400836130849735017e-01 8.592456064654361292e-01
7.982625616085131659e-01 7.565018204542682811e-01
6.929507487181246761e-01 6.896716435906589115e-01
7.394201199608170239e-01 4.871652150901151224e-01
8.611783714892926600e-01 2.625984811181085732e-01
9.401521676238108194e-01 1.261018294320833955e-01
1.000000000000000000e+00 0.000000000000000000e+00
5.686486109961340629e-01 4.494140246651114889e-01
6.607834959454461643e-01 3.805278890018437554e-01
6.142644195992823519e-01 6.280946629694945660e-01
5.623682661617281919e-01 7.585656739895667577e-01
3.935539831552204437e-01 4.611066501142551122e-01
4.452548165382880785e-01 4.039515044005974054e-01
4.611067191323869330e-01 6.152891407780777255e-01
4.577143458204571136e-01 7.575234383935609550e-01
2.316842381791550387e-01 5.043553821120557723e-01
1.317601784763250683e-01 3.075922759211411339e-01
6.001121165115628348e-02 1.712979513030522261e-01
0.000000000000000000e+00 2.439815853007590990e-02
