0.000000000000000000e+00 4.644747103249512454e-01
1.413983200861067546e-01 2.456899617484853415e-01
2.858354158617888996e-01 9.529541157877673141e-02
3.853070099181016839e-01 0.000000000000000000e+00
3.865771994005822720e-01 1.054277179610290660e-01
5.873547557903965322e-01 4.430458904093189654e-01
7.605513482107140177e-01 4.980220731760390818e-01
8.955731199539128662e-01 5.396084652761062861e-01
1.000000000000000000e+00 5.918676482663439709e-01
5.200959090260667272e-01 6.908370869131482683e-01
5.528964509443731190e-01 4.608518092181939085e-01
3.651846785413000451e-01 2.626154717862861365e-01
2.584578218509280823e-01 2.559667024923976686e-01
3.603330968555759628e-01 8.706787823457970976e-01
3.331191708255629158e-01 6.292157967671209162e-01
2.336049313689707307e-01 4.276738772112154141e-01
1.835073329552975030e-01 3.834078086948218278e-01
1.644843356531153211e-01 9.883325767723912803e-01
1.360627849814810830e-01 1.000000000000000000e+00
1.397728663541071559e-01 9.527914422746348588e-01
1.537285222567918441e-01 9.617670765992250015e-01
