1.199175942574097764e-01 1.842168752016961342e-01
9.847155081473393801e-03 0.000000000000000000e+00
0.000000000000000000e+00 3.547317206706317779e-03
1.227884560776865835e-02 2.053564731770212426e-01
6.316917333199631446e-02 4.400534038933272551e-01
4.168817259710397849e-01 1.199491861125452086e-01
6.909637643448308664e-01 3.354888872272500655e-01
8.457013904460281006e-01 5.227916484292847166e-01
1.000000000000000000e+00 6.933580520667221858e-01
5.164488838193851405e-01 3.462367779220894559e-01
3.397249933497581420e-01 4.991174048048986900e-01
1.466109454547086521e-01 4.262518294508784167e-01
1.164249599708828548e-01 3.691778586296910469e-01
5.126301981176295541e-01 5.059072987586751280e-01
2.965258889001853859e-01 6.322578779441297980e-01
1.813339510823839262e-01 4.940281815220823880e-01
1.815875810157298598e-01 3.834062425363070070e-01
4.764223973646008470e-01 6.163150553193225134e-01
4.341319658671984882e-01 8.258362763734433676e-01
4.061212555347111786e-01 9.225196517271641028e-01
4.321417678362271531e-01 1.000000000000000000e+00
