9.496245458685017571e-01 4.902576971916695614e-01
8.298723775170916417e-01 4.930637667725489837e-01
7.497273757526168314e-01 5.497439607519527538e-01
7.923215892186366016e-01 7.740068352493886250e-01
8.580170945083861467e-01 1.000000000000000000e+00
3.748662657537104592e-01 4.712983582590084541e-01
1.940780232441172148e-01 2.674489146121353800e-01
9.132750484394133728e-02 1.358085678004740116e-01
0.000000000000000000e+00 7.235755815048852679e-02
4.303778389423374984e-01 5.236023346860646521e-01
4.588208218338976074e-01 0.000000000000000000e+00
6.863521795185556496e-01 4.044892591629645207e-02
7.066156122617890389e-01 2.432112860744039817e-01
5.794989418087507227e-01 5.620296997991627297e-01
7.174843821765776175e-01 7.249057044564770347e-02
8.962722466706164459e-01 1.325013470791931713e-01
8.781896982095379611e-01 3.545373018474767268e-01
7.538484692947925447e-01 6.033132496071803574e-01
8.877120482420686187e-01 2.883393810595013540e-01
9.982897154648620042e-01 4.024330322658437042e-01
1.000000000000000000e+00 6.686957635772394770e-01
