8.720323045362821102e-01 7.380174436560964502e-01
5.843461652189669842e-01 8.077676117060600403e-01
3.348578065293605910e-01 8.265657295464677867e-01
1.603762943852020395e-01 9.159163229969212727e-01
0.000000000000000000e+00 1.000000000000000000e+00
2.838654152305497003e-01 5.168168751511052067e-02
1.654833685343201632e-01 4.232727887629426644e-01
8.747010624819739899e-02 7.045643907367785674e-01
3.173595160432328421e-02 9.098410897184167068e-01
5.124500396238511613e-01 0.000000000000000000e+00
4.143005353282958048e-01 7.731382789168218528e-01
4.471348450473339731e-01 9.903728682809711525e-01
4.889304276974479335e-01 9.580183939594248965e-01
7.670993230591893752e-01 1.067296848207210797e-01
6.700569094075293775e-01 8.266325302804372610e-01
6.869247598008692002e-01 9.246881817203564946e-01
7.117132567312639546e-01 8.201243499855358499e-01
1.000000000000000000e+00 2.693339910923038261e-01
9.050749821043794219e-01 8.096039331377757886e-01
9.058339844323262113e-01 9.086571235715753536e-01
9.345298030305272396e-01 8.142950775685091624e-01
