3.796200066210064228e-01 9.921665021185434030e-01
1.868352420122503244e-01 1.000000000000000000e+00
2.422658894135541752e-02 9.227701101782703752e-01
1.751476115946001000e-01 8.415570171837287727e-01
3.832087797633738080e-01 8.474707869604315436e-01
5.860890641675609025e-02 2.533426916657196548e-01
1.843403912766530123e-02 2.067857544022370653e-01
0.000000000000000000e+00 1.107929993367714333e-01
4.531684995307921383e-03 3.848094164880504209e-02
2.494632772144231569e-01 1.183719567081879670e-01
2.637950095752419899e-01 4.081617839775452672e-01
2.603613521279732890e-01 6.929389696156361689e-01
2.737792018491120305e-01 7.719874282168391888e-01
4.327202044203965481e-01 1.715589900095313147e-01
4.905547052591648916e-01 4.330834347663580775e-01
4.345799311567808965e-01 7.025481201991743418e-01
4.056292042877613913e-01 8.000150206270870701e-01
6.013184540859008997e-01 2.906141006027300189e-01
7.577447644054539078e-01 1.995220988239024273e-01
8.787143831345940459e-01 1.345298598461633910e-01
1.000000000000000000e+00 0.000000000000000000e+00
