6.973764756438904922e-01 1.000000000000000000e+00
3.913290371377101673e-01 9.192490053036918018e-01
1.739329336722756358e-01 7.576454368254084137e-01
1.151685409982016600e-01 5.942761186005879326e-01
2.906536967139592975e-01 5.323142524151459609e-01
2.514397288112343865e-01 4.735757708360815443e-01
1.256374666107346050e-01 2.868506436542500593e-01
5.153208102179933359e-02 1.593890318230887504e-01
0.000000000000000000e+00 4.898463760191294064e-02
4.345741861759123692e-01 4.502260291027833095e-01
3.317927009604225153e-01 3.396363656379219886e-01
3.741386185723915014e-01 5.623314977166909978e-01
4.247377708038654887e-01 6.983378871912964136e-01
6.202005814759993241e-01 4.488888630354270215e-01
5.328876152423061008e-01 3.300082445438927148e-01
5.203837498688720364e-01 5.345638788899582661e-01
5.470068107969212612e-01 6.787962978426390626e-01
8.138946972851474060e-01 4.687101076131585664e-01
9.266188100591513654e-01 2.627909741978489144e-01
9.737123647774194035e-01 1.358004166118583766e-01
1.000000000000000000e+00 0.000000000000000000e+00
