5.488771163098167261e-01 1.000000000000000000e+00
6.941229938668331823e-01 8.110786958327972362e-01
7.224753479745859019e-01 6.063232370788286252e-01
6.576125179037055624e-01 4.552304544833321587e-01
5.422991112416908344e-01 3.732619866124609054e-01
1.000000000000000000e+00 4.743366659789470807e-01
8.416968122222630022e-01 2.419291864656604174e-01
7.976247750560064853e-01 1.096012757695273288e-01
7.831493995372580397e-01 0.000000000000000000e+00
9.279316170259649388e-01 4.878398380355846164e-01
4.907552609350325223e-01 3.025479410907007671e-01
4.223110011384920703e-01 4.100550595222873240e-01
4.790588618752065764e-01 4.820911010699206467e-01
7.561969774872379091e-01 5.240583930425606329e-01
3.374214991369495764e-01 3.653094633701252092e-01
2.915370560799148136e-01 4.713061040548075509e-01
3.529940504609056506e-01 5.448581826261570393e-01
5.269921315509199511e-01 5.669479023269754503e-01
2.558749403209812923e-01 3.807783957074555303e-01
1.044903870872966323e-01 2.774814732652821636e-01
0.000000000000000000e+00 1.690021485048280592e-01
