3.401052316967229650e-01 1.000000000000000000e+00
1.445423510705451664e-01 9.303762676322391290e-01
0.000000000000000000e+00 7.807154083378258225e-01
3.953664100324846484e-03 7.193176222636334938e-01
6.019200506063125677e-02 7.356108618413512712e-01
8.252022155694976879e-02 6.010441914957741910e-02
6.781804418011559699e-02 3.043045639005505509e-01
8.459672658329259187e-02 5.709312931652920087e-01
1.120039472335857267e-01 7.123934000348081108e-01
2.683097305122910670e-01 0.000000000000000000e+00
2.718407260749144960e-01 4.343063785938355847e-01
2.566138187073498944e-01 7.752625733836494559e-01
2.544443468129014563e-01 8.848108845515478826e-01
4.433045183505527898e-01 1.153789419170801883e-01
4.866181680318266145e-01 4.172811596632948206e-01
4.248143085563921839e-01 7.218763663260844288e-01
3.820473444799566964e-01 8.553738533473131955e-01
5.896289487436083832e-01 2.867853451313158719e-01
7.521436694546468349e-01 2.462119604205843526e-01
8.816380651922813838e-01 2.396099523722604596e-01
1.000000000000000000e+00 1.534290009211425609e-01
