1.748258067403850036e-01 1.000000000000000000e+00
4.513565771177555086e-01 9.220363903597144084e-01
6.334965794739724210e-01 7.669437382516904878e-01
5.358214646295101913e-01 5.901976368888404156e-01
3.113271961905292873e-01 5.021466822549679465e-01
7.506282189491356727e-01 5.111661107021044925e-01
8.769674728053296064e-01 3.090341843634273888e-01
9.409241944208329711e-01 1.831948855307813928e-01
1.000000000000000000e+00 6.117047940361813180e-02
5.218131638208379774e-01 4.554526278333537181e-01
5.531022889507360984e-01 3.057039931515654341e-01
4.454793360197584207e-01 4.851293887962208062e-01
3.940853043425753821e-01 5.976507736561227357e-01
2.944561762652948000e-01 4.394069547088398919e-01
3.006830495527621494e-01 3.238490715255426533e-01
2.442702335906170308e-01 4.889620202776382429e-01
2.200875516161410195e-01 6.037090935775863976e-01
8.111741265423615121e-02 4.487811586746706105e-01
3.853322540339658431e-02 2.507427188528080220e-01
6.080348686324610168e-03 1.271103138047536274e-01
0.000000000000000000e+00 0.000000000000000000e+00
