9.705234843851295867e-01 8.698838620744137051e-01
8.339574132058957812e-01 5.591771369101948830e-01
5.167134983197775311e-01 3.029604689421800390e-01
1.748128430630835617e-01 2.305562020749664098e-01
4.604063908812579806e-04 3.343989544435587713e-01
9.663959128317521907e-01 3.251328573311272896e-01
7.879454680004878142e-01 1.920684095983946904e-01
6.371353476680532424e-01 7.930186509302010467e-02
5.080266427048593103e-01 0.000000000000000000e+00
1.000000000000000000e+00 4.796970488790089915e-01
3.597663651321211797e-01 3.466285900254097441e-01
1.418786421214170146e-01 3.891944007064195854e-01
9.700648170174433482e-02 4.604623646216964294e-01
9.354165913391863096e-01 6.648878478708307727e-01
2.562166637405186020e-01 5.722348310031497576e-01
1.609097873747060981e-01 5.844465185187501799e-01
2.215308316856692272e-01 6.081401414926285165e-01
8.205125901294058055e-01 8.522791205760268385e-01
2.627994462080635585e-01 8.842552322437282619e-01
7.854877934701273712e-02 9.398198619215831773e-01
0.000000000000000000e+00 1.000000000000000000e+00
