8.635470799476034909e-01 1.000000000000000000e+00
1.000000000000000000e+00 7.568049846747237908e-01
9.602962169173679952e-01 5.662540265803575057e-01
8.309170934622481797e-01 4.558904317574467568e-01
6.752712584915050442e-01 4.325175668274257590e-01
9.250860985167727035e-01 4.057460113769827958e-01
7.887125642784565960e-01 2.040751584536471541e-01
7.145980054360691058e-01 8.963552923846626608e-02
6.617254729788676348e-01 0.000000000000000000e+00
7.534009826271954591e-01 4.258970767251671896e-01
5.319040106522004985e-01 3.597410822756982873e-01
5.384054671355511523e-01 4.496170566661727430e-01
6.006646749255490914e-01 5.026348477095543554e-01
5.774695158241537341e-01 4.978327088620900231e-01
4.078557747532567390e-01 4.540967527738664633e-01
4.324730926012746446e-01 5.377815929771134762e-01
5.008319010499517887e-01 5.789411702588665998e-01
4.284497935155454629e-01 5.912348715058869386e-01
2.200937301056151985e-01 4.584778571232180355e-01
8.661680202614163715e-02 3.989529127027402478e-01
0.000000000000000000e+00 3.411929359443117149e-01
