5.037545413149829149e-02 4.902576971916695614e-01
1.701276224829083861e-01 4.930637667725489837e-01
2.502726242473832241e-01 5.497439607519527538e-01
2.076784107813634261e-01 7.740068352493886250e-01
1.419829054916138256e-01 1.000000000000000000e+00
6.251337342462894853e-01 4.712983582590084541e-01
8.059219767558828407e-01 2.674489146121353800e-01
9.086724951560586350e-01 1.358085678004740116e-01
1.000000000000000000e+00 7.235755815048852679e-02
5.696221610576625016e-01 5.236023346860646521e-01
5.411791781661023926e-01 0.000000000000000000e+00
3.136478204814444060e-01 4.044892591629645207e-02
2.933843877382109611e-01 2.432112860744039817e-01
4.205010581912493328e-01 5.620296997991627297e-01
2.825156178234224380e-01 7.249057044564770347e-02
1.037277533293835124e-01 1.325013470791931713e-01
1.218103017904620111e-01 3.545373018474767268e-01
2.461515307052074275e-01 6.033132496071803574e-01
1.122879517579313952e-01 2.883393810595013540e-01
1.710284535137949861e-03 4.024330322658437042e-01
0.000000000000000000e+00 6.686957635772394770e-01
