7.857672453114179500e-01 1.000000000000000000e+00
6.200634737128098983e-01 6.873363892967300215e-01
5.100034843701551912e-01 3.523359340321644551e-01
5.284178855257530838e-01 8.468205460898464709e-02
6.043189789248211152e-01 0.000000000000000000e+00
2.784576494302776206e-01 5.954459316420254167e-01
1.646304556231731053e-01 3.519049976667690816e-01
7.968083045599451408e-02 1.552309898589817883e-01
0.000000000000000000e+00 2.318719340776909197e-03
3.798299218894569673e-01 7.015494644950547309e-01
4.715770086032379238e-01 1.341192337897360587e-01
6.573856888315106062e-01 1.564513123001103900e-01
6.792757956339542380e-01 2.744246594051968358e-01
5.702686987826984799e-01 7.543470652507938690e-01
6.808371090991572894e-01 2.414787277631713636e-01
7.690917800427903295e-01 2.911453887390309525e-01
7.457087475019913425e-01 4.299694972741034404e-01
7.759396814060268710e-01 7.833744494144159187e-01
9.122075651060442825e-01 4.079317046243498002e-01
9.843218041734461687e-01 2.355393746941191191e-01
1.000000000000000000e+00 1.399830413949306185e-01
