6.203799933789936327e-01 9.921665021185434030e-01
8.131647579877496756e-01 1.000000000000000000e+00
9.757734110586445686e-01 9.227701101782703752e-01
8.248523884053998723e-01 8.415570171837287727e-01
6.167912202366262475e-01 8.474707869604315436e-01
9.413910935832439097e-01 2.533426916657196548e-01
9.815659608723347196e-01 2.067857544022370653e-01
1.000000000000000000e+00 1.107929993367714333e-01
9.954683150046921281e-01 3.848094164880504209e-02
7.505367227855768153e-01 1.183719567081879670e-01
7.362049904247579546e-01 4.081617839775452672e-01
7.396386478720267110e-01 6.929389696156361689e-01
7.262207981508880250e-01 7.719874282168391888e-01
5.672797955796033964e-01 1.715589900095313147e-01
5.094452947408351084e-01 4.330834347663580775e-01
5.654200688432190480e-01 7.025481201991743418e-01
5.943707957122386087e-01 8.000150206270870701e-01
3.986815459140991558e-01 2.906141006027300189e-01
2.422552355945461477e-01 1.995220988239024273e-01
1.212856168654060096e-01 1.345298598461633910e-01
0.000000000000000000e+00 0.000000000000000000e+00
