8.064380745427625341e-02 1.000000000000000000e+00
4.008335552501979260e-01 9.598653788799436093e-01
6.681525509787421546e-01 8.461621232900278233e-01
6.967522023029644185e-01 7.067124982685687451e-01
5.451887358550190354e-01 6.184289532029562109e-01
6.931602026722341048e-01 5.401775659632970239e-01
8.553526702812485061e-01 3.371103165493096743e-01
9.396687225045005087e-01 2.095509046137807585e-01
1.000000000000000000e+00 8.755471278207176133e-02
4.923313343062168945e-01 4.938412031972070348e-01
5.893837812503328610e-01 4.074092957313111274e-01
5.000834407410957860e-01 6.160403000541401219e-01
4.271582213984668197e-01 7.383606906899894406e-01
2.870181119668225311e-01 4.760951603532636578e-01
3.611272666588551949e-01 3.734275707319751336e-01
3.394002918650603218e-01 5.713141282473137572e-01
3.074871554518759931e-01 7.019465298373961382e-01
7.889645181563502419e-02 4.770391268701908993e-01
2.549196305883104710e-02 2.591245491370831600e-01
0.000000000000000000e+00 1.351623783920231359e-01
3.775072167364373530e-04 0.000000000000000000e+00
