1.000000000000000000e+00 9.370317225391771032e-01
8.082701193025096931e-01 1.000000000000000000e+00
6.804041932498871015e-01 9.878767688058880392e-01
7.541158489021632105e-01 8.681311660849828638e-01
8.881390079327753373e-01 7.559231803136936545e-01
3.214312474961686927e-01 7.358187376976075278e-01
2.219286772186479240e-01 6.831184631250214467e-01
8.889646032553280564e-02 6.265337591695891994e-01
0.000000000000000000e+00 5.746516138110077110e-01
4.431351578116918266e-01 5.662147766047047615e-01
5.123371271241429215e-01 5.839858064206420174e-01
7.252815052299470544e-01 7.407966930254664684e-01
7.806214443886961840e-01 7.750079692402666032e-01
6.409065742667973131e-01 4.735986995595516946e-01
7.644252000388997992e-01 4.719445144767062117e-01
8.906829802784066441e-01 6.258247539551584637e-01
9.336146203024480172e-01 7.175428138748217721e-01
8.622549433801034446e-01 4.275464467294713411e-01
8.762527127923547265e-01 2.543516202658065994e-01
8.918297037126281523e-01 1.254807486676374761e-01
8.876564047635370214e-01 0.000000000000000000e+00
