1.112809315767216700e-01 8.591747832441722910e-01
3.622612859102702365e-01 5.816489365321517724e-01
6.281148248376082766e-01 3.492206860793153900e-01
8.776535994867259438e-01 2.877161944603592869e-01
1.000000000000000000e+00 3.554102880596832215e-01
1.357443160368675961e-01 2.410930399979314409e-01
2.677764149575982411e-01 1.777965278240858649e-01
3.803007293887862295e-01 7.627682144981104417e-02
4.933340524024811269e-01 0.000000000000000000e+00
1.306129335453772196e-02 3.753245383519344114e-01
6.668138766036588727e-01 3.634294031270540737e-01
8.488292055458706020e-01 4.471076995099433349e-01
8.665821534010861305e-01 5.194600531019456513e-01
0.000000000000000000e+00 5.731104376215445662e-01
6.577014411313982789e-01 5.853080987952036240e-01
7.122161652268755860e-01 6.229365838655549492e-01
6.431766971605417105e-01 6.406859976619901920e-01
4.391846136228193254e-02 7.823636762006115353e-01
5.847280580555057616e-01 8.647434109086257203e-01
7.495376199725893862e-01 9.440090199819546335e-01
8.104415089095520219e-01 1.000000000000000000e+00
