3.832334287172506349e-01 7.371054629608596587e-01
5.135305865956976135e-01 8.671268982142107395e-01
6.853371212956580472e-01 9.988511420088975745e-01
6.616465233250151678e-01 1.000000000000000000e+00
5.605007413757538970e-01 9.395992557547873103e-01
8.747930421576054494e-01 3.691917794357861271e-01
9.237710280823044906e-01 3.867333747720697601e-01
9.629169496423055641e-01 3.345098974563361915e-01
1.000000000000000000e+00 2.422736030430625576e-01
7.376302025656332750e-01 8.093563435340082879e-02
6.421674950635163359e-01 4.716263396172905575e-01
5.600798985604197311e-01 7.594742924955274477e-01
5.355141888053674970e-01 7.884910448963240448e-01
5.447938419977128577e-01 0.000000000000000000e+00
4.273600985091369764e-01 3.549107311871922410e-01
4.049414536519047036e-01 6.249104283127069337e-01
4.078496546896108188e-01 6.558106814194074596e-01
3.507793980037675063e-01 1.331976593309089525e-02
2.009352285962504592e-01 6.432228047967057660e-02
8.881951077054132948e-02 8.849269693897147959e-02
0.000000000000000000e+00 2.662197891305230729e-04
