8.757745654891418985e-01 1.000000000000000000e+00
5.471629748281610084e-01 8.822257178460638505e-01
3.252646820121267712e-01 7.204557436091467704e-01
2.530626901109047644e-01 5.126724491253905613e-01
4.542320114855840640e-01 4.135625227270152693e-01
3.334849844064020630e-01 5.203997994054392340e-01
1.674525042070450498e-01 3.057769272877224886e-01
6.676514826284205006e-02 1.724078554926780082e-01
0.000000000000000000e+00 7.281579509975709408e-02
5.298118529257359599e-01 4.747965876575424571e-01
4.099897956130296173e-01 2.941147906590144689e-01
4.873542343116964992e-01 4.725808639839150782e-01
5.034400366568123619e-01 5.384256780948981636e-01
7.257228514554330268e-01 4.557729171234927157e-01
6.568683788785271149e-01 2.995598774916415352e-01
6.597137194145739070e-01 4.709766967045491137e-01
6.885610104480465177e-01 6.079822941217494225e-01
9.469956090398695681e-01 4.700256350827757279e-01
9.877785519785580171e-01 2.617038763684907399e-01
9.899716911211655646e-01 1.255839182611196425e-01
1.000000000000000000e+00 0.000000000000000000e+00
