7.435388896415878746e-01 0.000000000000000000e+00
9.665070365776976535e-01 1.599423847195655113e-01
9.751762184170392755e-01 4.060983673921526593e-01
8.593971575769576710e-01 6.397286544982500045e-01
7.447511403389924789e-01 7.851425949957892003e-01
9.914605718891239539e-01 3.345146921548681207e-01
1.000000000000000000e+00 6.679344553338947277e-01
9.649657985152143569e-01 8.569658234016916953e-01
9.134768440836120718e-01 1.000000000000000000e+00
7.714072807995747683e-01 3.175592605770887755e-01
7.097591478984064395e-01 6.909705528321942181e-01
7.341073395100972121e-01 7.092857962256978732e-01
7.512082556026861146e-01 6.765605001861637602e-01
5.579340844111404518e-01 2.926087619727643085e-01
5.100905670602703390e-01 6.589423421305599105e-01
5.778465049869203618e-01 6.537747695752347266e-01
6.334057661375771531e-01 5.641765575570435454e-01
3.871401375007382240e-01 2.767479663882986274e-01
1.988530604162541404e-01 5.226569914247476412e-01
8.957506088176951653e-02 6.694208888711679073e-01
0.000000000000000000e+00 7.611406140077450200e-01
