2.742956282016899977e-02 3.305652690241638880e-01
1.483975498975004526e-01 1.643798029954989526e-01
2.350492867077876857e-01 2.393335066556718377e-02
2.325806899741364731e-01 0.000000000000000000e+00
2.538432353716574275e-01 1.409088280620462708e-01
5.148120065363339659e-01 2.149279662331727569e-01
7.605309180412815895e-01 3.667503424918361343e-01
8.799147503874982235e-01 4.906608094372603146e-01
1.000000000000000000e+00 6.124557957516908457e-01
4.353256490879586771e-01 4.103991287496626672e-01
4.334231009177231253e-01 4.697422449223293550e-01
2.393503324984886382e-01 3.338043673468236161e-01
1.348283644165253758e-01 2.158106408005799615e-01
3.106671958309280557e-01 5.834856172234137439e-01
2.306572612169944803e-01 6.138015512506005411e-01
6.921729901227721693e-02 4.810076876135958579e-01
0.000000000000000000e+00 3.450846192252397526e-01
1.850326816696287735e-01 7.268883829213872438e-01
1.482462011536311297e-01 8.814586861289160913e-01
1.033259507911327701e-01 9.574795327630933883e-01
9.880423838982549389e-02 1.000000000000000000e+00
