6.310229431696335878e-01 1.000000000000000000e+00
8.377627953330507582e-01 7.957732440785866279e-01
8.963924413075745612e-01 5.725117418697093230e-01
8.002807514626105734e-01 4.160048851970903905e-01
6.409690146232637220e-01 3.668409467750380348e-01
9.966794252886005401e-01 6.307110088627380096e-01
9.874422151964269423e-01 3.328335549461692855e-01
9.791454897969052995e-01 1.531090259150872657e-01
1.000000000000000000e+00 0.000000000000000000e+00
8.297255202524012052e-01 6.961145531799890485e-01
6.237698595980510907e-01 3.174637238269396033e-01
5.458427168297959042e-01 4.003706028094551339e-01
5.823974626771176721e-01 5.169635105723355828e-01
6.303915405126805371e-01 7.483006806732681593e-01
4.336946091415340709e-01 4.097246612866383142e-01
3.966973311245142741e-01 4.734517916229330492e-01
4.370008290729098799e-01 5.686982336941316385e-01
4.437941962715833966e-01 7.972835905624110486e-01
2.256334682656697677e-01 5.997621314999641573e-01
9.105582210539041321e-02 5.212460771416139726e-01
0.000000000000000000e+00 4.607529242990141549e-01
