8.486782523945870516e-01 1.000000000000000000e+00
9.896465229047503032e-01 8.042725764786373688e-01
9.629367264392969528e-01 5.915170791154735763e-01
8.267105307980093798e-01 4.610142505780547295e-01
6.710707853747880369e-01 4.236468655669186067e-01
1.000000000000000000e+00 5.350114902692740815e-01
8.846141215006249059e-01 2.730685747391611851e-01
8.057141679879553653e-01 1.257158222920195245e-01
7.448886272489189109e-01 0.000000000000000000e+00
8.391158962396257914e-01 5.897199981679784875e-01
6.098764873039000944e-01 3.413676607587118883e-01
6.172708897723997445e-01 4.351762305589695901e-01
6.862518870816828320e-01 5.153103647564378775e-01
6.681669896710006329e-01 6.564119102177224940e-01
4.612061289842895873e-01 4.422762584642465633e-01
4.988775522900874559e-01 5.078508262275607255e-01
5.690705246867306943e-01 5.861063828481229976e-01
5.319292078938302470e-01 7.247357379718104564e-01
2.698681934256429993e-01 5.825432897724562853e-01
1.196720552397585596e-01 5.152102646090734872e-01
0.000000000000000000e+00 4.499551674104139143e-01
