3.054825520916337744e-01 1.000000000000000000e+00
6.429006864864106330e-01 8.989969046623447202e-01
9.234743402885431385e-01 6.861071567399039672e-01
9.548332998623193513e-01 4.749274695906113841e-01
7.278374151253469426e-01 4.127080124243949211e-01
7.740583964806175832e-01 4.751902718230694433e-01
8.757573049094956597e-01 2.779731797186940079e-01
9.445220729263926751e-01 1.648797574285809087e-01
1.000000000000000000e+00 5.636110904652111286e-02
5.631956890819930228e-01 4.534425694567785214e-01
6.334154989146253412e-01 2.864766412756384328e-01
6.116589683334489047e-01 4.458808071077506319e-01
5.744693655522862263e-01 5.920878909413990199e-01
3.403155131574518988e-01 4.550315154315076049e-01
4.030523781619799184e-01 3.069150800109362032e-01
4.249067585221250609e-01 4.788786816379890232e-01
4.083763868645921558e-01 6.317746150662061355e-01
1.053937963240133835e-01 4.758800353701631569e-01
4.536150812587805975e-02 2.769645930698386715e-01
1.805294988107574231e-02 1.350105587733560764e-01
0.000000000000000000e+00 0.000000000000000000e+00
