4.511228836901832739e-01 1.000000000000000000e+00
3.058770061331668177e-01 8.110786958327972362e-01
2.775246520254140981e-01 6.063232370788286252e-01
3.423874820962943821e-01 4.552304544833321587e-01
4.577008887583091656e-01 3.732619866124609054e-01
0.000000000000000000e+00 4.743366659789470807e-01
1.583031877777369700e-01 2.419291864656604174e-01
2.023752249439935424e-01 1.096012757695273288e-01
2.168506004627419326e-01 0.000000000000000000e+00
7.206838297403503346e-02 4.878398380355846164e-01
5.092447390649674777e-01 3.025479410907007671e-01
5.776889988615079297e-01 4.100550595222873240e-01
5.209411381247933681e-01 4.820911010699206467e-01
2.438030225127621187e-01 5.240583930425606329e-01
6.625785008630504791e-01 3.653094633701252092e-01
7.084629439200852419e-01 4.713061040548075509e-01
6.470059495390942939e-01 5.448581826261570393e-01
4.730078684490800489e-01 5.669479023269754503e-01
7.441250596790186522e-01 3.807783957074555303e-01
8.955096129127033677e-01 2.774814732652821636e-01
1.000000000000000000e+00 1.690021485048280592e-01
