7.911239383324132346e-01 1.000000000000000000e+00
4.668413928057101869e-01 8.819743313967328691e-01
2.459298567546911729e-01 7.066981796606900401e-01
1.889085575859501265e-01 4.987103681575519309e-01
3.991290543766343735e-01 4.026884523026175167e-01
2.759331770752494473e-01 5.045854580391706534e-01
1.312369471125981735e-01 2.940965630733958780e-01
4.874721751243155793e-02 1.619871254118684101e-01
0.000000000000000000e+00 6.160850557845917730e-02
4.766198350841966414e-01 4.665789316264880027e-01
3.780815620045305803e-01 2.839206819893717038e-01
4.562476055380589313e-01 4.709287991083255243e-01
4.727696385172902027e-01 5.498557621289826836e-01
6.801311231917515077e-01 4.536559996972408526e-01
6.203007149494976780e-01 3.119712671812758242e-01
6.346171906158702969e-01 4.900259664791919989e-01
6.618640554670355280e-01 6.247997822087499875e-01
9.084015898244944820e-01 4.717716414794667079e-01
9.573216997683634544e-01 2.637574606321562154e-01
9.784041635640988721e-01 1.297158825245717240e-01
1.000000000000000000e+00 0.000000000000000000e+00
