1.279676954637179176e-01 7.380174436560964502e-01
4.156538347810330714e-01 8.077676117060600403e-01
6.651421934706394090e-01 8.265657295464677867e-01
8.396237056147979327e-01 9.159163229969212727e-01
1.000000000000000000e+00 1.000000000000000000e+00
7.161345847694503552e-01 5.168168751511052067e-02
8.345166314656797812e-01 4.232727887629426644e-01
9.125298937518026010e-01 7.045643907367785674e-01
9.682640483956767019e-01 9.098410897184167068e-01
4.875499603761488387e-01 0.000000000000000000e+00
5.856994646717041952e-01 7.731382789168218528e-01
5.528651549526660824e-01 9.903728682809711525e-01
5.110695723025520110e-01 9.580183939594248965e-01
2.329006769408106803e-01 1.067296848207210797e-01
3.299430905924705670e-01 8.266325302804372610e-01
3.130752401991307998e-01 9.246881817203564946e-01
2.882867432687360454e-01 8.201243499855358499e-01
0.000000000000000000e+00 2.693339910923038261e-01
9.492501789562056425e-02 8.096039331377757886e-01
9.416601556767383030e-02 9.086571235715753536e-01
6.547019696947277423e-02 8.142950775685091624e-01
