1.000000000000000000e+00 4.644747103249512454e-01
8.586016799138932454e-01 2.456899617484853415e-01
7.141645841382110449e-01 9.529541157877673141e-02
6.146929900818983716e-01 0.000000000000000000e+00
6.134228005994176725e-01 1.054277179610290660e-01
4.126452442096034678e-01 4.430458904093189654e-01
2.394486517892860100e-01 4.980220731760390818e-01
1.044268800460871477e-01 5.396084652761062861e-01
0.000000000000000000e+00 5.918676482663439709e-01
4.799040909739333283e-01 6.908370869131482683e-01
4.471035490556268255e-01 4.608518092181939085e-01
6.348153214586998994e-01 2.626154717862861365e-01
7.415421781490718622e-01 2.559667024923976686e-01
6.396669031444239817e-01 8.706787823457970976e-01
6.668808291744370287e-01 6.292157967671209162e-01
7.663950686310292415e-01 4.276738772112154141e-01
8.164926670447024692e-01 3.834078086948218278e-01
8.355156643468846234e-01 9.883325767723912803e-01
8.639372150185189447e-01 1.000000000000000000e+00
8.602271336458928719e-01 9.527914422746348588e-01
8.462714777432081004e-01 9.617670765992250015e-01
