9.233287256485149808e-01 3.588028566993285429e-01
9.521914082714879601e-01 1.569250055457823700e-01
9.367866142009598773e-01 0.000000000000000000e+00
9.825458450035041702e-01 3.679562115341955542e-02
1.000000000000000000e+00 1.960590591820569051e-01
5.416080174052864127e-01 9.322823626299155120e-02
3.087170173208618751e-01 1.646791934908226063e-01
1.582580491108538934e-01 2.638733666908820719e-01
0.000000000000000000e+00 3.601072294021669951e-01
4.589447025583014428e-01 3.161484037292044968e-01
6.517908042564155568e-01 3.474287853540694582e-01
9.125330768353209221e-01 2.576592765110674033e-01
9.172822557175762670e-01 1.859183674905065253e-01
4.965825729080602380e-01 5.131821957171083248e-01
7.548740885386606703e-01 5.724680161950914670e-01
9.407330852946326205e-01 4.518422080702506616e-01
9.498332487683023295e-01 3.491468640418037284e-01
5.821761461229811863e-01 6.763078080394849811e-01
7.231448451533115662e-01 8.151237823314422259e-01
8.104729985344495402e-01 9.130608919869189766e-01
8.250976654490538298e-01 1.000000000000000000e+00
