4.552998661719989126e-01 7.428120940201081712e-01
2.692457110979144530e-01 8.149026204418072794e-01
6.978748645160520736e-02 8.198615317059630980e-01
8.265386037286190368e-02 7.940292342178022489e-01
1.135440858864517899e-01 7.813409840516499782e-01
1.412081374942328327e-01 3.528711808028248825e-02
7.692540767804635637e-02 2.317999032789840042e-01
2.683582611573566423e-02 3.702654165235190753e-01
0.000000000000000000e+00 4.887283107672029114e-01
3.715709812120521760e-01 0.000000000000000000e+00
2.400934389441546080e-01 8.151096630766636597e-01
2.865375081680003322e-01 1.000000000000000000e+00
3.578390685626129941e-01 8.998484973735415560e-01
5.868617528557346086e-01 1.777070445308512603e-01
4.913982676848809850e-01 9.262647612677076259e-01
5.181403064773532074e-01 9.785375913837905948e-01
5.766516779611020604e-01 8.071136209026603670e-01
7.851421810778345112e-01 4.090119667609355414e-01
8.046121726869402968e-01 8.910548733766175955e-01
8.877516093625051896e-01 9.438669244208430786e-01
1.000000000000000000e+00 8.557481633498132956e-01
