8.800824057425902236e-01 1.842168752016961342e-01
9.901528449185266201e-01 0.000000000000000000e+00
1.000000000000000000e+00 3.547317206706317779e-03
9.877211543922312931e-01 2.053564731770212426e-01
9.368308266680036578e-01 4.400534038933272551e-01
5.831182740289602151e-01 1.199491861125452086e-01
3.090362356551691336e-01 3.354888872272500655e-01
1.542986095539718716e-01 5.227916484292847166e-01
0.000000000000000000e+00 6.933580520667221858e-01
4.835511161806148595e-01 3.462367779220894559e-01
6.602750066502418580e-01 4.991174048048986900e-01
8.533890545452913479e-01 4.262518294508784167e-01
8.835750400291171314e-01 3.691778586296910469e-01
4.873698018823705014e-01 5.059072987586751280e-01
7.034741110998146141e-01 6.322578779441297980e-01
8.186660489176160738e-01 4.940281815220823880e-01
8.184124189842701957e-01 3.834062425363070070e-01
5.235776026353992085e-01 6.163150553193225134e-01
5.658680341328015118e-01 8.258362763734433676e-01
5.938787444652888770e-01 9.225196517271641028e-01
5.678582321637728469e-01 1.000000000000000000e+00
