6.581928502125883318e-01 1.000000000000000000e+00
4.394699398360917830e-01 8.384648266291124807e-01
3.029632387740294197e-01 6.131463041634582778e-01
2.759580618796003137e-01 4.182244135331668611e-01
3.655535821188797274e-01 3.054570669289993767e-01
1.453943530487557811e-01 6.319228070380900064e-01
9.426657603979426980e-02 3.370740143248494580e-01
4.408701708887422660e-02 1.498561952192595803e-01
0.000000000000000000e+00 0.000000000000000000e+00
2.772640980727517634e-01 6.788243434606642257e-01
4.673508536791426415e-01 2.790132854732285117e-01
5.852552933000083613e-01 3.716348851757619309e-01
5.598436304166822808e-01 4.784140582226373284e-01
4.929293454451204037e-01 7.112068183082468353e-01
6.756328143696093136e-01 3.507938785130185755e-01
7.169968966157896917e-01 4.296114879866647640e-01
6.719404064599935333e-01 5.428896416640560663e-01
7.148579393192433518e-01 7.275505951770989688e-01
8.596794775243572495e-01 4.394847816773093108e-01
9.510033816872042189e-01 2.843207407776096041e-01
1.000000000000000000e+00 1.607411484668468116e-01
