1.477228481978259400e-01 1.000000000000000000e+00
4.410239119630607885e-01 8.072482618170681024e-01
5.619199351598753722e-01 6.301471411847386905e-01
6.901420761553620498e-01 5.170915216940259462e-01
8.013281534434035791e-01 4.421382757546698516e-01
2.608007278621829461e-02 4.023605779024027607e-01
4.054559324090822314e-01 2.025293864099639851e-01
5.627607763478019720e-01 9.372791972432945040e-02
6.634534951254327240e-01 0.000000000000000000e+00
0.000000000000000000e+00 4.203100844621499022e-01
6.901987823694962776e-01 3.465370920273987965e-01
7.921787683265815172e-01 4.615858736333564583e-01
7.550692465947376197e-01 5.355739087528988973e-01
1.145938679272542338e-01 4.659028555305433916e-01
8.004892987789020697e-01 4.021018177487252210e-01
8.347003022405095063e-01 5.391273709637551814e-01
7.483934443282227456e-01 6.170962951690069920e-01
3.022515256499904712e-01 5.348445950320885878e-01
6.463498896215348344e-01 3.665259594330246284e-01
8.357654399824319125e-01 2.490311263652256468e-01
1.000000000000000000e+00 1.335123819687417668e-01
