6.119272099907158147e-01 1.000000000000000000e+00
8.241666695802334353e-01 7.785200425605428576e-01
8.630615145059072901e-01 6.143817411206430323e-01
9.352101153104966924e-01 4.899144536100245584e-01
1.000000000000000000e+00 3.786963838969995555e-01
4.127358677973848311e-02 4.633646427575377480e-01
2.710685045233918733e-01 2.364539160178266430e-01
3.819730525799209797e-01 1.129867993816903032e-01
4.237933304324802974e-01 0.000000000000000000e+00
0.000000000000000000e+00 4.868209291883349166e-01
7.217393294325441522e-01 3.085801196196650276e-01
8.721324543473223390e-01 4.474107434884213585e-01
8.255213192036999770e-01 5.592548668176434701e-01
1.323113176812288905e-01 5.263751726152189336e-01
7.536180936945859887e-01 3.549939478817774607e-01
8.873784605624370769e-01 4.504867664488330647e-01
8.468260610177162917e-01 5.262262220066008522e-01
3.614225537402092070e-01 5.680885882568582623e-01
6.503608637846087781e-01 3.878875209311831163e-01
8.541809630090385630e-01 2.638151454258519379e-01
9.876899155521213780e-01 1.437942641124820842e-01
