8.558992154654300188e-01 1.000000000000000000e+00
6.056067846876805882e-01 9.742046357079046093e-01
4.285459001488109432e-01 8.855597035220247326e-01
4.978645264739779974e-01 7.383248775958384247e-01
6.720446244018460913e-01 6.218562798498126210e-01
2.672279324090066632e-01 5.993545176546897224e-01
1.521363649234079851e-01 4.259989737748373639e-01
7.770740981942386716e-02 3.127738688320906846e-01
0.000000000000000000e+00 1.996054044053258980e-01
4.753176258626891637e-01 5.158558593269120252e-01
4.496617409095818862e-01 4.148061601830015377e-01
5.938569086967875332e-01 6.123767869822092091e-01
6.489054164451282247e-01 7.173082824186136630e-01
6.926438741598579529e-01 4.791622450566193625e-01
7.152138462329021840e-01 4.070239618471240828e-01
7.803695418951528406e-01 5.708530319662716845e-01
7.837398629764912306e-01 6.728980564564343014e-01
9.015570090576461304e-01 4.628963182731580250e-01
9.429545523664503159e-01 2.648810744003363693e-01
9.911953009724621122e-01 1.346485568495974228e-01
1.000000000000000000e+00 0.000000000000000000e+00
