3.037568030780036787e-01 1.000000000000000000e+00
6.296765660374870066e-01 8.923455233815293930e-01
8.375123484519478856e-01 7.159354923155794026e-01
9.526299636858168718e-01 5.589219424503404365e-01
7.903667333171030540e-01 5.249916374887741988e-01
6.715097188428077457e-01 4.404358062993082856e-01
8.260039209017352446e-01 2.303316073317927537e-01
9.260813362564481732e-01 1.013098757102291192e-01
1.000000000000000000e+00 0.000000000000000000e+00
5.261876750724672203e-01 4.406475310594574757e-01
7.278354539932228029e-01 3.223506551586046154e-01
6.920895390744765674e-01 5.474537451844141422e-01
6.257411092700999600e-01 6.786715449713519588e-01
3.790757355547215157e-01 4.568715170270597481e-01
5.543009062560140254e-01 3.313206820484932424e-01
5.906055104854078808e-01 5.237484281335653691e-01
5.600441726565185130e-01 6.598314824135350642e-01
2.233444179647910144e-01 4.897852704493265708e-01
1.124824080044217467e-01 2.804362296189759629e-01
5.050210506817415235e-02 1.492302464239876336e-01
0.000000000000000000e+00 2.362045833833266092e-02
