2.617938316791312836e-01 3.339642078434389427e-01
4.156380054001312940e-01 5.268442530927435197e-01
6.823555832846415203e-01 6.593300709659204450e-01
8.011366908445448631e-01 8.379121933932921484e-01
9.390695688921018025e-01 1.000000000000000000e+00
1.000000000000000000e+00 2.703727355844835478e-01
8.559671814057007166e-01 3.233489640972708051e-02
5.963764039706129783e-01 0.000000000000000000e+00
3.808562820213051703e-01 3.756891625663215384e-02
8.935364259698034273e-01 1.655551064814419215e-01
5.313934817250124398e-01 1.158307308063892260e-01
1.798069146960433740e-01 1.965807686927778242e-01
0.000000000000000000e+00 2.709760686912447425e-01
6.982818949071676329e-01 1.191814206507070401e-01
5.020712934161003504e-01 9.817621641085044759e-02
5.585583236788481676e-01 1.358242972431055184e-01
7.462670928116011959e-01 1.749909540735567204e-01
5.154625498104608017e-01 1.100821072999507155e-01
4.179021135030839829e-01 8.377966009024083449e-02
4.126915791712615356e-01 1.153141599037597609e-01
4.897882470661558130e-01 1.596413023909058482e-01
