1.000000000000000000e+00 2.500757107130260337e-01
9.686824332531642767e-01 9.040813522786254885e-02
8.876589302396459269e-01 0.000000000000000000e+00
8.821210796103297058e-01 1.030768920755927021e-01
8.686839240005919116e-01 2.898710107871879660e-01
5.708719271278487328e-01 1.626871124975421412e-01
2.981759877029900863e-01 3.015461898653134520e-01
1.363407230235449685e-01 4.185275651990409962e-01
0.000000000000000000e+00 5.201563011246647106e-01
6.042777825628929955e-01 3.510610203460430290e-01
6.194137000792856451e-01 4.482066479394097858e-01
8.340595205756272668e-01 3.623878842370029663e-01
9.321992886374126375e-01 2.977043332719142565e-01
6.879582668018278113e-01 4.950078286351133339e-01
7.352647898708681851e-01 5.621311805831099573e-01
8.835360473770574874e-01 4.598920715818636817e-01
9.500849449969411831e-01 3.618158799541951742e-01
7.742312712431508315e-01 6.024150303995365885e-01
7.450991678316581934e-01 7.804869173772503999e-01
7.776679961925206941e-01 9.044850944246809465e-01
7.803795001247810781e-01 1.000000000000000000e+00
