0.000000000000000000e+00 2.251015601066314598e-01
5.930766894728380090e-02 9.495529297134966407e-02
1.789115918469426081e-01 0.000000000000000000e+00
2.398655209989460357e-01 1.778442625536976948e-02
2.965504921488415491e-01 1.380839176038611282e-01
5.014950606477428519e-01 2.554483634299706263e-01
7.386265563872166373e-01 3.765114709798137449e-01
8.724844673895567615e-01 4.890416410290278071e-01
1.000000000000000000e+00 5.898620492416819516e-01
4.517289697922435288e-01 4.209078511732661787e-01
4.776584076171421223e-01 4.449697058384155524e-01
2.762406616767001943e-01 3.280259415775083620e-01
1.655125672127047698e-01 2.549496522196098014e-01
3.349591811214919779e-01 5.433656538154856275e-01
2.916568713267475577e-01 5.619612491211769534e-01
1.458115364690330262e-01 4.142839259044059919e-01
8.269722574536879367e-02 3.092211928968596202e-01
1.910612193858411134e-01 6.375909738020555384e-01
1.883950052698333266e-01 7.923784939893990797e-01
1.447499240786723484e-01 8.980324429170738476e-01
1.458879937119276771e-01 1.000000000000000000e+00
