8.423048244945452456e-01 1.000000000000000000e+00
9.583770621514062782e-01 8.434504091255075053e-01
1.000000000000000000e+00 6.784633033987071959e-01
9.092000140866826063e-01 5.809825564096502415e-01
7.442095753802623337e-01 5.669584418255965153e-01
7.937591435702359144e-01 4.272669288750080563e-01
7.355225344272864341e-01 2.366282429770488471e-01
6.756446747483799697e-01 1.051094643039697657e-01
6.163413456548453295e-01 0.000000000000000000e+00
6.538224779032056899e-01 4.815804862748295223e-01
6.487138596995127848e-01 3.931546421515491052e-01
7.427194948792628093e-01 5.884533517674415126e-01
7.901807208209529199e-01 6.811647724525035086e-01
5.301908095206043781e-01 5.558028701340719246e-01
5.011159980038799588e-01 4.619799638271879227e-01
6.259670765176268414e-01 6.231680506980962209e-01
7.057217689326322763e-01 7.318219971506448873e-01
4.201934959556948290e-01 6.491142590579448424e-01
2.128610060779643764e-01 5.350077151401969600e-01
9.583508818660226025e-02 4.709949832088972110e-01
0.000000000000000000e+00 3.796342970507333714e-01
