6.962431969219963213e-01 1.000000000000000000e+00
3.703234339625129379e-01 8.923455233815293930e-01
1.624876515480520589e-01 7.159354923155794026e-01
4.737003631418318372e-02 5.589219424503404365e-01
2.096332666828969737e-01 5.249916374887741988e-01
3.284902811571922543e-01 4.404358062993082856e-01
1.739960790982647554e-01 2.303316073317927537e-01
7.391866374355178515e-02 1.013098757102291192e-01
0.000000000000000000e+00 0.000000000000000000e+00
4.738123249275327242e-01 4.406475310594574757e-01
2.721645460067771971e-01 3.223506551586046154e-01
3.079104609255233771e-01 5.474537451844141422e-01
3.742588907299000400e-01 6.786715449713519588e-01
6.209242644452784843e-01 4.568715170270597481e-01
4.456990937439859191e-01 3.313206820484932424e-01
4.093944895145921747e-01 5.237484281335653691e-01
4.399558273434814870e-01 6.598314824135350642e-01
7.766555820352090134e-01 4.897852704493265708e-01
8.875175919955782255e-01 2.804362296189759629e-01
9.494978949318257921e-01 1.492302464239876336e-01
1.000000000000000000e+00 2.362045833833266092e-02
