7.693802686599451324e-01 3.328347859579430801e-02
9.397757298658738767e-01 0.000000000000000000e+00
1.000000000000000000e+00 1.079962440865159107e-01
9.608160137344744500e-01 3.267597440372309592e-01
8.858167287977173343e-01 5.493886099872429263e-01
5.557588234694605944e-01 1.525848969203446592e-01
3.000507283946518000e-01 3.771618581060099951e-01
1.491658088647458691e-01 5.344629562207031670e-01
0.000000000000000000e+00 6.833461816114076992e-01
4.452974975416618686e-01 2.943629390706735127e-01
4.571856294315427838e-01 5.094471593910087082e-01
5.766348893657438079e-01 5.024418565562398520e-01
6.194216436986160756e-01 4.831726301479289942e-01
4.290507675176521984e-01 4.071206239648019753e-01
4.528048396795333330e-01 6.665008640538225837e-01
5.226737513269765767e-01 7.271619435712742829e-01
5.374104650409690098e-01 7.483845640616284545e-01
4.312602307467989227e-01 4.922351388725080268e-01
4.205446381927935295e-01 7.296822572401898688e-01
4.129886388779391848e-01 8.727305981030130111e-01
3.696630391864519916e-01 1.000000000000000000e+00
