2.748113848663437664e-01 3.686592545575342328e-01
3.782534534731746279e-01 5.559265207938413056e-01
4.371576064362807101e-01 7.038252636690265351e-01
3.241620867603228762e-01 7.738465345678439133e-01
1.458861173280827372e-01 7.628140682606381340e-01
1.000000000000000000e+00 5.932749784813720062e-01
8.802250657741590434e-01 7.627519083924795273e-01
7.563708730269951275e-01 8.896008231110910103e-01
6.182882359391060900e-01 1.000000000000000000e+00
9.778006716088415429e-01 4.065636399362328457e-01
5.639922319941224060e-01 5.912337160326555097e-01
2.274018049121144525e-01 6.116593446763388675e-01
0.000000000000000000e+00 5.882574547302554802e-01
8.040498822309797289e-01 2.330628338735910021e-01
4.344366348726470539e-01 3.656235642598443802e-01
2.362745000313698773e-01 3.713716615241729468e-01
1.153157188952873002e-01 3.456135484584937911e-01
5.821383945769373902e-01 9.382550944758473455e-02
3.484948609082492155e-01 9.837982514351062413e-02
1.942048377648923352e-01 5.939128323586068126e-02
9.624047982446932992e-02 0.000000000000000000e+00
