2.043217439219024711e-01 1.000000000000000000e+00
5.592507012018482077e-02 7.860251796089308129e-01
5.932381170205081738e-02 5.537387772930101315e-01
1.756552127161055410e-01 3.915701632340198302e-01
3.104623002556907152e-01 3.393584675157498287e-01
0.000000000000000000e+00 6.013965419412420355e-01
8.936897422256387391e-02 3.119752299226452030e-01
1.767685108863328025e-01 1.356110803583874813e-01
2.361176380895946836e-01 0.000000000000000000e+00
1.518382890825045184e-01 6.845706033707474880e-01
3.861835918517284028e-01 3.156252695996257240e-01
4.100936031273443860e-01 3.563428252805019847e-01
3.549543561930224023e-01 4.571058405831933125e-01
3.129160271061871557e-01 7.658410243694385722e-01
5.529856359762717055e-01 4.767315961695285376e-01
5.474746974276281097e-01 4.705520695838727452e-01
4.779278857711201645e-01 5.119006110982594615e-01
4.612068929563851172e-01 8.479402097757935408e-01
7.573243542128247352e-01 6.783290002983135558e-01
9.112821388003471412e-01 6.017267311053321466e-01
1.000000000000000000e+00 5.651719380094386569e-01
