8.974194403598814151e-01 1.000000000000000000e+00
9.286126619935256565e-01 6.396851583773613958e-01
7.559404100990491093e-01 3.152940860044795013e-01
5.095355585038342516e-01 1.527765908266342232e-01
3.758577278130181831e-01 2.283241633223564993e-01
1.000000000000000000e+00 4.313216572045572295e-01
9.058554781890245655e-01 2.366534513815894414e-01
7.945727221461975631e-01 1.029560939903350070e-01
6.777370347035528431e-01 0.000000000000000000e+00
9.081055193591252017e-01 5.936442272890214422e-01
5.464500422339005903e-01 3.673092253795363638e-01
4.270639465788871880e-01 3.280582091445029547e-01
3.896135997018856933e-01 3.597373688033377870e-01
7.952130879932550744e-01 7.744952372771972682e-01
4.256014302477329481e-01 6.099143992525750679e-01
3.847966718497363714e-01 5.309144980165504402e-01
4.266756596002886370e-01 4.943451478473574467e-01
6.740167594380174210e-01 9.569354362685321691e-01
2.869802672411464473e-01 9.233924138566290685e-01
1.071691876813218314e-01 9.201226466373902957e-01
0.000000000000000000e+00 9.505381913640953417e-01
