0.000000000000000000e+00 3.152505731527148192e-01
1.373417677030384088e-01 1.360554507641793809e-01
2.777053379739437555e-01 3.311939001058005622e-02
3.592578571385535713e-01 0.000000000000000000e+00
4.284254292330340053e-01 1.093881435113339129e-01
5.575291008850765673e-01 3.814150027175299273e-01
7.626756546694970496e-01 4.845325782723736707e-01
8.896964239450677603e-01 5.750705273614179491e-01
1.000000000000000000e+00 6.590607903591965133e-01
4.778211189280270332e-01 6.012558719726678325e-01
5.409605250209369443e-01 4.904298017120404252e-01
3.921471040703080613e-01 2.897314750888242418e-01
2.768922102413425290e-01 1.894619235321478856e-01
3.350526210879995470e-01 7.461982790984599268e-01
3.647363648596269048e-01 6.334030986141115926e-01
2.684469410933015832e-01 4.070005592898853219e-01
1.950949870763150074e-01 2.592376115282805649e-01
1.671028954276062850e-01 8.362809874045203928e-01
1.836060746340297534e-01 9.552652549448764630e-01
2.006963802636150540e-01 9.782459148958646544e-01
2.247597771141321144e-01 1.000000000000000000e+00
