8.392679443389655658e-01 1.000000000000000000e+00
1.000000000000000000e+00 7.747766496694505900e-01
9.540330914348184033e-01 5.844336601031927536e-01
8.268114197147525823e-01 4.560513328884252537e-01
6.683439248572510261e-01 4.154545513447670535e-01
9.687630760383844075e-01 4.829489198020807117e-01
8.391586177490579779e-01 2.536769060315279822e-01
7.615011852025536099e-01 1.128206091784966919e-01
6.952779898318103280e-01 0.000000000000000000e+00
7.789820039318879896e-01 5.107849603794245574e-01
5.989003456104556866e-01 3.546082757220577197e-01
6.019715500657528695e-01 4.209771131513529996e-01
6.440738518096345011e-01 4.716852728949477158e-01
5.911550532637168676e-01 5.721574801789135467e-01
4.496036448960582521e-01 4.485325592796808869e-01
4.727712519304655414e-01 4.908401203411537628e-01
5.197608778559744680e-01 5.402193871931267877e-01
4.415283521937822808e-01 6.488576445357298050e-01
2.154007245132870951e-01 4.882489411835850279e-01
9.154827216052771610e-02 4.228709529023772506e-01
0.000000000000000000e+00 3.740007386337866890e-01
