1.025805596401185710e-01 1.000000000000000000e+00
7.138733800647437122e-02 6.396851583773613958e-01
2.440595899009508352e-01 3.152940860044795013e-01
4.904644414961658039e-01 1.527765908266342232e-01
6.241422721869818169e-01 2.283241633223564993e-01
0.000000000000000000e+00 4.313216572045572295e-01
9.414452181097547612e-02 2.366534513815894414e-01
2.054272778538023814e-01 1.029560939903350070e-01
3.222629652964471569e-01 0.000000000000000000e+00
9.189448064087479828e-02 5.936442272890214422e-01
4.535499577660994097e-01 3.673092253795363638e-01
5.729360534211128675e-01 3.280582091445029547e-01
6.103864002981143067e-01 3.597373688033377870e-01
2.047869120067448978e-01 7.744952372771972682e-01
5.743985697522671074e-01 6.099143992525750679e-01
6.152033281502635731e-01 5.309144980165504402e-01
5.733243403997113630e-01 4.943451478473574467e-01
3.259832405619825790e-01 9.569354362685321691e-01
7.130197327588535527e-01 9.233924138566290685e-01
8.928308123186781131e-01 9.201226466373902957e-01
1.000000000000000000e+00 9.505381913640953417e-01
