6.393692528969371347e-01 0.000000000000000000e+00
8.956013638499382701e-01 1.488722575061845743e-01
9.821553077896960637e-01 4.045922197481491289e-01
9.677522026674117983e-01 6.570044521593400022e-01
9.098955676790914104e-01 8.619913997818714479e-01
9.721218431304624596e-01 2.509822565031216146e-01
1.000000000000000000e+00 5.996539684033498352e-01
9.924314558227262939e-01 8.210972436868574365e-01
9.557131551422367588e-01 1.000000000000000000e+00
7.546084481757119322e-01 2.393134360699759600e-01
7.193921814996033781e-01 6.853876168446921824e-01
7.282206504794814794e-01 6.899523402764602409e-01
7.341338567230279999e-01 6.147226865877087887e-01
5.335346125247970583e-01 2.389921879984439890e-01
4.972235911971773503e-01 6.694347966386171578e-01
5.444488570627464830e-01 6.669052694965544870e-01
5.645092790983202713e-01 5.726867467922499566e-01
3.459947195313224921e-01 2.445949392376621234e-01
1.730227190298789519e-01 5.465566724701421686e-01
9.321854996684156291e-02 6.759184347395360559e-01
0.000000000000000000e+00 7.372449327319867685e-01
