0.000000000000000000e+00 2.362914508968441407e-01
1.238198611883729316e-01 8.003450639998840876e-02
2.610297097167352254e-01 0.000000000000000000e+00
3.397781495087721648e-01 2.333770233905329335e-03
4.067483469467133572e-01 1.088861167805159902e-01
5.467086726187337931e-01 2.864746987608292050e-01
7.591959490064107419e-01 4.183703333130875945e-01
8.848623568077259582e-01 5.316861930194860530e-01
1.000000000000000000e+00 6.363995319761023284e-01
4.602943301668881437e-01 4.688678692633439504e-01
5.279170676194590017e-01 4.531078221974002562e-01
3.586424702311402646e-01 2.941209379597594098e-01
2.383776800891105330e-01 1.944828694124915158e-01
3.168982029708929948e-01 5.933404468940586263e-01
3.371598589275630609e-01 5.510409961764312081e-01
2.316933413379640705e-01 3.698324407839196359e-01
1.595699005951804750e-01 2.351280997987765520e-01
1.514376731178430080e-01 6.712747876983078399e-01
1.701650863291030991e-01 7.984746695303001074e-01
1.637375802987468820e-01 9.003351567672808198e-01
1.710023990287435069e-01 1.000000000000000000e+00
