1.000000000000000000e+00 9.210079866328068077e-01
8.031925348769306527e-01 9.875503551941132718e-01
5.938069979635204332e-01 1.000000000000000000e+00
5.994104046481967263e-01 8.700114426162436354e-01
7.170900957097122719e-01 7.499768014362622193e-01
3.439299949095847575e-01 6.962597739013747233e-01
2.120815321629411776e-01 6.613845746422826188e-01
9.788017655383215998e-02 6.119484353171319446e-01
0.000000000000000000e+00 5.612805878335282994e-01
4.659132467601190819e-01 5.601682618943103487e-01
4.568425393942901480e-01 6.068798504204815369e-01
6.343230415491113439e-01 7.438455264883911955e-01
7.116055636062711409e-01 7.895520447726254165e-01
6.402473343660458616e-01 4.868202783164832237e-01
6.571855828456455439e-01 5.267523125503326131e-01
7.956290769482813330e-01 6.945483525856305240e-01
8.719523262771196048e-01 7.770371728362293062e-01
8.299694104855280807e-01 4.455336889843879433e-01
7.987926706296960555e-01 2.686841081703835177e-01
8.158940581706743966e-01 1.415489364663646554e-01
8.078731588155000365e-01 0.000000000000000000e+00
