4.463649035411142996e-01 6.424204290730852751e-01
3.065039152768475050e-01 7.978630345121247025e-01
1.793023950994596938e-01 9.168399748318823983e-01
2.513927242401013396e-01 9.846649877355614366e-01
4.259869124502801419e-01 1.000000000000000000e+00
8.292328999816250823e-02 1.823247331698779339e-01
7.981960217663577883e-02 4.033499377400784347e-01
4.522876336929654295e-02 5.489695811283494820e-01
0.000000000000000000e+00 6.157024963666303252e-01
2.510978662184619736e-01 0.000000000000000000e+00
3.158721842690634940e-01 6.020491623570756179e-01
3.673626109432100995e-01 8.705847360966489923e-01
3.811906075127213245e-01 8.277913286219715783e-01
4.418710062191238963e-01 1.007622812119790545e-02
5.181804157912749398e-01 5.206870410080771672e-01
5.109630746381634836e-01 7.187683682617568293e-01
4.964211991553239001e-01 6.852191195279551117e-01
6.174528152299082473e-01 8.505946786653713343e-02
7.670974076528096486e-01 2.040266875027405558e-01
8.883045947863726921e-01 1.785408514367857191e-01
1.000000000000000000e+00 6.265255265678432162e-02
