6.618373378671887908e-01 9.432074492458176751e-01
8.985351217358158449e-01 6.330009725352310213e-01
9.360622714061019867e-01 3.052715617606628351e-01
9.394249806622791965e-01 9.625994744569232875e-02
1.000000000000000000e+00 0.000000000000000000e+00
9.814092607209058405e-01 5.374016944556140318e-01
9.839181990603078631e-01 2.891001243722939873e-01
9.440761004271847057e-01 1.703311295435630257e-01
9.551922630615659049e-01 1.605326033084900350e-01
8.030953412893464538e-01 7.023677492355312468e-01
6.198061248948770752e-01 2.809888064935429086e-01
5.102214444508835767e-01 1.061339854306741354e-01
4.796964134275474301e-01 1.282745915819594740e-01
5.847677800242092605e-01 8.606967186287253213e-01
3.859286690451451118e-01 4.566525150322152116e-01
3.246678850178984499e-01 2.594831536325126198e-01
3.430657232198753848e-01 1.995170053395924625e-01
3.781965735436036424e-01 1.000000000000000000e+00
1.229702195018363697e-01 8.857820492439473226e-01
3.407247911077228991e-02 8.678752443027203389e-01
0.000000000000000000e+00 8.908051001991826867e-01
