4.592640950560590851e-01 0.000000000000000000e+00
7.644522643825173436e-01 8.456337176617020890e-02
9.265859915233028987e-01 3.364164689243098749e-01
9.690511071391446629e-01 6.116130609437188115e-01
9.461742750902940591e-01 8.251895357598126868e-01
9.222443139605940310e-01 1.957309243854306324e-01
9.555445613508654068e-01 5.646854643365843973e-01
9.908886561920001723e-01 8.070436123113606808e-01
1.000000000000000000e+00 1.000000000000000000e+00
6.875085375579185198e-01 2.051105056523338521e-01
6.927764561999771864e-01 7.556917794961290902e-01
6.884362252431486251e-01 7.469611427593136899e-01
6.834202226822428949e-01 6.363211515815661024e-01
4.437486270160261315e-01 2.268116271734628986e-01
4.480686054905306248e-01 7.325426209647256659e-01
4.591243942596198724e-01 6.955195450679059199e-01
4.567356346352993146e-01 5.710889235232560202e-01
2.273496134359100918e-01 2.519442501509576715e-01
1.141448503000570547e-01 6.520387963177892710e-01
5.938937112529198148e-02 7.550035821121120483e-01
0.000000000000000000e+00 7.852410811577817951e-01
