7.340161352635465875e-01 1.000000000000000000e+00
4.446427344314334285e-01 8.759806406231491760e-01
2.463860213449914072e-01 7.372337369511944294e-01
2.799241615493677227e-01 5.611576048074187195e-01
4.659880705781607180e-01 4.830655753221497206e-01
2.609582286373693383e-01 4.953440906010690425e-01
1.094102605530428984e-01 2.886755227328032802e-01
3.617104307862097079e-02 1.567531312624712569e-01
0.000000000000000000e+00 4.558037798006142616e-02
4.463062252662607921e-01 4.576715907542713846e-01
3.650307474608092684e-01 3.163662234462323863e-01
4.266458688177287017e-01 5.445996070045763249e-01
4.401006552149794304e-01 6.225971693852234701e-01
6.160661199685320000e-01 4.424313477186286314e-01
5.704922052882828165e-01 3.102838300963730034e-01
5.776937324454947120e-01 5.238778182098349223e-01
6.057388250441095856e-01 6.536849439862210120e-01
8.170043444276389177e-01 4.530807348387504985e-01
9.148914605555250601e-01 2.401094321662086140e-01
9.665111577762910411e-01 1.239473435451455552e-01
1.000000000000000000e+00 0.000000000000000000e+00
