1.626773468693409885e-01 1.000000000000000000e+00
0.000000000000000000e+00 7.655773041085315311e-01
3.525317018641659084e-02 5.899109941199349727e-01
1.464519791920229352e-01 4.644388837052647601e-01
2.737951177198248431e-01 4.185284641076772449e-01
6.632188827027094002e-02 4.407940285014270154e-01
2.023642870835403451e-01 2.229096159676045297e-01
2.794788849079957171e-01 9.479477561728250068e-02
3.384890783283789895e-01 0.000000000000000000e+00
2.497512063108233982e-01 4.562609570123307701e-01
4.324095478761188494e-01 3.568597562988775063e-01
4.360209226100035251e-01 4.321026930461802640e-01
3.951630138190368458e-01 4.821455203719312577e-01
4.309049030573970374e-01 5.198190855722710779e-01
5.682994813732817896e-01 4.414484265779247685e-01
5.524075278198962158e-01 5.000273918192772449e-01
5.019032389574482611e-01 5.426486072227605373e-01
5.752038448170442297e-01 6.045366317425144853e-01
7.930001556981050026e-01 4.613095675867752710e-01
9.177617812003013853e-01 4.024558644473357760e-01
1.000000000000000000e+00 3.536029760039010594e-01
