1.000000000000000000e+00 2.760683841805724459e-01
9.136763536816140396e-01 5.554851569972416581e-01
6.621694171931135076e-01 7.190827708562146370e-01
4.157574198494702888e-01 7.424519483577028955e-01
3.163952353885949309e-01 6.909750023235702310e-01
7.942172029080324380e-01 7.836532518015355553e-01
4.147274412666639987e-01 8.875577034875998805e-01
1.849138745672126716e-01 9.483407499547672481e-01
0.000000000000000000e+00 1.000000000000000000e+00
7.944115464553552775e-01 5.792634738870994227e-01
3.315137842488284359e-01 6.154855020257891107e-01
4.046073634110346484e-01 5.596254995676099853e-01
5.380344113325508104e-01 5.615841633568101621e-01
7.768383020875536671e-01 3.474439264439728170e-01
3.532152458220710889e-01 3.679259671409854104e-01
4.333386856381244434e-01 3.388274055578368582e-01
5.689572701725716941e-01 3.356716479118579954e-01
7.356210050333712447e-01 1.256558750929801238e-01
3.992569349756887598e-01 8.086531965850292381e-02
3.051311903380437562e-01 3.247482709324133604e-02
2.568875507970548311e-01 0.000000000000000000e+00
