9.432845016235679170e-01 1.000000000000000000e+00
4.576434551479827140e-01 8.705821092823537999e-01
1.951556532675116917e-01 6.987586831293504108e-01
0.000000000000000000e+00 5.987162819954168214e-01
1.217282643175056703e-02 5.282618429408113547e-01
7.816053658937918147e-01 4.107624188039625812e-01
5.036065014237127713e-01 2.235753505762833049e-01
3.276726966843861444e-01 1.055697537333071395e-01
1.895203285771371038e-01 0.000000000000000000e+00
9.181536876486959819e-01 4.230443427297393977e-01
2.216132514553716126e-01 3.665491999203461804e-01
1.774479955248758900e-01 5.690988431919637991e-01
3.018404660810513063e-01 6.839811076872762685e-01
9.837444036900535593e-01 4.521227309424642460e-01
2.744204853490724849e-01 3.894611508113234866e-01
2.586093006396381067e-01 5.870621722798485820e-01
4.158870979515080779e-01 6.960964414391523913e-01
1.000000000000000000e+00 4.881951055033310616e-01
7.605026615467854745e-01 3.012263117509027532e-01
6.301145386872916143e-01 1.805734783374754182e-01
5.322129377756990021e-01 5.493167602119176235e-02
