5.437339098476576815e-01 8.808101076525318707e-01
3.972649429586863068e-01 9.894032558546956846e-01
2.435872044996738595e-01 8.979312038823904496e-01
1.276817807886908573e-01 8.308530476566317047e-01
0.000000000000000000e+00 8.061885982775233161e-01
2.028529920416235199e-01 2.383644328533023049e-01
1.307079911929940885e-01 4.295625899098666212e-01
9.747823962952480159e-02 5.553015778984051742e-01
7.722612960881909683e-02 6.507246520776008847e-01
3.543242939924916013e-01 0.000000000000000000e+00
3.898738811028647500e-01 7.999951235326574484e-01
4.548885846458340376e-01 1.000000000000000000e+00
4.964638665941764617e-01 9.807715474385452215e-01
5.202990668057695389e-01 2.362196902720797853e-03
5.890030190763803075e-01 6.369892690626978160e-01
6.488677026121388858e-01 8.109664526138316010e-01
6.789856354828892604e-01 8.227176552500137241e-01
6.692548266996493078e-01 9.092137238239811348e-02
7.742274118165418662e-01 2.254177732785844490e-01
8.943423356198412222e-01 1.363342872546301487e-01
1.000000000000000000e+00 1.301077608977757073e-02
