8.435598022869587875e-02 3.565567751974149657e-01
2.043884571922496285e-01 6.294304499303293721e-01
3.910804798079637878e-01 8.524441287100630316e-01
6.563523266773253484e-01 8.869336330453729822e-01
7.759810892112563030e-01 7.602680090090329079e-01
1.948104072699421638e-02 7.047733913671976325e-01
3.634307506669529619e-01 8.547909305298947436e-01
6.946452610968488761e-01 9.639709371214389977e-01
1.000000000000000000e+00 1.000000000000000000e+00
0.000000000000000000e+00 4.465506166098079932e-01
5.315831620686533032e-01 6.058799048909081497e-01
5.748030821862827322e-01 5.959187207809477638e-01
5.539792521607604936e-01 5.262789672304822863e-01
7.141624777191804552e-02 2.085850887958768385e-01
5.780355803844449136e-01 3.835849341684978708e-01
5.413078420992807338e-01 4.095808891162647791e-01
4.361490095831873082e-01 4.128248831679703912e-01
1.519506406665440956e-01 0.000000000000000000e+00
5.491419569960649394e-01 8.760162332240338523e-02
6.380627358523885961e-01 9.525223259845566615e-02
6.691037946373623591e-01 9.505218894935556218e-02
