9.707051714206532678e-01 2.173572365287111119e-01
9.933350508019407332e-01 5.914660432887109548e-02
9.697572179685134408e-01 0.000000000000000000e+00
1.000000000000000000e+00 1.225330208625957512e-01
9.740125531341849996e-01 2.988024572354280872e-01
5.842361195915770633e-01 1.351841563634676724e-01
3.430209993994435824e-01 3.283600727736022962e-01
1.600137062916785757e-01 4.842244485687984823e-01
0.000000000000000000e+00 6.224848294894583800e-01
5.933473463158346339e-01 3.371300283480480608e-01
7.286907034204949118e-01 4.467193195563266550e-01
9.349652352011920131e-01 3.358943336511460709e-01
9.472686951755303619e-01 2.749260234134983105e-01
6.773180389408125501e-01 4.845190485531427615e-01
8.144601377209079729e-01 5.691092578147943781e-01
9.528128288213537633e-01 4.258795079892244706e-01
9.762999090522305190e-01 3.075384679792755316e-01
7.651991789607864858e-01 5.808144640363263056e-01
7.968712796312126256e-01 7.886977497766070044e-01
8.481233588555859848e-01 9.027462087995904438e-01
8.557234362531972449e-01 1.000000000000000000e+00
