6.966475547811354363e-02 1.000000000000000000e+00
4.182329418459055097e-04 7.866363239589427847e-01
5.653264827386427632e-02 5.649370704944169930e-01
2.433646672749746331e-01 4.356610735702188264e-01
4.304252370645196279e-01 4.071828862067506938e-01
0.000000000000000000e+00 4.716499174355322510e-01
2.156360884266536326e-01 2.476159881865876988e-01
3.350727337703960917e-01 1.191689598560465579e-01
4.140022610241266277e-01 0.000000000000000000e+00
1.277488810802190899e-01 5.416149739632826199e-01
5.010700928997879888e-01 3.620161738541080587e-01
5.135483980537181026e-01 4.742569398945364334e-01
4.166020932112727837e-01 5.450242396582113402e-01
2.862685148707084792e-01 6.346817299396435574e-01
6.124854413388854946e-01 4.787767152385523639e-01
6.051632441150381903e-01 5.622927343965326008e-01
5.118755198612965351e-01 6.210593567246602831e-01
4.404478802543878579e-01 7.357006335330488200e-01
7.162312124997030072e-01 6.044222452120462385e-01
8.801194860950337651e-01 5.530205095810005744e-01
1.000000000000000000e+00 5.004845679957166116e-01
