6.769898638977607241e-01 8.098422428380335214e-01
3.877405069899588219e-01 8.054566640774940556e-01
1.072009340261593224e-01 7.993148309018941466e-01
5.222148450009167497e-02 8.566252743860178764e-01
4.271660928920389261e-02 8.862947100651538124e-01
1.769961087239222408e-01 6.807140967231832540e-02
5.632033859947033899e-02 1.917364321875459077e-01
1.472554988192282741e-02 2.659764556165314930e-01
0.000000000000000000e+00 3.471954065211749207e-01
4.769853176643151227e-01 0.000000000000000000e+00
2.732345002165705861e-01 7.995562009458487829e-01
3.464765691624488997e-01 9.719307327741670832e-01
4.387216441178483639e-01 8.904437461826177902e-01
7.532444369839588205e-01 1.655721492990958610e-01
5.698768570239556297e-01 9.634876086366339631e-01
6.290315973216190626e-01 1.000000000000000000e+00
6.962601484669951324e-01 8.180226184420046343e-01
1.000000000000000000e+00 4.091911873728066307e-01
8.518296341481083056e-01 9.587781342647305749e-01
8.820658334569808634e-01 9.905638105387678527e-01
9.631608961975003380e-01 8.720359471257080886e-01
