0.000000000000000000e+00 9.370317225391771032e-01
1.917298806974902514e-01 1.000000000000000000e+00
3.195958067501128985e-01 9.878767688058880392e-01
2.458841510978368172e-01 8.681311660849828638e-01
1.118609920672246349e-01 7.559231803136936545e-01
6.785687525038313073e-01 7.358187376976075278e-01
7.780713227813520483e-01 6.831184631250214467e-01
9.111035396744672221e-01 6.265337591695891994e-01
1.000000000000000000e+00 5.746516138110077110e-01
5.568648421883081179e-01 5.662147766047047615e-01
4.876628728758571341e-01 5.839858064206420174e-01
2.747184947700528901e-01 7.407966930254664684e-01
2.193785556113037882e-01 7.750079692402666032e-01
3.590934257332026869e-01 4.735986995595516946e-01
2.355747999611002286e-01 4.719445144767062117e-01
1.093170197215933143e-01 6.258247539551584637e-01
6.638537969755198276e-02 7.175428138748217721e-01
1.377450566198965831e-01 4.275464467294713411e-01
1.237472872076453151e-01 2.543516202658065994e-01
1.081702962873718477e-01 1.254807486676374761e-01
1.123435952364630203e-01 0.000000000000000000e+00
