9.375656954668338816e-01 1.000000000000000000e+00
5.830267101342432312e-01 9.278093656370515196e-01
3.172518439675963697e-01 7.582877544783108714e-01
2.945210202429858759e-01 5.959683758532721143e-01
4.069075645339869651e-01 4.806733142396563130e-01
3.749081431449445279e-01 5.143658458539568379e-01
1.869321448547564546e-01 3.422274200216679496e-01
8.364121815348117550e-02 2.330624392169744485e-01
0.000000000000000000e+00 1.291446031642202452e-01
5.499667582564128354e-01 4.650889965651337499e-01
3.278622347653639135e-01 2.479744710896779336e-01
1.627324393880775211e-01 1.178057064467794707e-01
3.507893982670767102e-02 0.000000000000000000e+00
7.680005135586217557e-01 4.512292656663471901e-01
5.135017897080345062e-01 3.300199473648893767e-01
5.384899886229378430e-01 5.066178232606347587e-01
6.161986703066011373e-01 6.289521934261387281e-01
1.000000000000000000e+00 4.737205887500409718e-01
7.186895419854280043e-01 3.975760649360296495e-01
7.046887712926643843e-01 5.476274683497991402e-01
7.708244650243750717e-01 6.687105020872589067e-01
