1.000000000000000000e+00 8.656070047380719501e-01
8.977757529757500743e-01 1.000000000000000000e+00
7.801132890712408896e-01 9.667737447387646510e-01
7.298199224145385244e-01 6.081984210584421291e-01
6.983147816338874936e-01 3.065029681529188310e-01
5.009119596509272743e-01 8.662719411093919852e-01
2.888407049905379331e-01 9.060460919734257823e-01
1.586947575000045019e-01 9.294036464638658623e-01
4.198119490077371896e-02 9.294555603808155597e-01
4.923098458294968838e-01 5.741996091792233026e-01
2.559256410425373995e-01 4.933009556795889816e-01
1.199378202067654386e-01 4.028017671295067714e-01
0.000000000000000000e+00 3.236823451471485535e-01
5.538714154863808581e-01 3.503803410761198722e-01
4.017465814492590659e-01 1.756711327523975130e-01
5.289468812956815702e-01 2.245412592175645705e-01
6.373694387085038215e-01 3.076591483909593139e-01
6.630230214399377431e-01 1.614225323423281178e-01
5.829958164075659255e-01 0.000000000000000000e+00
6.671351267807624774e-01 5.648360577886171741e-02
7.561347607588574382e-01 1.474165620733272342e-01
