2.495516811176276550e-01 7.096927675392514789e-01
2.629522785327531587e-01 9.125405519187785863e-01
2.764929031659911218e-01 1.000000000000000000e+00
1.404431423638257403e-01 8.425438833446201592e-01
0.000000000000000000e+00 6.730917342463521580e-01
9.904073629445891980e-01 7.835901134260133682e-01
7.027868212533797676e-01 6.505911275441264019e-01
3.962214725815595973e-01 5.479598230236801815e-01
2.114051543702583080e-01 4.739122875297878679e-01
1.000000000000000000e+00 5.061079523077445241e-01
7.135246204714200680e-01 3.878318003974322581e-01
4.421166258223288015e-01 3.631791525227650030e-01
3.270859953282563848e-01 3.780098446678001878e-01
8.954304990759895944e-01 2.769995054567440662e-01
6.159717855824944355e-01 1.629939959916578140e-01
4.176265791232883218e-01 2.248611930061126529e-01
3.824798945417713925e-01 2.961024830478554692e-01
7.344906611116895911e-01 1.010878501923422462e-01
5.099993635126449654e-01 0.000000000000000000e+00
3.998313492464983243e-01 8.818207851398497665e-02
4.271058993547931504e-01 1.875628508229646163e-01
