0.000000000000000000e+00 9.766609926440023015e-01
2.054411969888498557e-01 1.000000000000000000e+00
3.855730186390579628e-01 8.900123476739598694e-01
3.240546805312759515e-01 7.324834442462959672e-01
2.234642209382852185e-01 5.906265932151468778e-01
5.855176405300434039e-01 5.587195663407868995e-01
7.869356601921204675e-01 3.660160606729777055e-01
9.073951310506637169e-01 2.276707827809822671e-01
1.000000000000000000e+00 1.074253108037190596e-01
4.249357112028162575e-01 4.691384476328901432e-01
5.822664207508058132e-01 2.646622318510387650e-01
6.675465508203120013e-01 1.230702996386315168e-01
7.290865102128635256e-01 0.000000000000000000e+00
2.339733737114782497e-01 4.436867795961180194e-01
3.104105709352707465e-01 3.372676251140850900e-01
2.611906008606825202e-01 5.082580048997817901e-01
2.128088547662913832e-01 6.307948786983801348e-01
3.172084150730822977e-02 4.735802774872583942e-01
8.625572041581398841e-02 4.483746750015949467e-01
6.999170234646179267e-02 5.943032236715789507e-01
4.417096851833046678e-02 7.001316018897785209e-01
