1.000000000000000000e+00 5.753017455650981660e-01
8.861057093345805491e-01 8.026849559410095258e-01
7.477992258245838020e-01 1.000000000000000000e+00
6.956021320533811725e-01 9.810780511707871687e-01
7.280059402679955882e-01 8.235820821354706833e-01
4.693992313690888429e-01 6.954212239000757689e-01
2.607847792820965349e-01 7.117472146599147509e-01
1.227528324175738844e-01 7.307917130352925561e-01
0.000000000000000000e+00 7.094417513226850547e-01
5.067180521197813814e-01 4.151670382072495946e-01
2.717156395431232219e-01 3.963599795775664680e-01
1.294592936539555039e-01 3.904656453083606427e-01
5.359289901855091303e-05 3.555890906244553173e-01
6.021760270418894390e-01 1.715949580576046352e-01
4.903198199565377835e-01 2.562662329110169113e-01
6.215201359933255620e-01 4.953960788255120651e-01
7.250592270243000348e-01 6.462812844612219054e-01
7.321484264001607567e-01 0.000000000000000000e+00
6.934132474954729508e-01 2.211174912015590743e-01
7.963032490560599808e-01 4.635447792492233821e-01
8.803487445878341866e-01 5.908754390346832031e-01
