7.325606781046078986e-01 8.300725357287443984e-01
4.860197006052788815e-01 1.000000000000000000e+00
4.046211766151118217e-01 9.110021712747037315e-01
4.692213093411633507e-01 6.441922772919097540e-01
4.525681289231964777e-01 3.216010673902156558e-01
8.414057211070474773e-01 5.295177689894627893e-01
5.665853485928235012e-01 3.184627393031208009e-01
2.405592920921177658e-01 1.544570759659213421e-01
0.000000000000000000e+00 4.202445474911981234e-03
9.501843343200994108e-01 2.671790958656113935e-01
5.144152642970927225e-01 5.002539804087627329e-02
1.711758807121273318e-01 6.636353406229222873e-02
1.013771996939556198e-02 1.083310505732604651e-01
9.814130116929782321e-01 1.184949744159011081e-01
3.509325540685074851e-01 0.000000000000000000e+00
1.196370463245966520e-01 1.887374819938426040e-01
1.123654880219411983e-01 3.323771893761317542e-01
1.000000000000000000e+00 5.490235988822172314e-02
4.858975232036917835e-01 3.443328743902116656e-02
2.616883047518329675e-01 1.901243988420465991e-01
2.689121270751798076e-01 3.151280415442905269e-01
