0.000000000000000000e+00 6.125443025191106283e-01
1.707539501518178793e-01 9.174702814288452357e-01
4.323226423083570968e-01 1.000000000000000000e+00
6.460092209342874758e-01 8.613932521011142818e-01
7.839420606818534587e-01 6.995126225898514738e-01
2.578905732922315841e-01 8.807245375321955949e-01
5.936406592476841659e-01 8.681387256301354993e-01
8.068395932530141312e-01 8.451187112688431924e-01
1.000000000000000000e+00 8.146586171331966497e-01
2.417906537918290688e-01 5.447834156496735858e-01
5.670233413538814382e-01 4.184155741296349262e-01
7.740166201129778933e-01 3.042142758878992326e-01
9.368295315386168109e-01 1.832345033624985797e-01
2.522264839656193636e-01 2.427304903912139988e-01
5.664321678391608383e-01 2.322187560385416960e-01
6.654324571514397269e-01 4.462274571049829608e-01
7.051665722063547026e-01 6.090905548659414359e-01
2.820002566653833642e-01 0.000000000000000000e+00
5.345307587187554388e-01 1.630117999565821457e-02
6.029439460645833471e-01 1.599787125252574993e-01
6.341155549124215529e-01 2.857759988294671927e-01
