2.879409023928597988e-01 1.000000000000000000e+00
9.380552089278400979e-03 8.010430617991631808e-01
0.000000000000000000e+00 6.084139791943712350e-01
2.754908947079352521e-01 5.162568403886087509e-01
4.949314966901083856e-01 4.884981378444028799e-01
2.842082861758418177e-01 4.635206003254712659e-01
3.496973859433594178e-01 2.366935034451067288e-01
4.197632613315018246e-01 1.012141787999792791e-01
4.883164426215588216e-01 0.000000000000000000e+00
5.886551167087457070e-01 5.065210704076384962e-01
7.575676085267193383e-01 3.159134297712312689e-01
8.913190447477571388e-01 1.900988752117606095e-01
1.000000000000000000e+00 1.076839133014717564e-01
8.022792518860309974e-01 5.858813041318795545e-01
7.674795489647923130e-01 4.866402938186814020e-01
6.393356355862522822e-01 5.346975521315321389e-01
5.594723949986726286e-01 6.045047942659163009e-01
9.468811566725029438e-01 6.778829845970522072e-01
8.701944232168556947e-01 6.125097302495577933e-01
7.657561912009226424e-01 6.496102782704296086e-01
6.977915783975159325e-01 7.070857009031492613e-01
