9.405669320534574274e-01 8.225992887839713719e-01
8.006468085392394185e-01 9.953836900680735900e-01
7.100162066202657662e-01 1.000000000000000000e+00
7.774151350845743824e-01 8.095250592444712678e-01
8.344808098437225263e-01 6.272970884126667368e-01
4.257384766225033590e-01 7.294797864524791287e-01
2.237906016165172596e-01 5.728008121728930258e-01
9.759729223138023657e-02 4.318698131500717796e-01
0.000000000000000000e+00 3.007204014754518706e-01
5.038051531283369577e-01 5.242968357713524430e-01
4.276727410920299066e-01 3.280123075021846857e-01
5.206642949980158086e-01 1.583311920002564710e-01
5.912871842796623145e-01 0.000000000000000000e+00
6.284261374949835499e-01 3.901354944768555821e-01
7.603338558173701189e-01 2.910959467264014333e-01
8.843093758952917938e-01 4.804003658897351148e-01
9.077714762923217995e-01 6.304423980294974195e-01
7.678783498092704995e-01 3.233039769995081913e-01
9.119541117682691267e-01 2.719188763922886776e-01
1.000000000000000000e+00 4.267169933922918545e-01
9.930772218710678390e-01 5.648048225423157875e-01
