1.000000000000000000e+00 4.063739763121142490e-01
8.235619656443528003e-01 6.419028929995775901e-01
6.800737887938663739e-01 8.006271513682878815e-01
5.889247989427416341e-01 9.516264463689805275e-01
5.348911291604250273e-01 9.943484034233983637e-01
4.588761906039430793e-01 2.442664492444859836e-01
2.597474605941187398e-01 2.019548886890493444e-01
1.195950014682523599e-01 1.553566866534008273e-01
0.000000000000000000e+00 7.590697285036066000e-02
5.149042340782101768e-01 7.947906033761253930e-02
2.921033684654386064e-01 1.706589707465098749e-01
1.373940693102596589e-01 1.958407998272876926e-01
1.034396180852531141e-02 1.906046045850206538e-01
6.153019015544811676e-01 0.000000000000000000e+00
4.989513441289005757e-01 4.663309938761289741e-01
5.814548208396770335e-01 7.817818988299832794e-01
6.733885893900323216e-01 9.333799541329589333e-01
7.419874392249959927e-01 5.433567749204970543e-02
6.675769345281923339e-01 5.187311650414980768e-01
7.055057276422491697e-01 8.337762233466924355e-01
7.591005838891161650e-01 1.000000000000000000e+00
