6.982708283236176428e-01 1.000000000000000000e+00
3.079668109025811007e-01 9.343585774725304827e-01
3.623509233723549300e-02 7.658518614388252210e-01
1.935764668513314801e-01 6.511440546285972575e-01
4.881819874636172951e-01 6.210226502057909492e-01
1.440048419862151874e-01 4.896733352666558514e-01
4.163518172856063571e-02 2.969981938668981858e-01
1.608359063408580300e-02 1.811909768072429705e-01
0.000000000000000000e+00 8.337191666197235618e-02
4.789357533431539138e-01 4.795639444782698879e-01
5.739439299892620250e-01 2.396120775043755202e-01
6.490347501533532126e-01 1.005032824921840706e-01
7.205738849327681939e-01 0.000000000000000000e+00
7.700383139542387179e-01 5.282275850346448420e-01
8.277607736432022190e-01 4.132025541768391541e-01
7.088023590460255097e-01 5.191817941521709168e-01
6.345238041934908590e-01 6.193807704832507977e-01
1.000000000000000000e+00 6.136986991279527182e-01
9.689066208314446316e-01 6.027592114954799518e-01
8.435098711042410269e-01 7.059588983920747074e-01
7.661926959860029251e-01 7.993035460497716072e-01
