9.797577089548380469e-01 9.308284953036314313e-01
1.000000000000000000e+00 1.000000000000000000e+00
9.103101472521663018e-01 9.397079617431459697e-01
9.116242302712935786e-01 6.004689648524306200e-01
9.153545147721308117e-01 2.760728747003217687e-01
3.551654125700491604e-02 8.270145815210515616e-01
3.062288248137248203e-01 5.245734987354772061e-01
6.089564262127556971e-01 6.128537338528297074e-01
6.431877297801936733e-01 7.306204990334754790e-01
0.000000000000000000e+00 5.564574546132025068e-01
3.501575068430682891e-01 2.835623393277475479e-01
6.604125238642435392e-01 3.960232994752357905e-01
6.208158269461725443e-01 5.141148271031004136e-01
1.007664592989969132e-01 3.232707181757132897e-01
4.311549491698297709e-01 9.188610628479638998e-02
6.943180210548218767e-01 2.185115985264150240e-01
6.502936470754482334e-01 3.455736604794573674e-01
2.628376706391655215e-01 1.255884074520874083e-01
5.103744334445067254e-01 0.000000000000000000e+00
6.992441713393129366e-01 1.017973278411442445e-01
6.982960836955339756e-01 2.253971880646846171e-01
