1.000000000000000000e+00 7.117630463648495498e-01
9.001288874691585340e-01 9.313890423635990956e-01
7.810211762106126221e-01 1.000000000000000000e+00
7.598704500491360037e-01 7.764536698288226901e-01
7.696118957541137062e-01 5.203021074748865882e-01
4.797832191103509336e-01 7.910189317244343821e-01
2.527375118065129378e-01 8.201221483719414174e-01
1.215809572883449347e-01 8.005233254941168664e-01
2.284592676658129921e-03 7.672535077952681304e-01
5.019575422202384729e-01 4.875080706849603263e-01
2.515335282732311661e-01 3.006712531499544094e-01
1.171358304712736415e-01 1.362020018314214487e-01
0.000000000000000000e+00 0.000000000000000000e+00
5.925233523375883493e-01 2.585574389852866584e-01
4.982788873522835393e-01 1.409080446175274282e-01
6.468598509689821308e-01 2.698161910923762008e-01
7.533725421401362699e-01 3.809981481400819825e-01
7.224266647860243529e-01 7.746852390983348380e-02
6.813809630693814512e-01 1.462716367231829684e-02
7.783454798764910532e-01 1.417039724690382085e-01
8.544272278384619224e-01 2.535980931237261649e-01
