9.448446711737877868e-01 1.000000000000000000e+00
6.142840645045668513e-01 9.679495624685717781e-01
3.758020198618200469e-01 8.101026579994697885e-01
4.067314436589254401e-01 6.664248667987187069e-01
5.457887101558540621e-01 5.806184012097365121e-01
3.294142570665809511e-01 5.254970746628034872e-01
1.477715319062156141e-01 3.539510642393615680e-01
6.264947348255447968e-02 2.500417535358760435e-01
0.000000000000000000e+00 1.565990050429392488e-01
5.530435813691925162e-01 4.808030539870032927e-01
5.099513805633489882e-01 2.398414767355217248e-01
5.011515637938919188e-01 1.042190041706674841e-01
5.091379667280524490e-01 0.000000000000000000e+00
7.787954677477165744e-01 5.022013352005922915e-01
7.224654009442706970e-01 3.198368120136401704e-01
7.014873577105142921e-01 4.562523448469230636e-01
7.099076972277497122e-01 5.753417737066464088e-01
1.000000000000000000e+00 5.647867922436543564e-01
9.357202227193514021e-01 5.010681218340841125e-01
9.015045066061871948e-01 6.201365865753760698e-01
9.008255030342731118e-01 7.226468506694192495e-01
