8.584532566250980823e-01 1.000000000000000000e+00
1.000000000000000000e+00 7.617271935660872018e-01
8.650932975520541079e-01 5.833077507893860147e-01
6.202259924763302568e-01 5.317673027576582667e-01
3.878189123388465775e-01 5.447228875797163195e-01
8.450498667850172563e-01 4.720374405034774568e-01
7.994854480103880112e-01 2.429813090230115713e-01
7.807866390619933039e-01 1.039343176670427249e-01
7.718385738443053201e-01 0.000000000000000000e+00
5.708114936221062585e-01 4.991323121749882130e-01
3.906735863468879799e-01 2.751115305354435159e-01
2.705203079311037651e-01 1.380279887954256879e-01
1.710785354211603049e-01 4.807266596150551463e-02
3.154420661900326772e-01 5.744938704193772727e-01
1.054586845296953401e-01 4.497671961437498811e-01
1.837604323498031045e-01 5.203583155206606969e-01
2.715192438114216178e-01 6.031191944887753786e-01
1.033077367289779863e-01 6.765411961384609763e-01
0.000000000000000000e+00 5.925921612982141262e-01
8.423241484571676596e-02 6.391644383138096464e-01
1.615859383714215447e-01 6.986758765989941056e-01
