0.000000000000000000e+00 1.000000000000000000e+00
4.909350036698947317e-01 9.385621554264427235e-01
8.116078189573597834e-01 7.678338851458588188e-01
1.000000000000000000e+00 6.142319603585683074e-01
9.667012840693562925e-01 4.936441501250256048e-01
4.201261753695867407e-01 4.652517474548438781e-01
6.301932761227309054e-01 2.755255681384044530e-01
8.291008964144547244e-01 1.439770059436823735e-01
9.946259388985965177e-01 5.217067969651548176e-02
3.373094964574357979e-01 4.282978093559402510e-01
5.002784769392965014e-01 2.146339874018209637e-01
7.533982250236189726e-01 8.705029971650385390e-02
9.493679792400598894e-01 0.000000000000000000e+00
2.454886923360520834e-01 4.188880340876493524e-01
6.698812469315966744e-01 3.059205197851315172e-01
7.469165570573932378e-01 4.596636905320671818e-01
6.782210780601802824e-01 5.900101339064091066e-01
2.208181483702629511e-01 4.238801072858027763e-01
6.480303522986442522e-01 3.633561044233344361e-01
7.326985934382956867e-01 4.765018680705976339e-01
6.892057837691263344e-01 5.853457426022701249e-01
