9.790380695472953310e-01 9.160634739787812952e-01
8.076894451109333239e-01 1.000000000000000000e+00
6.738051072432216237e-01 9.656382781919782277e-01
7.946852521173649597e-01 8.120224989649066361e-01
9.037364074902545230e-01 6.468995651139777259e-01
4.567110322779337483e-01 5.899990897051525796e-01
2.361230731397283844e-01 3.971327180523214206e-01
1.006674961620816350e-01 2.616691724245262529e-01
0.000000000000000000e+00 1.274999339302126944e-01
5.899693576226014979e-01 4.442946536328105656e-01
5.077245347135761477e-01 2.432906130982619153e-01
5.281466967541108559e-01 1.167243920845458388e-01
5.585701160963236767e-01 0.000000000000000000e+00
7.456921232898806595e-01 3.806026445533535751e-01
8.316837539751273933e-01 3.945835988359971958e-01
8.892863508229961189e-01 5.957707995031551462e-01
9.030447474576223099e-01 7.282780157921473485e-01
9.069342238337085860e-01 3.827002868896987042e-01
9.815716510419607577e-01 4.392776076276835306e-01
1.000000000000000000e+00 6.053340341624846577e-01
9.783320650571475374e-01 7.198122737109784453e-01
