9.691896527745584855e-01 1.000000000000000000e+00
5.445985350702331473e-01 9.586237148509488826e-01
1.779502572898799262e-01 8.011029697784325387e-01
1.116927819758008478e-01 6.412898088210005065e-01
3.620191460757498647e-01 5.777436346721930294e-01
3.457345510175698911e-01 5.445228346250442497e-01
1.653405034537110130e-01 3.857891520629875282e-01
6.764753604376246010e-02 3.005433777334615142e-01
0.000000000000000000e+00 2.196430481116345146e-01
5.339323628946270883e-01 4.898256348172733143e-01
3.561385656668675792e-01 2.417102372486729933e-01
2.247035371563673445e-01 1.017546273851143851e-01
1.436760001854341384e-01 0.000000000000000000e+00
7.609253163970145506e-01 4.786158087600354549e-01
4.985628853553381590e-01 3.304962284893477320e-01
4.181998980112187625e-01 4.637721507394182430e-01
4.411297575448518971e-01 5.951521606607691472e-01
1.000000000000000000e+00 4.976278729733205619e-01
7.232455611700894238e-01 3.878539404120363021e-01
6.096979741319363821e-01 4.911261923064383361e-01
6.037052060636965978e-01 6.146804450192111524e-01
