1.000000000000000000e+00 9.443610395558702519e-01
5.961753834633380933e-01 1.000000000000000000e+00
3.142141680225978284e-01 9.556481216130396916e-01
1.056508038173081948e-01 8.876345597056636283e-01
0.000000000000000000e+00 8.080794601488576756e-01
3.207410004026936545e-01 6.438876715574720633e-01
1.577940320175429678e-01 5.392494680707549115e-01
2.132755961583061577e-01 6.008621093631713039e-01
3.157054015854708351e-01 6.536206171511436125e-01
5.098079685601470956e-01 5.283976854596513784e-01
2.552234949806521658e-01 4.174493670791342148e-01
2.888878034502381231e-01 4.815709481871228714e-01
3.848937911542177348e-01 5.416050437013087970e-01
6.996105458362890106e-01 4.677226535366045823e-01
4.357663216257144922e-01 2.526800448901114771e-01
3.245130629379155973e-01 1.285044877254345186e-01
2.533629878437195782e-01 2.312076389487767794e-02
8.583531941062395587e-01 4.439746930672595071e-01
7.571075981664492360e-01 2.421128840998529874e-01
7.088210844744058381e-01 1.178501288800304081e-01
6.466553197521698326e-01 0.000000000000000000e+00
