1.000000000000000000e+00 5.799466786555553810e-01
8.637025114006543491e-01 7.848059886023006637e-01
7.158973288280933156e-01 9.682144588664595153e-01
6.377954779263166341e-01 1.000000000000000000e+00
6.778102653921845855e-01 8.506017463264184952e-01
4.639668537108598279e-01 5.981791875305397799e-01
2.687469645097845250e-01 5.286993230532422983e-01
1.376680356671773353e-01 4.765108904893123887e-01
2.655813404308410980e-02 3.965930727972560299e-01
5.146036337550378148e-01 3.465679742365894156e-01
2.838144761914959124e-01 3.386915029703932434e-01
1.325730220351681032e-01 3.407569192493101196e-01
0.000000000000000000e+00 3.255657653727493384e-01
6.179545770210751465e-01 1.295585796595930261e-01
5.077133646630126451e-01 2.995526074404135652e-01
6.338571106088766172e-01 5.690374249543510565e-01
7.397022936929911197e-01 7.362357493039555223e-01
7.547136534528227081e-01 0.000000000000000000e+00
6.874186681941892862e-01 2.734203861273064029e-01
7.736552908464336964e-01 5.489656249732107751e-01
8.560152895021185815e-01 7.107439937286935683e-01
