1.000000000000000000e+00 6.231565075182697866e-01
9.951649237672777204e-01 7.877996465059855513e-01
9.348877324354070151e-01 7.703703371563297431e-01
8.747621295518805962e-01 5.031024480438802682e-01
8.045285945641736935e-01 2.457729094448774243e-01
5.916049660457783910e-01 8.264114895337727473e-01
4.576652310238229493e-01 9.313515602325755927e-01
3.558693287048737552e-01 9.767567087228887779e-01
2.416664712369643031e-01 1.000000000000000000e+00
5.126329266223133008e-01 5.894500461433607175e-01
2.623153426650716713e-01 5.777285319237053240e-01
1.310985549166615027e-01 4.924303691794960636e-01
0.000000000000000000e+00 4.045741440651159371e-01
5.101452134202679733e-01 3.531791226565531572e-01
3.960495044561307965e-01 1.999592169324937441e-01
5.953118526925654796e-01 2.460280838602589837e-01
7.173777066350941478e-01 3.166333363769472387e-01
5.713126405009131270e-01 1.317770003880607832e-01
4.985841567081762959e-01 0.000000000000000000e+00
6.302357990643288055e-01 4.744552474621151900e-02
7.243759715785514919e-01 1.290630207433157428e-01
