1.000000000000000000e+00 4.987286206064560634e-01
8.367369294470127228e-01 7.193309987188505339e-01
6.892642699193201050e-01 8.886718949117637933e-01
5.953941763582356606e-01 1.000000000000000000e+00
5.846644606267419331e-01 9.389527622873105051e-01
4.640725552400455367e-01 3.807396853877600962e-01
2.669679680433686975e-01 3.222640917941869132e-01
1.256130110810004252e-01 2.913374588384018415e-01
6.713765443885246278e-03 2.249137263097799044e-01
5.186562192166047636e-01 1.686041078340418664e-01
2.881172225852242086e-01 2.129120832441286360e-01
1.302966125200064607e-01 2.284245685041136065e-01
0.000000000000000000e+00 2.111016525808194488e-01
6.198453669950033662e-01 2.012957195336208260e-02
5.047936698682857770e-01 4.106920755640285914e-01
5.978750078098952203e-01 7.431342114474269733e-01
6.970478888174562737e-01 9.169145283025279536e-01
7.494290163736276877e-01 0.000000000000000000e+00
6.709486497202159505e-01 4.403838605755996949e-01
7.276235554613502687e-01 7.391716111558550573e-01
7.990134131665198591e-01 8.862695273340197577e-01
