0.000000000000000000e+00 1.000000000000000000e+00
2.880458934590767600e-02 7.602472082165615541e-01
2.021230432435119906e-01 5.647094411836653949e-01
4.354829156740922524e-01 4.916804510604186884e-01
6.185779598265802592e-01 4.873866028808310213e-01
1.882094341075109811e-01 4.251981204532407355e-01
3.711864445286636727e-01 2.264934222962684263e-01
4.661344898736938802e-01 1.054195379056489246e-01
5.339988132167979851e-01 0.000000000000000000e+00
2.982198833156784468e-01 4.707494302243353523e-01
6.496167100258347649e-01 3.469953952283597043e-01
8.520494200998552925e-01 2.991050000800170583e-01
1.000000000000000000e+00 2.533608672261764561e-01
3.959616930348421882e-01 5.636958114494676764e-01
7.070153406337776891e-01 5.753059870694826605e-01
6.288386521689121045e-01 6.701266928873972351e-01
5.404525214599219529e-01 7.125701518050105987e-01
4.854002471522777529e-01 6.862160193687026899e-01
6.888681563749337045e-01 7.435821198313937730e-01
6.076039929215688584e-01 8.123490279490590549e-01
5.376917790562828481e-01 8.310111738720330488e-01
