7.330880202470189122e-01 1.000000000000000000e+00
1.000000000000000000e+00 7.974519049778054924e-01
9.670706969539605291e-01 5.931459987573147741e-01
6.643283262298181890e-01 4.905323419018187137e-01
3.830094619781866383e-01 4.642291552691967249e-01
7.815407847869300095e-01 4.563754455605422700e-01
6.456623053164659565e-01 2.356731779741945698e-01
5.331900968332705659e-01 1.036659975919403259e-01
4.281358194835940267e-01 0.000000000000000000e+00
4.483789510944763967e-01 4.904482521382811933e-01
2.455024219179285094e-01 3.086597413211499830e-01
1.179286410574256205e-01 2.031456731379858438e-01
1.932457953433045633e-02 1.353662769961750112e-01
1.873912549360454982e-01 5.680071202093256444e-01
1.579045213479322862e-01 4.582099582007608807e-01
3.014156495022966009e-01 5.278646170040698360e-01
3.979173540943938825e-01 6.045772556612538651e-01
0.000000000000000000e+00 6.651898274998281346e-01
5.532189682261472174e-02 6.111789114450624227e-01
1.571954274994414869e-01 6.619168010243108302e-01
2.233346070039995968e-01 7.208993720117047310e-01
