1.000000000000000000e+00 3.756528883656258255e-01
7.944020543595313733e-01 5.953908795053896030e-01
6.436008636253466308e-01 7.021236189065489519e-01
5.503171655996860201e-01 8.394445961601293416e-01
4.598561758667422117e-01 9.165098417773531736e-01
4.646391943215601450e-01 1.568200569625448626e-01
2.543783858261018382e-01 1.419870349232190687e-01
1.187404524689493479e-01 8.232840065070021196e-02
0.000000000000000000e+00 0.000000000000000000e+00
5.244468951575452786e-01 8.691454331655963650e-02
2.827695809977879282e-01 2.762357242537324953e-01
1.288349732006712767e-01 3.306462441850961942e-01
1.092266838030641826e-02 3.434605516164848105e-01
6.129002711310552742e-01 1.170211165883795618e-01
4.417330967037815803e-01 5.809278947397987780e-01
5.227202022898176370e-01 8.266616386055067878e-01
6.183758856524786962e-01 9.006015008436378810e-01
7.176328900573472058e-01 2.290791671370658311e-01
6.013638832013936675e-01 6.378358944491328009e-01
6.401594153543126442e-01 8.922338019445259505e-01
7.020820555644342598e-01 1.000000000000000000e+00
