7.738455333976537176e-01 1.000000000000000000e+00
9.152290731551792069e-01 7.909918347628300817e-01
8.405832618551648538e-01 5.740443074080530117e-01
6.757438587266219043e-01 4.478082659240290031e-01
4.797220500533558307e-01 4.081935229112342300e-01
9.614267716572902911e-01 4.079743516661555880e-01
9.546852601111371905e-01 2.153513724855857236e-01
9.722428362220030262e-01 1.037187640428541974e-01
1.000000000000000000e+00 0.000000000000000000e+00
7.657882683803979296e-01 3.698878604431692363e-01
5.477027253703679044e-01 1.872204674586386008e-01
4.593856882663580055e-01 1.801732523282754961e-01
4.513760092697568505e-01 1.700039552462481451e-01
5.461476142153719460e-01 3.864482104943560703e-01
2.332671491096060812e-01 2.641416812888955912e-01
1.730822536263521838e-01 3.473575538283280584e-01
2.262149008485777046e-01 4.015924353374545341e-01
3.101073897521124945e-01 4.374049302825676611e-01
3.881544118784224784e-02 4.013639652630335841e-01
0.000000000000000000e+00 4.959079744597920669e-01
6.489781496889658607e-02 5.628593294722287199e-01
