1.000000000000000000e+00 1.000000000000000000e+00
7.829102784467463216e-01 9.745912933206440920e-01
6.855357104649240085e-01 8.162700886385553245e-01
7.977060767321114687e-01 6.557846399768649803e-01
9.118803484696631489e-01 5.324202303343070763e-01
3.978296326007265127e-01 5.844284101845289570e-01
2.109431736967510573e-01 4.089859127898639590e-01
9.202432943431586299e-02 2.943797857974105314e-01
0.000000000000000000e+00 1.937799259431295384e-01
5.435781231621290566e-01 5.191272626995041550e-01
4.463026127073712601e-01 2.875474686883417452e-01
4.099117074789338511e-01 1.289552784532981833e-01
3.866723587951932939e-01 0.000000000000000000e+00
7.178065018190924462e-01 5.222954728860013107e-01
7.795868135072806515e-01 3.960350331306004001e-01
8.108392934832260313e-01 5.158258350140524362e-01
8.118376801474338489e-01 6.117951069360526573e-01
8.969907002529420303e-01 5.712065449723107147e-01
9.537204365640691295e-01 4.892006512071797597e-01
9.608168045943673574e-01 5.773150963014055392e-01
9.401177437389699465e-01 6.617402926564337484e-01
