9.951830039605478184e-01 1.000000000000000000e+00
7.631697871212826945e-01 9.769459924806054296e-01
6.674459489591879624e-01 8.461007577550795355e-01
7.777512260686029189e-01 6.948221892047850012e-01
8.698010881559398166e-01 5.606203247574617077e-01
3.505936037788268123e-01 5.986717756348178821e-01
1.798262343617984815e-01 4.113957198238035740e-01
7.558330364740750706e-02 2.907885321643194909e-01
0.000000000000000000e+00 1.802238692496430927e-01
5.374912532019086031e-01 5.200636421347446525e-01
4.687842717839174056e-01 2.834351737692389350e-01
4.565178099802818523e-01 1.309153050509987426e-01
4.499753158561115574e-01 0.000000000000000000e+00
7.492533206911933252e-01 5.126199757114926481e-01
7.947987457584519966e-01 3.884389294407599169e-01
8.271169468345196396e-01 5.163767896834284832e-01
8.401320423757500100e-01 6.120534669224814150e-01
9.548113894541823132e-01 5.545016838367071710e-01
9.997226461355575022e-01 5.049666423360881229e-01
1.000000000000000000e+00 6.030027528171888473e-01
9.727648306432030711e-01 6.815499555994595227e-01
