9.444879989464881609e-01 8.777532567944590358e-01
7.971587506040336280e-01 1.000000000000000000e+00
6.806202036605862871e-01 9.879588461228739904e-01
8.253016219416979826e-01 8.248657788390171275e-01
9.419567512824982281e-01 6.585289233566925526e-01
4.500328487778914033e-01 6.449978151780877411e-01
2.357124346169733320e-01 4.667707473991118405e-01
9.872559231112687517e-02 3.347885021132204209e-01
0.000000000000000000e+00 1.969266608573313204e-01
5.628449374220220180e-01 4.855661155919817618e-01
5.026335958970342688e-01 2.828839066929718649e-01
5.591615948655624946e-01 1.431500067387370678e-01
6.025240938485084685e-01 0.000000000000000000e+00
7.040284246159576043e-01 4.063127446718963198e-01
8.264831953292839373e-01 3.867674190223322483e-01
8.885107243867232940e-01 5.758121710555804684e-01
8.753506884835692281e-01 6.907101280344717376e-01
8.560425955989433566e-01 3.820077789314209604e-01
9.707973492129058357e-01 3.746651223121001406e-01
1.000000000000000000e+00 5.300514343012979745e-01
9.611522565191095158e-01 6.438903483739338851e-01
