9.124182461853561632e-01 9.520065204656739111e-01
5.341086290039536166e-01 1.000000000000000000e+00
1.503809435283672280e-01 8.611633588093443592e-01
4.792223912099324162e-02 6.145846000593379044e-01
5.243783024053771252e-03 4.528608490195562553e-01
0.000000000000000000e+00 5.920924881037330501e-01
7.454461462521855264e-02 3.635774701532143438e-01
1.688014942858470646e-01 1.742916732926180767e-01
2.793798890023189707e-01 0.000000000000000000e+00
2.272177099476422879e-01 4.523394800394574533e-01
4.199523780523961580e-01 3.354320170325633121e-01
6.409270694272385382e-01 5.335900878473197606e-01
7.116566395876771089e-01 6.724750889230624029e-01
4.710313841696088244e-01 3.696177786469221904e-01
7.198318207241612976e-01 2.967715540802064456e-01
8.518879702296718870e-01 5.016016123256286097e-01
8.350580229720006020e-01 6.369937589273848566e-01
7.389871742067416482e-01 3.302473608122201698e-01
9.149021117765558930e-01 2.786206242908172981e-01
1.000000000000000000e+00 4.539814216853137463e-01
9.475050763089024608e-01 5.717389773437467904e-01
