9.325259435504783950e-03 1.000000000000000000e+00
0.000000000000000000e+00 7.514543056993012726e-01
1.378003575913617496e-01 5.551682936475023089e-01
3.468193499000863933e-01 4.757927850281701287e-01
5.306820514104351183e-01 4.698039088409910469e-01
1.552836055673720017e-01 4.234365777987736390e-01
3.245768036649239741e-01 2.232518821169142409e-01
4.206741155295425916e-01 1.015052127095631834e-01
4.930013648733813647e-01 0.000000000000000000e+00
3.103911308153550208e-01 4.690505812534784269e-01
6.638276549474750876e-01 3.495089006129276088e-01
8.632578527891585640e-01 3.107144531433125301e-01
1.000000000000000000e+00 2.740710822938566826e-01
4.520366521388322623e-01 5.593569729381459021e-01
7.201221723092565696e-01 5.663191526957875865e-01
6.592336201673186791e-01 6.601819429769362202e-01
5.798995115527479927e-01 7.142959145771953233e-01
5.767304561021113773e-01 6.749204540400451924e-01
7.352515866046701598e-01 7.244197382165596943e-01
6.516119852152749692e-01 7.962619709607661189e-01
5.760836759548941810e-01 8.330926820120950760e-01
