6.969450799509254724e-01 5.967540879123608422e-01
5.950537341496036081e-01 8.692176371018139891e-01
4.447315033477594048e-01 1.000000000000000000e+00
2.336111867801907716e-01 9.287151270346443166e-01
3.319481624702757400e-02 7.437374548374147132e-01
9.328187437658350678e-01 8.682800349298712694e-01
5.471305431583431966e-01 8.494400460213469284e-01
2.485383635406575031e-01 7.183812239526211618e-01
0.000000000000000000e+00 5.756976662376307452e-01
1.000000000000000000e+00 5.805162502534898517e-01
6.307554015775125311e-01 3.633981301758495430e-01
3.958190387045635861e-01 2.119055403576587115e-01
1.789591939979968682e-01 1.064287103676327534e-01
9.716968910590553232e-01 3.185788425962330361e-01
6.027922914486202322e-01 1.584243482723371177e-01
4.689511702308509777e-01 1.818163946909906459e-01
4.046770574536546761e-01 2.255594366523608618e-01
9.049475459664056975e-01 9.415090201012303595e-02
6.902288232968825099e-01 0.000000000000000000e+00
6.046456434067880581e-01 5.635959557499782557e-02
5.778131317372505737e-01 1.268566840626254577e-01
