7.991997438255808994e-01 1.000000000000000000e+00
4.487636717651923846e-01 9.523512382312435687e-01
1.979576267777822529e-01 7.908816956383425412e-01
2.965650005922144672e-01 6.625832077633653228e-01
5.455228475893315609e-01 6.161869079471579136e-01
2.303560908868083623e-01 5.073976750192717988e-01
7.547723263183882259e-02 3.250637390165752594e-01
2.149927367618957932e-02 2.135703722023493123e-01
0.000000000000000000e+00 1.161286886905254639e-01
5.118906218785131967e-01 4.805413453455010808e-01
5.496514601253005283e-01 2.467876592727479557e-01
5.825723618290338246e-01 1.063723459528242571e-01
6.302541811118476112e-01 0.000000000000000000e+00
7.660232899168655241e-01 5.184296956104196274e-01
8.002781741306058683e-01 3.574025316102241723e-01
7.181212512991496100e-01 4.977122564599141818e-01
6.811970687495431109e-01 6.239558578764032859e-01
1.000000000000000000e+00 5.960491483015394332e-01
9.544892633629914469e-01 5.730423500714527663e-01
8.731169969104849438e-01 6.947764023531031174e-01
8.416487428275940541e-01 8.010249700576708154e-01
