5.551200105351182523e-02 8.777532567944590358e-01
2.028412493959663443e-01 1.000000000000000000e+00
3.193797963394137129e-01 9.879588461228739904e-01
1.746983780583020451e-01 8.248657788390171275e-01
5.804324871750179277e-02 6.585289233566925526e-01
5.499671512221085967e-01 6.449978151780877411e-01
7.642875653830266680e-01 4.667707473991118405e-01
9.012744076888731248e-01 3.347885021132204209e-01
1.000000000000000000e+00 1.969266608573313204e-01
4.371550625779779820e-01 4.855661155919817618e-01
4.973664041029657312e-01 2.828839066929718649e-01
4.408384051344375609e-01 1.431500067387370678e-01
3.974759061514915315e-01 0.000000000000000000e+00
2.959715753840423402e-01 4.063127446718963198e-01
1.735168046707160350e-01 3.867674190223322483e-01
1.114892756132766782e-01 5.758121710555804684e-01
1.246493115164307303e-01 6.907101280344717376e-01
1.439574044010566711e-01 3.820077789314209604e-01
2.920265078709418510e-02 3.746651223121001406e-01
0.000000000000000000e+00 5.300514343012979745e-01
3.884774348089049811e-02 6.438903483739338851e-01
