1.000000000000000000e+00 1.000000000000000000e+00
7.124757104831813681e-01 9.936921298750825970e-01
4.911508265587506972e-01 8.712733866302979635e-01
5.211463262448076117e-01 7.100715720470185399e-01
6.333347555175434795e-01 6.057007895030765976e-01
3.830893470065719897e-01 5.668726586917784971e-01
1.858966405556914947e-01 4.019854535434326803e-01
8.147922197042478665e-02 3.004653667556044239e-01
0.000000000000000000e+00 2.058709391803380806e-01
5.470019621238015883e-01 4.815251828865034223e-01
4.445066173250480368e-01 2.402523202778071576e-01
4.010047813179266618e-01 1.012818827124726262e-01
3.798246986318097318e-01 0.000000000000000000e+00
7.332796499661372591e-01 4.633271759654961075e-01
6.260459797059216847e-01 2.582179151811976880e-01
6.535748888693815317e-01 3.528969888916085873e-01
7.044259843844173918e-01 4.571688959932049823e-01
9.435268631798305883e-01 4.893907972959025687e-01
8.779584496622803158e-01 3.362635672681604793e-01
8.747452941640916357e-01 4.334629614097996186e-01
9.046798197455074853e-01 5.504738382101319605e-01
