6.243430453316610451e-02 1.000000000000000000e+00
4.169732898657568243e-01 9.278093656370515196e-01
6.827481560324036858e-01 7.582877544783108714e-01
7.054789797570141241e-01 5.959683758532721143e-01
5.930924354660130904e-01 4.806733142396563130e-01
6.250918568550554166e-01 5.143658458539568379e-01
8.130678551452434899e-01 3.422274200216679496e-01
9.163587818465188661e-01 2.330624392169744485e-01
1.000000000000000000e+00 1.291446031642202452e-01
4.500332417435871091e-01 4.650889965651337499e-01
6.721377652346360865e-01 2.479744710896779336e-01
8.372675606119225344e-01 1.178057064467794707e-01
9.649210601732923775e-01 0.000000000000000000e+00
2.319994864413782165e-01 4.512292656663471901e-01
4.864982102919655493e-01 3.300199473648893767e-01
4.615100113770621570e-01 5.066178232606347587e-01
3.838013296933988627e-01 6.289521934261387281e-01
0.000000000000000000e+00 4.737205887500409718e-01
2.813104580145719402e-01 3.975760649360296495e-01
2.953112287073355602e-01 5.476274683497991402e-01
2.291755349756249005e-01 6.687105020872589067e-01
