0.000000000000000000e+00 1.000000000000000000e+00
3.741231621897834203e-01 8.987270004527956324e-01
6.445113862005080740e-01 7.825143318472017606e-01
8.235868339941566640e-01 7.598534762729671765e-01
8.412484681020772070e-01 7.847474080619339931e-01
4.990178585786372856e-01 4.717218671315127065e-01
6.644087175160945380e-01 2.824990748850491062e-01
7.293405396398781049e-01 1.383559511332431990e-01
7.709430094512605969e-01 0.000000000000000000e+00
3.505425112688289047e-01 5.087607286828561559e-01
6.365832859663641541e-01 4.795109341993081808e-01
8.447817206044861971e-01 4.663331856769707962e-01
1.000000000000000000e+00 4.392658479108434988e-01
2.391489290495910358e-01 6.161284967211754227e-01
6.451023978040951734e-01 7.295331085129452831e-01
6.739767562731638906e-01 8.220630929689453081e-01
6.165733894889298128e-01 8.523601873968700282e-01
1.869597858734104168e-01 7.666438588012113309e-01
5.424076637827555114e-01 8.919896294032174655e-01
5.514370275059530258e-01 9.400096248157850942e-01
4.828157145713020681e-01 9.365248312230886052e-01
