0.000000000000000000e+00 1.000000000000000000e+00
3.557384986916460878e-01 9.826154493693459724e-01
6.395068403606497531e-01 8.546583253869700636e-01
7.265695707348369670e-01 7.088695133288874795e-01
7.272349448514205950e-01 5.978109597494782879e-01
6.421461442397121688e-01 5.682026923304613897e-01
8.316147528250155130e-01 4.004122056673669050e-01
9.256744024645876534e-01 3.065402470694968962e-01
1.000000000000000000e+00 2.192149009466725640e-01
4.461513009899911175e-01 5.070735068034781801e-01
5.480588547414462219e-01 2.563249034843713137e-01
6.273005138592707697e-01 1.111784673074508317e-01
6.697771258985475429e-01 0.000000000000000000e+00
2.346827771400211149e-01 5.037721375463913853e-01
3.785904075567776972e-01 3.301815147286530916e-01
4.111953532757267604e-01 4.484764074417247892e-01
3.844573206284133682e-01 5.604448264776639155e-01
7.091540387482574148e-03 5.352649926347936571e-01
1.404094734102541986e-01 3.965572376687862555e-01
1.956538844089004414e-01 4.886679077054503773e-01
1.823492265883335517e-01 5.979599164755449170e-01
