1.908620917610339418e-01 6.275056901525823960e-01
3.438156055457556315e-01 8.778753097673911432e-01
5.635661166037049252e-01 1.000000000000000000e+00
8.044525606009069740e-01 9.355529585440363061e-01
1.000000000000000000e+00 7.461268737490270864e-01
9.856722968735344426e-02 9.725312382782409504e-01
4.648254266726483119e-01 9.040864482941612934e-01
7.336212283697336467e-01 7.599815179015709798e-01
9.474523944858853630e-01 5.965571167926451146e-01
1.798969182838397116e-02 6.514859222652060744e-01
4.214972048605029054e-01 4.239526922659079267e-01
6.447142087105293129e-01 2.494258433742750081e-01
8.356645561395320554e-01 1.009091726019656077e-01
0.000000000000000000e+00 3.496449550443297416e-01
3.909415331625474832e-01 1.901045217656439634e-01
5.746167206634656965e-01 1.571067781553578124e-01
6.813327396887207676e-01 1.463854621798772182e-01
1.186942681277254955e-02 9.660048310971365570e-02
2.177754373514711461e-01 1.872351916321785123e-03
3.239853140760445283e-01 0.000000000000000000e+00
3.842361364584051531e-01 3.012394272248373854e-03
