0.000000000000000000e+00 6.068491862658117464e-01
1.434617309185039213e-01 9.606741310011774893e-01
3.858121051486930742e-01 1.000000000000000000e+00
5.863269214107762473e-01 8.157245343764362167e-01
7.232912453298583344e-01 5.859223634302229700e-01
2.798613765800682662e-01 9.543250379810247486e-01
6.208823451404887894e-01 9.160917818192032547e-01
8.301468453447108375e-01 8.483626608487617737e-01
1.000000000000000000e+00 8.065394468152511376e-01
2.238246979547741100e-01 5.977477857082105217e-01
5.876659104853411142e-01 3.855286638716378111e-01
8.281761295421713465e-01 2.613980138284482946e-01
9.909699572636727627e-01 1.648959745185754056e-01
2.088178640323501700e-01 2.697128735971209834e-01
5.931029190485199720e-01 1.847496919772059210e-01
6.354684994191608371e-01 3.558207529723516616e-01
5.769945947475161319e-01 4.763462293250184665e-01
2.224448291165762870e-01 9.843464337631996700e-03
5.419140994516948862e-01 0.000000000000000000e+00
5.862148910550762926e-01 1.602750473836204448e-01
5.447622449214143403e-01 2.883395718190550627e-01
