8.122061176872151789e-01 6.041237973956189444e-01
8.172971448918572301e-01 8.527231855136159222e-01
7.929955660698068121e-01 1.000000000000000000e+00
8.584398330556760603e-01 7.976064387380321641e-01
8.866826176212497801e-01 5.106033016780164857e-01
3.664023663357128813e-01 8.691312129706560974e-01
2.099554719448872286e-01 9.364479395572397058e-01
1.088710652580698324e-01 9.153486873267434598e-01
2.472371744671212485e-02 8.475373302376866258e-01
3.223617269893651605e-01 5.058336504041682780e-01
1.639502265726335006e-01 3.430334360901671764e-01
8.945445808470181559e-02 1.676102435880512109e-01
0.000000000000000000e+00 0.000000000000000000e+00
3.854967167760484648e-01 2.155152465775762305e-01
5.390749560509845439e-01 1.315566689702833414e-01
7.640998134686012300e-01 3.132410721912053386e-01
8.632819420028324808e-01 4.681815534659077849e-01
5.191565800047069912e-01 4.766448211332241156e-03
7.642124755235295552e-01 2.281221123906105458e-02
9.322783079142439311e-01 2.141658836958294232e-01
1.000000000000000000e+00 3.707742869788714368e-01
