0.000000000000000000e+00 6.971712209718690101e-01
1.575162053802909579e-01 1.000000000000000000e+00
3.484963674181604798e-01 9.909130675461721438e-01
4.694400147133335754e-01 7.354827408671954503e-01
5.224994047746406300e-01 4.525818052313540507e-01
3.664300636378990395e-01 8.747498325765405980e-01
6.578830144306299088e-01 8.219818292319424069e-01
8.328535490681935327e-01 7.551032218854397682e-01
9.719961832738714946e-01 7.091651279192651147e-01
3.241571130909973175e-01 5.384597815946455812e-01
6.363463269246264487e-01 3.536693802815810694e-01
8.421472589815295340e-01 2.553345178785028091e-01
1.000000000000000000e+00 1.668544132049688822e-01
2.750696857528769912e-01 2.479655630267064703e-01
5.411167565840119265e-01 1.363359230742431094e-01
5.176366525891505921e-01 2.917333457207337832e-01
4.484037489865235759e-01 3.910524258014067556e-01
2.310774102529901119e-01 5.959336422441324083e-02
4.456036859814070938e-01 0.000000000000000000e+00
4.350166412719021491e-01 1.485498999330306102e-01
3.760769254231562941e-01 2.218302771293747810e-01
