7.971070207877128944e-01 1.000000000000000000e+00
1.000000000000000000e+00 7.802427655748553903e-01
9.222305965037772557e-01 5.914216049116767238e-01
6.890265607655114977e-01 5.064840228946382306e-01
4.742909790570793427e-01 4.767478152815133874e-01
7.687588358745787165e-01 4.402896523530366313e-01
6.040324063608174532e-01 2.246542043419994250e-01
4.780575078363030750e-01 9.553553583061413779e-02
3.749875580763689653e-01 0.000000000000000000e+00
4.648673817468966796e-01 4.785570896896707005e-01
2.562703077499265958e-01 2.981216296281419265e-01
1.103202171558521766e-01 1.961230053925949735e-01
0.000000000000000000e+00 1.365557978251454307e-01
2.324444457565870426e-01 5.614631758681779550e-01
1.469882531370517997e-01 4.586796904837721622e-01
2.627198635521649783e-01 5.102827621929432178e-01
3.615705250407420523e-01 5.850411611750007124e-01
7.161086217891401984e-02 6.682731289263303953e-01
7.695519557860427962e-02 6.285746147325034228e-01
1.706669208474341781e-01 6.628666046217522867e-01
2.566410348981196243e-01 7.194648804296454037e-01
