4.280763998509330426e-01 7.021701181479699239e-01
6.142139292780250948e-01 9.865336246729067282e-01
7.707898428434221128e-01 1.000000000000000000e+00
9.543806600758060199e-01 7.676828538658091450e-01
1.000000000000000000e+00 4.684532184904439123e-01
1.900350852741832242e-01 9.353648997375558771e-01
5.884067104374145485e-01 7.092935477057008553e-01
8.500855923139617465e-01 5.468592308896899068e-01
9.668450218601254420e-01 3.832842957889273094e-01
9.399550981206048275e-03 6.623908390402722945e-01
6.126653901040135519e-01 2.803716310976137605e-01
8.289608032649301572e-01 3.197738463095256001e-01
8.435630035176168162e-01 3.930610239439421560e-01
0.000000000000000000e+00 4.125811985937825055e-01
6.149610820080411155e-01 1.071046148388494351e-01
7.965569166164222503e-01 2.027863098103176165e-01
7.851490518189503387e-01 3.034910345363595607e-01
9.233395848545536411e-02 2.039763696365065604e-01
5.353841655734079552e-01 0.000000000000000000e+00
6.701247981384808039e-01 9.090164057422983612e-02
6.769596095172593087e-01 1.761007668633170209e-01
