0.000000000000000000e+00 1.000000000000000000e+00
1.918156867357755369e-01 9.921736157990780347e-01
3.243552121787930398e-01 8.027473934767730412e-01
2.738409650992377209e-01 5.705198459697454760e-01
2.250319803621745884e-01 3.965651626509293370e-01
6.284791305268196959e-01 6.361469893204806381e-01
7.993985710708330084e-01 4.454660358180996815e-01
9.096675024010929533e-01 3.194966242954952462e-01
1.000000000000000000e+00 1.982476492361475440e-01
5.171844358846169332e-01 5.293928053893399710e-01
6.652131301273663810e-01 3.012163979699360450e-01
7.433537337731008776e-01 1.377668805484620340e-01
8.137910280782849615e-01 0.000000000000000000e+00
3.747059654017727559e-01 4.911712060374437416e-01
3.932562710870931566e-01 3.267017207215680563e-01
3.018060895036051572e-01 4.307422522590441116e-01
2.486825447283315671e-01 5.256388029331658940e-01
2.303392836648754383e-01 5.031546930433205000e-01
2.048779712911213413e-01 4.155086689290054536e-01
1.591621618100126367e-01 5.164565134165007843e-01
1.508314715678650275e-01 6.125769764502465575e-01
