9.280859286103367856e-01 1.000000000000000000e+00
5.270673814325805839e-01 9.158833095639041799e-01
2.122200790490195721e-01 7.419135064813626723e-01
3.976042336208623212e-02 5.925786285161470657e-01
1.520762767115343417e-01 4.720378546246997153e-01
5.831657546639654743e-01 4.691627115545973781e-01
3.571600059057464249e-01 2.716137068643119101e-01
1.679771539046429063e-01 1.475343861103481369e-01
2.427552175932588124e-02 5.020463307954312060e-02
7.347322150847541700e-01 4.383258901564770493e-01
4.929087195585584169e-01 2.131636735736732458e-01
2.044036626553690783e-01 9.142312895819498797e-02
0.000000000000000000e+00 0.000000000000000000e+00
8.964612172306908322e-01 4.346630595539855979e-01
4.435257967402522206e-01 3.245330154003187584e-01
3.931245351992118664e-01 4.904858289742663469e-01
4.875136879474325502e-01 6.014354182012652261e-01
1.000000000000000000e+00 4.609187862296565963e-01
5.171987612883784946e-01 4.130871466473896025e-01
4.775694489469930470e-01 5.446395188960693190e-01
5.898523088981397766e-01 6.387681298536966867e-01
