0.000000000000000000e+00 9.418820617608230084e-01
1.719549241140609086e-01 1.000000000000000000e+00
3.271843608091880018e-01 8.813041568971329287e-01
3.023109762637258835e-01 6.202871430840271039e-01
2.619104354349847119e-01 4.217647817427544465e-01
5.592804816316752081e-01 6.744200929664748712e-01
7.711642585050096921e-01 5.492974021829111209e-01
8.990117713355190165e-01 4.540910128214892261e-01
1.000000000000000000e+00 3.608399354716627094e-01
4.892969590538863156e-01 5.064799946811532338e-01
6.896801034938152553e-01 3.057761874069668262e-01
8.120481344272612034e-01 1.433566733212147948e-01
9.075373273176946531e-01 0.000000000000000000e+00
3.724028653778890252e-01 4.099159724498113166e-01
4.575858199483600619e-01 2.596895137028724654e-01
3.769804411033124136e-01 3.913413376816656242e-01
3.020318741974420962e-01 5.001483831079066578e-01
2.308029730685698944e-01 3.670911008699659361e-01
2.765505806139910705e-01 3.156555858741492693e-01
2.366151333425131620e-01 4.397541774993707353e-01
1.947615196367677159e-01 5.432429290645810482e-01
