8.540956179331982145e-01 3.908069988149696639e-01
8.877225748367039149e-01 6.347161918328664276e-01
8.749252776930123154e-01 7.864595701770760172e-01
9.025631803640318251e-01 6.008678747146677379e-01
8.906565760342038951e-01 3.629267826384280360e-01
5.010422019154364692e-01 7.713359357987958909e-01
3.251915771626284757e-01 8.630480264005576663e-01
1.993439106991073961e-01 9.457381104656846782e-01
6.216730782365020858e-02 1.000000000000000000e+00
4.109545695174179891e-01 4.876594572724782806e-01
2.662532250939487755e-01 3.984945719393302999e-01
1.478378111340682144e-01 3.267929662908917732e-01
0.000000000000000000e+00 2.593667282049088030e-01
4.302109439993409001e-01 2.284717119335112900e-01
5.915738205873811717e-01 1.473642308006617163e-01
8.383062224822018793e-01 2.421676613223040231e-01
9.662411101949643921e-01 3.415074969755906298e-01
5.215259992824327062e-01 1.978688170903736623e-02
7.367454795736682049e-01 0.000000000000000000e+00
9.108662094482415927e-01 1.123277081018407425e-01
1.000000000000000000e+00 2.217574312566251704e-01
