9.500782323320104972e-01 3.942426491649944631e-01
9.460591757909717625e-01 6.546128036002369921e-01
8.937526334920258275e-01 8.105262911424711003e-01
8.688413157817604926e-01 7.062229902228216449e-01
8.748075462229774057e-01 5.651856118521848549e-01
6.404870100351330864e-01 7.631881078541329355e-01
4.294725399007295885e-01 8.885835227968957861e-01
2.610873631400913997e-01 9.674530477682323770e-01
1.041347855056332650e-01 1.000000000000000000e+00
5.773635713446944040e-01 4.878548197891276472e-01
3.498712120886828258e-01 4.547092329437915637e-01
1.631950155335191166e-01 4.451773230652277813e-01
0.000000000000000000e+00 4.222623783511245676e-01
5.941501519374380313e-01 2.263072985813062155e-01
6.035595944426948023e-01 1.526358264474743098e-01
8.004568671110753320e-01 2.370234045060718164e-01
9.591743161228425407e-01 3.065959466114705489e-01
6.572923529458986058e-01 2.144157771049967631e-02
7.334779120844450162e-01 0.000000000000000000e+00
8.846065168531355161e-01 8.923675257502640401e-02
1.000000000000000000e+00 1.720112562039072812e-01
