1.000000000000000000e+00 1.000000000000000000e+00
4.920251662495470080e-01 9.166998406329989191e-01
1.711487005597336630e-01 7.515341034972031764e-01
0.000000000000000000e+00 6.245550595222821855e-01
5.770497326835048735e-02 5.356819670620025509e-01
4.844791356323814302e-01 4.670826523200686808e-01
3.582812711115583304e-01 2.536293052293754346e-01
2.303164663229834430e-01 1.118175027654746967e-01
1.584383764388366256e-01 0.000000000000000000e+00
6.153288216195925697e-01 4.422618296164561591e-01
4.573497761574151221e-01 1.922963476477226319e-01
2.881941480385578069e-01 9.005963298425279095e-02
1.921052170388331259e-01 1.966953499898657642e-02
7.659127796901650242e-01 4.397784863688111168e-01
3.117831256780431715e-01 2.676615386435041710e-01
1.520840623740373210e-01 4.250454819354984592e-01
1.858840382909608679e-01 5.796371914204082598e-01
8.889682550002063754e-01 4.538530456095972165e-01
4.087734760528855538e-01 3.515487855737942646e-01
2.248078865856698860e-01 4.585467158604207838e-01
2.165390810101550378e-01 5.900222679790800839e-01
