0.000000000000000000e+00 1.000000000000000000e+00
1.463430941549415942e-01 8.061988764822807241e-01
3.224737995929928269e-01 6.502422468458008975e-01
4.984542434741809913e-01 6.057323558163100197e-01
6.288873150299517656e-01 6.055376125828927369e-01
2.933899179141651326e-01 4.573594069643073246e-01
4.627963489879949321e-01 2.526265264231740137e-01
5.516564989215225756e-01 1.209622309356920000e-01
6.200083159596312399e-01 0.000000000000000000e+00
3.102740851642917796e-01 5.203200645156859094e-01
6.526818876884535880e-01 4.110387807079962097e-01
8.502749986281780137e-01 3.620653553185720352e-01
1.000000000000000000e+00 3.118738122197489138e-01
3.272592166577898976e-01 6.321871664816990366e-01
6.747353963213610362e-01 6.968426493516186593e-01
6.010313128079020073e-01 7.764110633363466851e-01
4.987275392309740152e-01 7.917364562432802622e-01
3.544671055660848502e-01 7.709941137581293180e-01
6.033219419833345532e-01 8.505068520868616089e-01
5.273935785533175880e-01 8.979868813323841348e-01
4.313172962342474714e-01 8.880306639145711944e-01
