1.000000000000000000e+00 1.000000000000000000e+00
9.519552714250669734e-01 7.836872608631370030e-01
7.550245697108002307e-01 5.902200274615806430e-01
5.088689142225155670e-01 5.002364434136958860e-01
2.776160520130650511e-01 4.801354382349801719e-01
7.880635496129174689e-01 4.322794736287276507e-01
5.766889980876035438e-01 2.262746893997105435e-01
4.743414369127954000e-01 1.093843752755605803e-01
4.090360385457075254e-01 0.000000000000000000e+00
6.466085800253468241e-01 4.538765448796616697e-01
2.447655596783911147e-01 2.921957429908989545e-01
1.427894298864857414e-01 3.027729599566130747e-01
1.348507770459365096e-01 2.977955484658443841e-01
4.941540145376976390e-01 5.169514927179075237e-01
4.062025873086489575e-02 4.002369572409531506e-01
8.349108277593876581e-02 5.024444917386522436e-01
2.176445350187923289e-01 5.600401348813125457e-01
3.391192284839560922e-01 6.104885237510848661e-01
0.000000000000000000e+00 5.330309708550550196e-01
5.157570260621680003e-02 6.118540611248904915e-01
1.820981952909390689e-01 6.643073708022799728e-01
