3.030549200490745276e-01 5.967540879123608422e-01
4.049462658503964474e-01 8.692176371018139891e-01
5.552684966522406507e-01 1.000000000000000000e+00
7.663888132198092284e-01 9.287151270346443166e-01
9.668051837529724191e-01 7.437374548374147132e-01
6.718125623416495995e-02 8.682800349298712694e-01
4.528694568416568034e-01 8.494400460213469284e-01
7.514616364593424969e-01 7.183812239526211618e-01
1.000000000000000000e+00 5.756976662376307452e-01
0.000000000000000000e+00 5.805162502534898517e-01
3.692445984224874134e-01 3.633981301758495430e-01
6.041809612954364139e-01 2.119055403576587115e-01
8.210408060020031318e-01 1.064287103676327534e-01
2.830310894094466290e-02 3.185788425962330361e-01
3.972077085513797678e-01 1.584243482723371177e-01
5.310488297691490223e-01 1.818163946909906459e-01
5.953229425463453239e-01 2.255594366523608618e-01
9.505245403359434408e-02 9.415090201012303595e-02
3.097711767031175456e-01 0.000000000000000000e+00
3.953543565932118864e-01 5.635959557499782557e-02
4.221868682627494263e-01 1.268566840626254577e-01
