1.000000000000000000e+00 1.000000000000000000e+00
6.258768378102165242e-01 8.987270004527956324e-01
3.554886137994919815e-01 7.825143318472017606e-01
1.764131660058433082e-01 7.598534762729671765e-01
1.587515318979227930e-01 7.847474080619339931e-01
5.009821414213627699e-01 4.717218671315127065e-01
3.355912824839054620e-01 2.824990748850491062e-01
2.706594603601218951e-01 1.383559511332431990e-01
2.290569905487394309e-01 0.000000000000000000e+00
6.494574887311710398e-01 5.087607286828561559e-01
3.634167140336357904e-01 4.795109341993081808e-01
1.552182793955138029e-01 4.663331856769707962e-01
0.000000000000000000e+00 4.392658479108434988e-01
7.608510709504089364e-01 6.161284967211754227e-01
3.548976021959048266e-01 7.295331085129452831e-01
3.260232437268361094e-01 8.220630929689453081e-01
3.834266105110701872e-01 8.523601873968700282e-01
8.130402141265895555e-01 7.666438588012113309e-01
4.575923362172444886e-01 8.919896294032174655e-01
4.485629724940470298e-01 9.400096248157850942e-01
5.171842854286978763e-01 9.365248312230886052e-01
