1.000000000000000000e+00 9.875013865991038031e-01
8.148617032635496749e-01 1.000000000000000000e+00
6.669817566007235632e-01 8.609911261540484917e-01
6.401029993469423696e-01 5.546172488139319290e-01
6.608734086377417993e-01 3.372253029063764229e-01
4.334905803273234048e-01 6.642716416569707238e-01
2.234038950042336880e-01 5.435798552293457098e-01
1.013087969090263468e-01 4.693242858254170202e-01
0.000000000000000000e+00 4.043724242748620856e-01
4.911470720424313541e-01 4.544384568100104937e-01
2.965923306706131357e-01 2.446795043631436184e-01
1.901833775740525145e-01 1.074367403394653475e-01
1.090492921898783552e-01 0.000000000000000000e+00
5.979530245504952601e-01 3.295501775429321434e-01
4.725099510579284234e-01 1.077472608762115452e-01
5.492881672423339801e-01 1.880422540917455476e-01
6.271000518969708226e-01 2.953590058786624284e-01
7.353914993258360289e-01 2.592818652770603194e-01
6.687108941425949915e-01 9.370497597834355485e-02
6.970646179364869965e-01 1.581428412590281107e-01
7.392407150359677770e-01 2.562761326200982404e-01
