7.645387562555013838e-01 1.000000000000000000e+00
1.000000000000000000e+00 7.871214114416019703e-01
9.101254204388847802e-01 5.816590668563957900e-01
5.912538678496125355e-01 4.916476958291020605e-01
3.243874515597757191e-01 4.747631330699896290e-01
8.191989989943538886e-01 4.580095762237135770e-01
6.665784557614994332e-01 2.330521823037950413e-01
5.544193349942903026e-01 1.007892974565250954e-01
4.535568539141707767e-01 0.000000000000000000e+00
5.077724886073107236e-01 4.908005593749310003e-01
2.783175295762594925e-01 3.027617002069268870e-01
1.212845598098156175e-01 1.893278113701468979e-01
0.000000000000000000e+00 1.140075758439393766e-01
2.414299029533721885e-01 5.647787932052853455e-01
1.411169632706095189e-01 4.520741279763728637e-01
2.576841209292078383e-01 5.070365638556191268e-01
3.544159486988787133e-01 5.793065287409928654e-01
3.750447586731490979e-02 6.636732078949836300e-01
8.583610873687209930e-02 6.241743608185017500e-01
1.914950055278137053e-01 6.622368081993297295e-01
2.691567643654699249e-01 7.109549800550833965e-01
