1.000000000000000000e+00 9.024292482838229823e-01
9.296854473659481588e-01 1.000000000000000000e+00
8.044156783125497867e-01 9.667066388289892176e-01
8.350524451496227352e-01 5.812774259245951924e-01
8.703424085262363441e-01 2.478091673154726449e-01
1.644581189937230625e-01 7.681019068193739585e-01
0.000000000000000000e+00 6.154434064281125716e-01
3.634594620856216457e-02 4.684062797827219793e-01
2.442256956941151261e-02 3.101803537811050338e-01
2.122368073663572496e-01 4.986715134286907603e-01
1.629874940948065620e-01 2.963223852679178760e-01
5.187076368294848416e-01 4.089163193000059371e-01
5.448033978115465192e-01 5.074045189419484903e-01
3.010827200136035331e-01 2.905987188251744069e-01
3.261862646638978291e-01 1.123639677436296669e-01
6.288557956556953821e-01 2.583702564920702938e-01
6.148435467342922012e-01 3.644328402847318849e-01
4.293710097992649577e-01 1.393111163704133793e-01
4.607132834409746192e-01 0.000000000000000000e+00
6.467865679303407278e-01 1.116669270680539783e-01
6.435868960001943639e-01 2.198127219592204973e-01
