8.619406826475609629e-01 1.000000000000000000e+00
1.000000000000000000e+00 7.551446791492260058e-01
8.728918360172754909e-01 5.753702511988151302e-01
6.434551709129867625e-01 5.217727977735058253e-01
4.269464160166058231e-01 5.261415571668761615e-01
7.529817703974019949e-01 4.697933752670693797e-01
6.660894238173357129e-01 2.397252864713071974e-01
6.107115655026951195e-01 1.022387540714884968e-01
5.631308798419766282e-01 0.000000000000000000e+00
4.912250159027754526e-01 5.091470451704586120e-01
2.859467591817603793e-01 2.747564192063973176e-01
1.408768288191770690e-01 1.301223535193015979e-01
1.717562523017174964e-02 3.270184467586390725e-02
2.619693494927851640e-01 5.929610973763531634e-01
6.279252736951354552e-02 4.453586032824443097e-01
1.704944926177642262e-01 4.994429083192709062e-01
2.744624443402859382e-01 5.707771284501717002e-01
9.602033044293414865e-02 6.984103561063966792e-01
0.000000000000000000e+00 5.963068104779543077e-01
1.004814774515383896e-01 6.306531288967054394e-01
1.932321135625564845e-01 6.817327362625206222e-01
