0.000000000000000000e+00 4.489381337993644805e-01
8.825942821428570118e-02 6.700557765030541457e-01
2.201628841673419490e-01 6.927760576719836916e-01
3.218819350334006790e-01 4.048810048259033900e-01
3.998502017901522376e-01 1.400024875682145953e-01
4.793762997398068326e-01 7.783787353148432508e-01
6.761659504463911619e-01 9.085815521646319892e-01
8.020051577385552966e-01 9.681001497912053999e-01
9.137629071544077775e-01 1.000000000000000000e+00
5.119520678316475948e-01 5.051514883756738072e-01
7.307995879750196488e-01 5.634088194087613077e-01
8.745317317548547686e-01 5.317429817559724547e-01
1.000000000000000000e+00 4.893559567938257637e-01
4.841260617456527027e-01 2.426431117898621981e-01
5.976114759103164920e-01 2.149047251895349064e-01
4.885704993661166284e-01 2.368540919075361739e-01
4.007037564143110520e-01 2.524055005799235585e-01
4.186583594034630762e-01 0.000000000000000000e+00
4.766187292132109676e-01 3.521141222996799179e-03
3.922838348629999472e-01 7.068769465721530532e-02
3.192809121904426894e-01 1.234140304534377675e-01
