1.000000000000000000e+00 4.665500147471886572e-01
9.712639830926683704e-01 6.327517307234360455e-01
8.895984851827469786e-01 6.774640705933482332e-01
7.971599729711206228e-01 4.557489181055235927e-01
7.040820421756157632e-01 2.377224091461922206e-01
5.808686183109088574e-01 7.322143460083407884e-01
4.217606255865891662e-01 8.697587000128298440e-01
3.018162631417314334e-01 9.401838877376771375e-01
1.852528244644390532e-01 1.000000000000000000e+00
5.239025980548877026e-01 4.998798920780374577e-01
2.820490213999373164e-01 5.420847837891705767e-01
1.357397727534757348e-01 5.126589583608511802e-01
0.000000000000000000e+00 4.805168096646872944e-01
5.406684660919452989e-01 2.726614580448399883e-01
3.807875699708160311e-01 2.263014098123011797e-01
5.202485610089824242e-01 2.283002101533565531e-01
6.328357001422055816e-01 2.393456887789280341e-01
6.097798489954051604e-01 6.069677744338192182e-02
4.927341734924374217e-01 0.000000000000000000e+00
5.843288510468265251e-01 2.508016268776627061e-02
6.749480442480213505e-01 5.905787478571600940e-02
