1.000000000000000000e+00 1.000000000000000000e+00
6.313504268249645612e-01 8.917335501698101519e-01
3.749764043919391332e-01 7.482459184683294406e-01
1.756169813170534999e-01 6.387703666138713210e-01
0.000000000000000000e+00 5.508993758046428768e-01
8.772024121911362604e-01 3.944646043790813739e-01
5.333323683693357298e-01 2.156446856745181662e-01
3.196306953455956279e-01 9.903446277105890094e-02
1.574476543093078773e-01 0.000000000000000000e+00
8.496684080287590923e-01 3.592462728190216614e-01
3.716148975917035191e-01 1.934164195256808383e-01
1.812199403144897358e-01 1.828232378349856913e-01
1.116174850879487618e-01 1.703677197920595299e-01
7.301253353933822021e-01 3.822871626998695094e-01
1.509936865986944154e-01 3.109288229400344883e-01
1.061685224068370792e-01 4.588355771743428124e-01
1.828828617768160636e-01 5.638440072548401849e-01
5.277367212125001483e-01 4.470977674994288109e-01
4.353380360903498503e-02 4.553015332850224306e-01
2.834964744244499596e-02 5.747150942905757676e-01
1.087894442090893976e-01 6.678727283589549479e-01
