1.000000000000000000e+00 3.716559167975836409e-01
9.563836485656578290e-01 5.134005020929643948e-01
8.698373547533162498e-01 5.879701147494758029e-01
7.808022738408533225e-01 3.909116667315277183e-01
7.165928747369985086e-01 1.821479119173000927e-01
5.861820269907747072e-01 6.616953045363832553e-01
3.969269005394164274e-01 8.163520904723182703e-01
2.845614497952523303e-01 9.187379537629321025e-01
1.794867673370388328e-01 1.000000000000000000e+00
5.272893050108304891e-01 4.583273080812115263e-01
2.870860982212338763e-01 5.266094933394507294e-01
1.363550703591453472e-01 5.434423750349054449e-01
0.000000000000000000e+00 5.623775747284881499e-01
5.447963941353707318e-01 2.582009996797911544e-01
3.772989493241221126e-01 2.302593282168189648e-01
5.144758925423962292e-01 2.069111178020426323e-01
6.283108262405137090e-01 2.098993697552143101e-01
6.123809703287713679e-01 5.109564003880739946e-02
5.204423968446467708e-01 1.481563411255375760e-04
6.152935529428458228e-01 0.000000000000000000e+00
7.128892367246582040e-01 1.228755438942177348e-02
