9.667756782309913088e-01 1.000000000000000000e+00
6.034644563390895167e-01 9.617467353910075234e-01
3.079449346756901185e-01 8.169645070537129294e-01
2.380812953692346412e-01 6.439025914011516916e-01
4.033674794026080868e-01 5.568398741139385377e-01
3.746885140850834683e-01 5.479592368597933083e-01
1.872535598876327312e-01 3.893904906952083134e-01
8.376198189128745974e-02 2.980034139393260006e-01
0.000000000000000000e+00 2.125443745824062702e-01
5.547518212824713579e-01 4.852117112756796913e-01
4.023193585834990427e-01 2.413083298630337992e-01
2.809317640489698564e-01 1.043145705906144138e-01
2.028544426343897589e-01 0.000000000000000000e+00
7.668725385151835550e-01 4.716208802035650738e-01
5.948485182534586357e-01 3.044147658415011781e-01
5.444102069975430558e-01 4.348709075815496150e-01
5.668391370763553594e-01 5.625626447332839897e-01
1.000000000000000000e+00 4.936701010070558282e-01
8.238768182932564299e-01 3.639752760908560592e-01
7.418165988819656054e-01 4.626389035439552599e-01
7.421239776641973540e-01 5.826279378211919324e-01
