1.000000000000000000e+00 2.847454251905703337e-01
9.891922064320481933e-01 4.120363358484331329e-01
9.240359350659824722e-01 5.049155870911943289e-01
8.383967857833337645e-01 3.471062073804817572e-01
7.637320892769819958e-01 1.600508246997892903e-01
6.442461625065644126e-01 6.186161239721850169e-01
4.652572890343102396e-01 7.936311421571927704e-01
3.519373166920103935e-01 9.072987869182174148e-01
2.368516542328758800e-01 1.000000000000000000e+00
5.567243998928494975e-01 4.496282680488496442e-01
3.097149479348904610e-01 5.636462521341630838e-01
1.507842020034256825e-01 6.041995587866326733e-01
0.000000000000000000e+00 6.439295425292561603e-01
5.534728625333271701e-01 2.651589326838542093e-01
3.834182065399965311e-01 2.714575824240829660e-01
5.309075547479239487e-01 2.213435054126660639e-01
6.529737699347536450e-01 1.995448266049824615e-01
6.023983718504744012e-01 5.986761049202531798e-02
5.171883980759275357e-01 3.044382433874090119e-02
6.282426403505502188e-01 1.181273317708301379e-02
7.378782226026034952e-01 0.000000000000000000e+00
