9.091082506689616149e-01 9.570147523233867304e-01
6.930200588743207213e-01 1.000000000000000000e+00
4.778715194761154472e-01 9.911388615514443723e-01
5.633662660971112679e-01 8.744458576808935568e-01
7.229855492894331492e-01 7.553974456306283836e-01
3.908287144823419657e-01 5.067435359023700903e-01
2.037704642408318667e-01 2.807954489007175036e-01
8.445507057224357905e-02 1.468180959143678965e-01
0.000000000000000000e+00 0.000000000000000000e+00
5.936070352818473284e-01 3.629576283460508868e-01
5.093177019067186562e-01 1.877469291289728670e-01
4.884955701775633430e-01 1.648812370689023421e-01
4.833631884462707973e-01 9.864670609222062070e-02
8.007932360073749534e-01 3.207316648430778017e-01
7.913088280134619179e-01 4.951571962801451510e-01
7.895037288019673971e-01 7.235931546235258027e-01
7.820254932077955745e-01 7.999975638958710666e-01
1.000000000000000000e+00 3.566022513789205983e-01
9.952030822103232754e-01 5.622581619480154780e-01
9.572317670560275271e-01 7.373049950982920597e-01
9.125211944704872957e-01 7.954664102159548777e-01
