9.129279355392327933e-01 5.613558720053212214e-01
8.441027476004465679e-01 8.516439728066108605e-01
7.717437472459388603e-01 1.000000000000000000e+00
7.917598491851292053e-01 8.038809305179615006e-01
8.258376487192994331e-01 5.247564607686348026e-01
1.343402015061608001e-01 8.826740549135851932e-01
1.813161181736557825e-01 8.323285087615853728e-01
7.485513224463019588e-02 7.437977790466775430e-01
0.000000000000000000e+00 6.563404830174109916e-01
5.806173735285444920e-02 5.701032862807603463e-01
2.478141451891315294e-01 4.564301075950784603e-01
5.581763725577897350e-01 4.846493631640607647e-01
7.844679236781334497e-01 5.129911043345434241e-01
1.448747129978431303e-01 2.940439295204371750e-01
4.536612032720730991e-01 1.804163360909770697e-01
7.935194664493235850e-01 2.797902126869317718e-01
9.902410983775473685e-01 3.821576532392982339e-01
3.316300397247429754e-01 8.500679121219321954e-02
6.131982890861321644e-01 0.000000000000000000e+00
8.674386320640632420e-01 1.161522238370854276e-01
1.000000000000000000e+00 2.194418739424963682e-01
