7.504483188823724005e-01 7.096927675392514789e-01
7.370477214672468413e-01 9.125405519187785863e-01
7.235070968340089337e-01 1.000000000000000000e+00
8.595568576361742874e-01 8.425438833446201592e-01
1.000000000000000000e+00 6.730917342463521580e-01
9.592637055410822844e-03 7.835901134260133682e-01
2.972131787466202879e-01 6.505911275441264019e-01
6.037785274184404027e-01 5.479598230236801815e-01
7.885948456297416920e-01 4.739122875297878679e-01
0.000000000000000000e+00 5.061079523077445241e-01
2.864753795285799320e-01 3.878318003974322581e-01
5.578833741776711985e-01 3.631791525227650030e-01
6.729140046717435597e-01 3.780098446678001878e-01
1.045695009240104056e-01 2.769995054567440662e-01
3.840282144175055090e-01 1.629939959916578140e-01
5.823734208767116227e-01 2.248611930061126529e-01
6.175201054582285520e-01 2.961024830478554692e-01
2.655093388883104644e-01 1.010878501923422462e-01
4.900006364873550346e-01 0.000000000000000000e+00
6.001686507535016757e-01 8.818207851398497665e-02
5.728941006452068496e-01 1.875628508229646163e-01
