0.000000000000000000e+00 9.548304191462637647e-01
1.526689169910956101e-01 1.000000000000000000e+00
2.978595011036541673e-01 8.612514004611246943e-01
2.707843221737187833e-01 5.981439331490633338e-01
2.281571188970328290e-01 3.923036420477393760e-01
5.507716738394491385e-01 6.669551296180996625e-01
7.558966533666265919e-01 5.277303883943282869e-01
8.873254122947777933e-01 4.282989066656950339e-01
1.000000000000000000e+00 3.356655955491756882e-01
4.826845261314285374e-01 5.007798027890388859e-01
6.835475942847951680e-01 2.990703226242385493e-01
8.053158716711942278e-01 1.389751962792774853e-01
9.132599488133136267e-01 0.000000000000000000e+00
3.642992483508261103e-01 4.057052590372476897e-01
4.459591042550029583e-01 2.382449669790775992e-01
3.275747000746788706e-01 3.641239184232946680e-01
2.342530142791363346e-01 4.742803976641948860e-01
2.198093964935152467e-01 3.672374931784450069e-01
2.346264609261134448e-01 2.835352607543369929e-01
1.671554285503822901e-01 4.088038033897181678e-01
1.155959769239534862e-01 5.217179589223120972e-01
