9.119741858222598641e-01 1.872845242067228827e-02
9.921957953150392084e-01 1.478613506370106967e-01
1.000000000000000000e+00 2.877062357661466230e-01
8.927821772687555280e-01 2.597908390261209344e-01
7.503712791969694429e-01 1.605526084576803236e-01
6.821321851828525684e-01 4.747627130506041349e-01
5.706444439067824836e-01 7.245480357607422262e-01
5.050387033513845658e-01 8.657255877578713399e-01
4.286670204154152675e-01 1.000000000000000000e+00
5.082069278731173867e-01 3.878247138870399846e-01
2.686670647417465085e-01 6.011221898474233827e-01
1.273773458094717703e-01 7.135844849401408174e-01
0.000000000000000000e+00 8.335368268644475220e-01
4.222554013019751418e-01 2.565629066360975985e-01
2.675163347147757609e-01 3.410134757980257114e-01
4.311838325617165513e-01 2.494374296115706158e-01
5.666349425576920895e-01 1.903295781154550614e-01
3.903020266922084813e-01 9.346260590133878554e-02
3.768323628021555405e-01 8.495889784933775835e-02
5.553562922797014023e-01 3.434989272071284350e-02
7.081990230107220174e-01 0.000000000000000000e+00
