8.999864012335232477e-01 1.000000000000000000e+00
5.570502357190572074e-01 9.453437515287114179e-01
2.497362308226486471e-01 8.165681455386204490e-01
1.259446133751328523e-01 6.994408956607001127e-01
2.611242385863080662e-01 6.093618503653219776e-01
3.760743132090061946e-01 5.143789952465027682e-01
1.972503208925224238e-01 3.357889921082731211e-01
8.241150890463427858e-02 2.289459049343227914e-01
0.000000000000000000e+00 1.319584473421107351e-01
5.779944675614001603e-01 4.934167117722968454e-01
3.640560303282333043e-01 2.508927279450459680e-01
2.106310381826932421e-01 1.098778682577356697e-01
1.031649743520443585e-01 0.000000000000000000e+00
8.007113561636302057e-01 5.171164703633288617e-01
4.926609290387377049e-01 3.933369797175214067e-01
3.976547882791421906e-01 5.431626700667974150e-01
3.931699662503341242e-01 6.681215850217222529e-01
1.000000000000000000e+00 5.828946647804096326e-01
6.414271713585253387e-01 5.189459847533091086e-01
5.303881275521665772e-01 6.438081685802280463e-01
5.225944144452150386e-01 7.542177419271985928e-01
