1.000000000000000000e+00 1.000000000000000000e+00
5.343377026993157974e-01 8.963043473631203684e-01
1.967648311987769127e-01 7.672728737079097527e-01
0.000000000000000000e+00 6.671472826584645688e-01
2.366976615955287012e-03 6.134551826587937295e-01
5.963034161257174670e-01 4.364677919072279533e-01
3.448306975112158113e-01 2.303689108814664099e-01
1.442111331111055328e-01 1.046211194698652147e-01
1.904759517782400602e-02 0.000000000000000000e+00
8.089701496278102200e-01 4.552836427483511472e-01
3.574214892603824745e-01 2.924973529464721111e-01
1.183909371162184532e-01 4.310007962941057036e-01
1.053993834431940640e-01 5.409618682960912750e-01
9.447971127095917687e-01 5.141853996484534450e-01
3.771375222436652574e-01 4.017729886120068872e-01
1.782440662673250020e-01 5.482068475097755522e-01
2.378946840772951654e-01 6.512450202577763081e-01
9.915777337777889056e-01 6.118717325659894790e-01
4.298593949723050756e-01 5.495317198229605626e-01
2.094212887541041235e-01 6.431926340568774325e-01
2.291844407127998084e-01 7.241467620567504371e-01
