1.000000000000000000e+00 5.408590577893054308e-01
9.212133368058169625e-01 7.706891245594424955e-01
8.186295867950168503e-01 9.437666788578127353e-01
7.990049112603511139e-01 8.976944332720846464e-01
7.890699462711326939e-01 8.096550323358382428e-01
5.132676852893002239e-01 7.580295342436700334e-01
2.981906467583089748e-01 8.780150993781019597e-01
1.662747368174193607e-01 9.542634707098753832e-01
4.094786460769780229e-02 1.000000000000000000e+00
5.212550559814559392e-01 4.654818655689086926e-01
2.766824368442035720e-01 4.348774443816755819e-01
1.343552474206317349e-01 4.092111387113338550e-01
0.000000000000000000e+00 3.689592224399130815e-01
5.950096213305948734e-01 2.145777928065629725e-01
5.071668112849135879e-01 2.046938936011258314e-01
6.605798224836733068e-01 3.707889230080965715e-01
7.701183318748079376e-01 4.800216541686378457e-01
7.081527662405467938e-01 0.000000000000000000e+00
7.209926448352771411e-01 5.977059261781374200e-02
8.405149973030651145e-01 2.384626512815712363e-01
9.237321628923979011e-01 3.507821020758956632e-01
