1.000000000000000000e+00 3.928189519079710590e-01
7.812764450480778056e-01 6.213004640918854404e-01
6.239206354325392834e-01 7.063296294354410865e-01
5.224850548664513594e-01 8.145914334870435480e-01
4.334512880299738469e-01 8.814920476602142729e-01
4.647261874186892627e-01 1.631621862049588423e-01
2.526626140870670278e-01 1.538991609139281347e-01
1.177987939178220533e-01 8.992004548424469001e-02
0.000000000000000000e+00 0.000000000000000000e+00
5.215731436923479736e-01 1.071210399643678923e-01
2.772963582650138092e-01 2.886390940497194912e-01
1.214309541708935569e-01 3.323398170562085197e-01
1.027988799734514151e-03 3.351331126590324505e-01
6.054766582321009505e-01 1.473146406418936183e-01
4.296750890341567430e-01 6.040661995032476916e-01
5.044257379743662950e-01 8.418541100515964937e-01
6.005303254746441333e-01 9.170426392149368944e-01
7.067858010773718780e-01 2.696915059671071702e-01
5.810360796998780275e-01 6.569686332552328034e-01
6.177865678915139824e-01 8.961831521215616325e-01
6.850347255351783016e-01 1.000000000000000000e+00
