7.452910290433433227e-01 1.000000000000000000e+00
1.000000000000000000e+00 8.020775135625540786e-01
9.381534608233654815e-01 6.048768833839150982e-01
6.903959479591150750e-01 5.108009758296649938e-01
4.507761755171160178e-01 4.873991833987010303e-01
8.565943904029225120e-01 4.705801200636328674e-01
7.315841806803039526e-01 2.374306732061468861e-01
6.380306149719693343e-01 1.007005605616964200e-01
5.512857255424937764e-01 0.000000000000000000e+00
5.397841772650616710e-01 4.939972870954337791e-01
2.994184007079015442e-01 2.997639548783214702e-01
1.319149654062708454e-01 1.871472911884525248e-01
0.000000000000000000e+00 1.133772939420060327e-01
2.626354189833564612e-01 5.641085418319826683e-01
1.400500312412368553e-01 4.456119183005711193e-01
2.592602955665835318e-01 5.016564632440729810e-01
3.574618825020887680e-01 5.735903956593526587e-01
5.877117527331710001e-02 6.625542859343513946e-01
9.486863970284924175e-02 6.293171738528738901e-01
2.047639337253729652e-01 6.664928836785074528e-01
2.916090173093117133e-01 7.131845714455637975e-01
