6.804885468324041176e-01 1.000000000000000000e+00
9.579713601083795771e-01 8.101168282446281621e-01
1.000000000000000000e+00 6.103217048842974890e-01
7.670430013489067944e-01 5.063887173856477242e-01
5.412246793508729281e-01 4.597976325625141025e-01
6.815278471737711286e-01 4.337924573028617004e-01
5.069206333008088317e-01 2.172999239882984768e-01
3.807800136079807496e-01 9.410328241191170950e-02
2.750967682234839451e-01 0.000000000000000000e+00
3.658451790582386565e-01 4.790059330451435504e-01
2.001607704875890403e-01 2.935946242775240300e-01
9.981629009776168959e-02 1.827299757967711935e-01
3.697505008943344912e-02 1.201944828665749559e-01
1.499331816578948484e-01 5.671184047970221354e-01
1.773108649586279673e-01 4.767725742673799005e-01
3.097778768479903522e-01 5.351602860426171171e-01
4.053909137865017165e-01 6.072155521653768151e-01
0.000000000000000000e+00 6.711772945904261878e-01
7.048043263606304509e-02 6.341501211206607147e-01
1.715887674269825081e-01 6.853187110869151111e-01
2.483802416616525122e-01 7.430249746818605727e-01
