1.000000000000000000e+00 9.041671081088495932e-01
8.765812148117884117e-01 1.000000000000000000e+00
7.521041514735706812e-01 9.198832076606171526e-01
7.236740417177692786e-01 5.882630489172503419e-01
7.165344695203025305e-01 3.103106646520230605e-01
4.689512576691493573e-01 7.685447019132293223e-01
2.465291896456375531e-01 7.257802083243339863e-01
1.137885341350531321e-01 6.962420045916050126e-01
0.000000000000000000e+00 6.601002805071408686e-01
4.861455738302474239e-01 5.068104866352526328e-01
2.528175729450109488e-01 3.565013558527200255e-01
1.223701705356957381e-01 2.367853429979236701e-01
1.252474393609273769e-02 1.390063162987426049e-01
5.648217647999843605e-01 3.252486892009070485e-01
4.147229142304513783e-01 9.945537023320120962e-02
5.337445577109828365e-01 1.541046241466524636e-01
6.375410354412526237e-01 2.448720333001247473e-01
6.872752016378876894e-01 1.867899885611531141e-01
6.206150941327298609e-01 0.000000000000000000e+00
7.013428506266127238e-01 5.926950526494639826e-02
7.858581974372704781e-01 1.588024783814585006e-01
