0.000000000000000000e+00 1.000000000000000000e+00
3.647428888112774215e-01 8.804943191341284559e-01
6.506459161677923264e-01 7.429612124268408779e-01
8.428478162579439159e-01 7.011026518534912988e-01
8.774196772695359581e-01 7.351812132663415600e-01
4.374309194080804319e-01 4.709943415893039220e-01
5.718835099306436298e-01 2.802114132759107035e-01
6.138160187818942903e-01 1.375594071481427982e-01
6.258517510650238869e-01 0.000000000000000000e+00
3.125647303272389155e-01 5.247027771328234280e-01
6.128935869013266702e-01 4.608947961818569694e-01
8.343932452956940304e-01 4.263178766386040430e-01
1.000000000000000000e+00 3.866697859302621332e-01
2.339395698141900903e-01 6.370170486150146250e-01
6.718056035744703891e-01 6.879860114530200743e-01
6.742624924514851736e-01 7.756168495418116482e-01
5.838886585348062042e-01 8.061839498624363554e-01
2.279622768482663375e-01 7.794770263007343436e-01
6.190617056189658962e-01 8.536358157994614615e-01
6.027432036708383345e-01 9.022456056102128308e-01
5.056339296506248138e-01 9.058227003918941644e-01
