9.906747405644952265e-01 1.000000000000000000e+00
1.000000000000000000e+00 7.514543056993012726e-01
8.621996424086382227e-01 5.551682936475023089e-01
6.531806500999135512e-01 4.757927850281701287e-01
4.693179485895648817e-01 4.698039088409910469e-01
8.447163944326280260e-01 4.234365777987736390e-01
6.754231963350760815e-01 2.232518821169142409e-01
5.793258844704574084e-01 1.015052127095631834e-01
5.069986351266186908e-01 0.000000000000000000e+00
6.896088691846449237e-01 4.690505812534784269e-01
3.361723450525249679e-01 3.495089006129276088e-01
1.367421472108414637e-01 3.107144531433125301e-01
0.000000000000000000e+00 2.740710822938566826e-01
5.479633478611677377e-01 5.593569729381459021e-01
2.798778276907434304e-01 5.663191526957875865e-01
3.407663798326813209e-01 6.601819429769362202e-01
4.201004884472520629e-01 7.142959145771953233e-01
4.232695438978885671e-01 6.749204540400451924e-01
2.647484133953297847e-01 7.244197382165596943e-01
3.483880147847250863e-01 7.962619709607661189e-01
4.239163240451057635e-01 8.330926820120950760e-01
