1.000000000000000000e+00 1.000000000000000000e+00
6.352571111887225230e-01 8.804943191341284559e-01
3.493540838322076181e-01 7.429612124268408779e-01
1.571521837420560841e-01 7.011026518534912988e-01
1.225803227304639864e-01 7.351812132663415600e-01
5.625690805919195681e-01 4.709943415893039220e-01
4.281164900693564257e-01 2.802114132759107035e-01
3.861839812181057652e-01 1.375594071481427982e-01
3.741482489349761131e-01 0.000000000000000000e+00
6.874352696727610290e-01 5.247027771328234280e-01
3.871064130986733298e-01 4.608947961818569694e-01
1.656067547043059140e-01 4.263178766386040430e-01
0.000000000000000000e+00 3.866697859302621332e-01
7.660604301858099374e-01 6.370170486150146250e-01
3.281943964255296109e-01 6.879860114530200743e-01
3.257375075485148264e-01 7.756168495418116482e-01
4.161113414651937403e-01 8.061839498624363554e-01
7.720377231517336902e-01 7.794770263007343436e-01
3.809382943810341038e-01 8.536358157994614615e-01
3.972567963291617210e-01 9.022456056102128308e-01
4.943660703493751862e-01 9.058227003918941644e-01
