8.484200313639475577e-02 1.000000000000000000e+00
2.424225158180045303e-01 9.829260291164575447e-01
3.350260077245329482e-01 8.550317132353403293e-01
2.403567266597465557e-01 6.985754391356685522e-01
1.676222835142694156e-01 5.727922064460289064e-01
6.195877623365176889e-01 6.089592398589356304e-01
8.049719830867203552e-01 4.285253788287879950e-01
9.167450739536756599e-01 3.013207634221591880e-01
1.000000000000000000e+00 1.946055175376828761e-01
4.738770414440103274e-01 5.196964619003177077e-01
5.992055726561649198e-01 2.905961453558979501e-01
6.572514150780630615e-01 1.251020324606430256e-01
6.978190968743056555e-01 0.000000000000000000e+00
2.989222646500473979e-01 5.048419995618596001e-01
2.770818156141772182e-01 3.818652173685138096e-01
2.001763113471103084e-01 5.128466807414990836e-01
1.569354945460478545e-01 6.214808570457519554e-01
1.266839009724000931e-01 5.306708455132800317e-01
6.647552780609949918e-02 4.644586082670837390e-01
1.596751248684858543e-02 5.642670269007741268e-01
0.000000000000000000e+00 6.535792007304166429e-01
