0.000000000000000000e+00 1.000000000000000000e+00
1.889321353537997406e-01 9.993359139250795886e-01
3.171839290603241657e-01 8.062240350806427758e-01
2.745272347007706171e-01 5.769124031148805676e-01
2.459236262528421701e-01 4.067574925361891469e-01
6.279720881365101759e-01 6.413253167960334400e-01
8.040509824236629077e-01 4.477235488179611700e-01
9.123817061438252995e-01 3.229293181595794260e-01
1.000000000000000000e+00 1.993156566912938910e-01
5.225525261359290630e-01 5.325531329300803307e-01
6.816762866911915131e-01 2.937001148121987648e-01
7.578919988348791215e-01 1.329580740155041629e-01
8.215770108087200319e-01 0.000000000000000000e+00
3.834512732664178691e-01 4.956087483256289006e-01
3.996915127359451647e-01 3.303486572775066743e-01
3.097305821995338659e-01 4.328945411208485194e-01
2.633087537544708256e-01 5.208015196997145546e-01
2.379518807989462748e-01 5.122332951304637838e-01
2.137821843683502809e-01 4.224095139778094032e-01
1.665851276474510367e-01 5.199807963459615046e-01
1.569917460882232774e-01 6.115728864051439562e-01
