1.000000000000000000e+00 1.000000000000000000e+00
8.110678646462002872e-01 9.993359139250795886e-01
6.828160709396757788e-01 8.062240350806427758e-01
7.254727652992293274e-01 5.769124031148805676e-01
7.540763737471578576e-01 4.067574925361891469e-01
3.720279118634898241e-01 6.413253167960334400e-01
1.959490175763371200e-01 4.477235488179611700e-01
8.761829385617464494e-02 3.229293181595794260e-01
0.000000000000000000e+00 1.993156566912938910e-01
4.774474738640709370e-01 5.325531329300803307e-01
3.183237133088084314e-01 2.937001148121987648e-01
2.421080011651208785e-01 1.329580740155041629e-01
1.784229891912799681e-01 0.000000000000000000e+00
6.165487267335820754e-01 4.956087483256289006e-01
6.003084872640548353e-01 3.303486572775066743e-01
6.902694178004661341e-01 4.328945411208485194e-01
7.366912462455291744e-01 5.208015196997145546e-01
7.620481192010537530e-01 5.122332951304637838e-01
7.862178156316497191e-01 4.224095139778094032e-01
8.334148723525489633e-01 5.199807963459615046e-01
8.430082539117766949e-01 6.115728864051439562e-01
