1.000000000000000000e+00 1.000000000000000000e+00
4.775757233093140264e-01 8.928887569171435334e-01
2.019376076929030595e-01 7.419971812443150183e-01
3.061538723335113787e-02 6.493005423336017934e-01
0.000000000000000000e+00 5.551243305639366188e-01
6.721033456640963522e-01 4.629367781334376430e-01
4.727739715687991340e-01 3.135922545944249129e-01
3.808608405961143584e-01 2.096310876743120721e-01
3.268638454305273222e-01 1.239681735334960677e-01
7.585911421609446981e-01 4.357855298750220041e-01
4.823404223784960587e-01 2.174354846809387898e-01
3.242712562941509891e-01 1.011860472191979526e-01
2.163568605902847219e-01 0.000000000000000000e+00
7.900535260145432614e-01 4.350624981904645527e-01
2.029210130365020903e-01 2.950843373560524396e-01
8.551042936635540326e-02 4.561727403154007265e-01
1.136441110130968907e-01 6.002700828057238036e-01
7.311834184080965304e-01 4.634548863993772638e-01
2.107097590149149269e-01 3.906300193752054173e-01
6.349455545302791493e-02 5.038246157490275934e-01
4.702889724114043407e-02 6.237032506368529461e-01
