0.000000000000000000e+00 9.443610395558702519e-01
4.038246165366619067e-01 1.000000000000000000e+00
6.857858319774021716e-01 9.556481216130396916e-01
8.943491961826918191e-01 8.876345597056636283e-01
1.000000000000000000e+00 8.080794601488576756e-01
6.792589995973062900e-01 6.438876715574720633e-01
8.422059679824570599e-01 5.392494680707549115e-01
7.867244038416938423e-01 6.008621093631713039e-01
6.842945984145291094e-01 6.536206171511436125e-01
4.901920314398529599e-01 5.283976854596513784e-01
7.447765050193478897e-01 4.174493670791342148e-01
7.111121965497618769e-01 4.815709481871228714e-01
6.151062088457822652e-01 5.416050437013087970e-01
3.003894541637110449e-01 4.677226535366045823e-01
5.642336783742855078e-01 2.526800448901114771e-01
6.754869370620844027e-01 1.285044877254345186e-01
7.466370121562804218e-01 2.312076389487767794e-02
1.416468058937604968e-01 4.439746930672595071e-01
2.428924018335507085e-01 2.421128840998529874e-01
2.911789155255941619e-01 1.178501288800304081e-01
3.533446802478301119e-01 0.000000000000000000e+00
