1.000000000000000000e+00 9.749379617669116094e-01
7.727986639946918812e-01 1.000000000000000000e+00
5.481993156147100255e-01 9.288035977541482247e-01
4.682886372969135014e-01 8.154206623494757444e-01
5.068600606803151942e-01 6.966025646509320657e-01
3.992409378669027897e-01 5.811683219700534142e-01
1.949662804193470489e-01 4.187655585686544391e-01
8.936297505441039013e-02 3.200655990601412593e-01
0.000000000000000000e+00 2.327463849941971696e-01
5.383162012836830712e-01 4.875379073030103316e-01
3.870230961541022419e-01 2.314748774562221389e-01
2.999824740766306452e-01 1.018915156077572631e-01
2.405241313672197567e-01 0.000000000000000000e+00
7.095477007078024867e-01 4.640276268852066566e-01
5.802158015500555877e-01 2.521503528034651498e-01
6.104401508547553368e-01 3.924849440105391829e-01
6.567983029848812881e-01 5.154290030254554678e-01
9.101142063413175665e-01 4.874888078108648437e-01
8.230196479992941683e-01 3.710323867735413894e-01
8.411451919855283954e-01 5.078539583279867431e-01
8.817879831347622543e-01 6.335543612467956498e-01
