0.000000000000000000e+00 9.024292482838229823e-01
7.031455263405188283e-02 1.000000000000000000e+00
1.955843216874501855e-01 9.667066388289892176e-01
1.649475548503772648e-01 5.812774259245951924e-01
1.296575914737636837e-01 2.478091673154726449e-01
8.355418810062769097e-01 7.681019068193739585e-01
1.000000000000000000e+00 6.154434064281125716e-01
9.636540537914378701e-01 4.684062797827219793e-01
9.755774304305885325e-01 3.101803537811050338e-01
7.877631926336428059e-01 4.986715134286907603e-01
8.370125059051933825e-01 2.963223852679178760e-01
4.812923631705151584e-01 4.089163193000059371e-01
4.551966021884534808e-01 5.074045189419484903e-01
6.989172799863965224e-01 2.905987188251744069e-01
6.738137353361022264e-01 1.123639677436296669e-01
3.711442043443045624e-01 2.583702564920702938e-01
3.851564532657077988e-01 3.644328402847318849e-01
5.706289902007349868e-01 1.393111163704133793e-01
5.392867165590253808e-01 0.000000000000000000e+00
3.532134320696592167e-01 1.116669270680539783e-01
3.564131039998056916e-01 2.198127219592204973e-01
