9.151579968636052165e-01 1.000000000000000000e+00
7.575774841819954419e-01 9.829260291164575447e-01
6.649739922754670518e-01 8.550317132353403293e-01
7.596432733402533888e-01 6.985754391356685522e-01
8.323777164857305566e-01 5.727922064460289064e-01
3.804122376634823666e-01 6.089592398589356304e-01
1.950280169132796171e-01 4.285253788287879950e-01
8.325492604632435401e-02 3.013207634221591880e-01
0.000000000000000000e+00 1.946055175376828761e-01
5.261229585559896726e-01 5.196964619003177077e-01
4.007944273438350247e-01 2.905961453558979501e-01
3.427485849219369385e-01 1.251020324606430256e-01
3.021809031256942890e-01 0.000000000000000000e+00
7.010777353499526576e-01 5.048419995618596001e-01
7.229181843858227818e-01 3.818652173685138096e-01
7.998236886528896639e-01 5.128466807414990836e-01
8.430645054539521732e-01 6.214808570457519554e-01
8.733160990275998792e-01 5.306708455132800317e-01
9.335244721939005563e-01 4.644586082670837390e-01
9.840324875131514215e-01 5.642670269007741268e-01
1.000000000000000000e+00 6.535792007304166429e-01
