1.000000000000000000e+00 1.000000000000000000e+00
5.689170745946469099e-01 8.585738792339775438e-01
3.373247392118585153e-01 7.215785740483865451e-01
1.972179197148049290e-01 6.465431747203300716e-01
1.104716068151717460e-02 5.972063547296982966e-01
6.174787111834409981e-01 4.744511282362982585e-01
3.653414007288249277e-01 2.571566072616441878e-01
2.181481796123772854e-01 1.259148680802535392e-01
1.102245099263522571e-01 0.000000000000000000e+00
7.120491674010442917e-01 5.056738981654724796e-01
1.416184580045085073e-01 3.772266122599515770e-01
0.000000000000000000e+00 5.121545559091901234e-01
9.000981067809020464e-02 5.948280998359597449e-01
7.001454855021335133e-01 5.766027413439005489e-01
1.411573139902753959e-01 4.336861901200854685e-01
3.895657682528409077e-03 5.619045159431202974e-01
1.247269235572281004e-01 6.508320229672939217e-01
6.270272092713237155e-01 6.677398792960504981e-01
1.531818826076840057e-01 5.529983312042009436e-01
1.764724279576155696e-03 6.412346536521889018e-01
8.041406695527168746e-02 7.209859359456983752e-01
