1.000000000000000000e+00 9.870866799322556284e-01
8.049153857575066517e-01 1.000000000000000000e+00
6.402798641275816438e-01 8.595148840727269146e-01
6.225184000339608614e-01 5.837358394171546783e-01
6.698604605059863548e-01 4.029960189579311902e-01
4.219627437886651622e-01 6.435379645115516523e-01
2.189388952262175669e-01 5.159003927970214898e-01
9.994017689956632977e-02 4.358016672754495002e-01
0.000000000000000000e+00 3.653050886587881907e-01
4.909208708124989107e-01 4.593986958927549491e-01
3.054629742302155115e-01 2.398165708494114645e-01
2.025896519637092330e-01 1.026140737652468105e-01
1.253614913365208028e-01 0.000000000000000000e+00
6.058446942442985428e-01 3.554274905199361623e-01
4.818103669538264522e-01 1.309342599417860076e-01
5.416699423746721420e-01 2.060415004089916624e-01
6.065112385720722310e-01 3.102447022090179529e-01
7.496930794687963751e-01 3.064318397405724204e-01
6.779955160494580690e-01 1.569760369893014040e-01
6.928934875765060397e-01 2.089251898788056228e-01
7.247125559785440041e-01 2.915972473160868828e-01
