1.000000000000000000e+00 9.548304191462637647e-01
8.473310830089043622e-01 1.000000000000000000e+00
7.021404988963457772e-01 8.612514004611246943e-01
7.292156778262812722e-01 5.981439331490633338e-01
7.718428811029671710e-01 3.923036420477393760e-01
4.492283261605508615e-01 6.669551296180996625e-01
2.441033466333734081e-01 5.277303883943282869e-01
1.126745877052222483e-01 4.282989066656950339e-01
0.000000000000000000e+00 3.356655955491756882e-01
5.173154738685714626e-01 5.007798027890388859e-01
3.164524057152048320e-01 2.990703226242385493e-01
1.946841283288058000e-01 1.389751962792774853e-01
8.674005118668638714e-02 0.000000000000000000e+00
6.357007516491738341e-01 4.057052590372476897e-01
5.540408957449970417e-01 2.382449669790775992e-01
6.724252999253211849e-01 3.641239184232946680e-01
7.657469857208636377e-01 4.742803976641948860e-01
7.801906035064847256e-01 3.672374931784450069e-01
7.653735390738866107e-01 2.835352607543369929e-01
8.328445714496176544e-01 4.088038033897181678e-01
8.844040230760464860e-01 5.217179589223120972e-01
