3.070142774799406449e-01 6.431331955517585186e-01
4.707157358334650987e-01 8.128921486953880615e-01
6.573466025310773508e-01 8.912624502668778925e-01
8.676500818697938655e-01 8.080329257787436381e-01
1.000000000000000000e+00 6.560480321222498246e-01
1.540707905918599629e-01 1.000000000000000000e+00
3.471661829292553292e-01 9.419091137903286004e-01
5.510495146472967898e-01 8.761428721668220732e-01
7.360556102487719743e-01 7.916553522706191170e-01
2.661125365353519262e-02 7.135927550052170165e-01
3.607721265232627372e-01 5.460862824616816713e-01
6.786576159311987766e-01 4.095707383130856027e-01
8.980524680809822691e-01 3.215068057717008765e-01
0.000000000000000000e+00 4.179042784369472185e-01
3.446802487209438826e-01 2.721996722074711550e-01
6.223945767000096385e-01 2.205348902887623030e-01
8.090506929602179209e-01 1.968548933138123125e-01
3.166346158750886486e-02 1.445588685367620307e-01
2.513377167254122746e-01 0.000000000000000000e+00
4.471761297266416135e-01 3.124427633359211712e-02
5.861138882796120830e-01 9.158551615506689558e-02
