0.000000000000000000e+00 1.000000000000000000e+00
5.413471371995692838e-01 9.105393004722599493e-01
7.549860023169525647e-01 7.411042319424243630e-01
8.983659427194273794e-01 6.298897091409290105e-01
1.000000000000000000e+00 5.106508017957793744e-01
2.789166316641947252e-01 3.772095586677916557e-01
5.549517957603093965e-01 2.229923642382529436e-01
7.687337730549064219e-01 9.413546181342327679e-02
9.275188696762232121e-01 0.000000000000000000e+00
1.941780501621912514e-01 3.576457483581888530e-01
5.123283206945548063e-01 1.751153098716337619e-01
7.608194255403972761e-01 8.520954391420836049e-02
9.153187854261760625e-01 1.091910464973707903e-02
1.689573515031889683e-01 3.758570350953098216e-01
7.460681912741545796e-01 2.890343209702403438e-01
8.294003676060551777e-01 4.557918376694524709e-01
7.262750753360504019e-01 5.789356384987602855e-01
2.432418783458002165e-01 4.231536700823819719e-01
7.755514357828350303e-01 3.801813997775114751e-01
8.502483637075451961e-01 5.038485057358467190e-01
7.430391869519532566e-01 6.068278465837463331e-01
