1.000000000000000000e+00 9.780449709740045572e-01
8.625114685050614405e-01 6.738844717211580626e-01
6.754489209913162595e-01 5.445533243626603515e-01
5.271318350827468580e-01 5.995343710401001003e-01
4.300536703344557399e-01 7.173557190537204198e-01
6.003658985563804507e-01 4.052317125815363963e-01
4.124563535176288265e-01 2.355539717393961285e-01
3.007612752512845988e-01 1.067346484298571790e-01
2.131226764640603843e-01 0.000000000000000000e+00
5.563902682444988868e-01 5.517398089925019677e-01
2.891609633768440490e-01 5.257331795770451288e-01
1.245250949400017876e-01 5.005437635746790015e-01
0.000000000000000000e+00 4.793711159146588074e-01
5.362519588526524217e-01 7.365055503831859918e-01
3.380360560667523551e-01 7.960695688541578052e-01
4.030240053534180356e-01 8.502120888029643941e-01
4.832275078549588265e-01 8.839841942887743942e-01
5.349363513347921151e-01 9.381666614804266002e-01
4.224423941891485845e-01 9.567456613244740282e-01
4.875785270324810017e-01 9.850777561511903091e-01
5.561788742850621858e-01 1.000000000000000000e+00
