1.000000000000000000e+00 9.784622282497825729e-01
8.088173684621564608e-01 1.000000000000000000e+00
6.498947626107409725e-01 8.235935409497706639e-01
6.660955158054965297e-01 5.470833853083675313e-01
7.028633592305002509e-01 3.560772183517375011e-01
3.944367200472012058e-01 6.810635927278725354e-01
2.109923553529587936e-01 4.990316923163765073e-01
9.153090043655286168e-02 3.717769202770487280e-01
0.000000000000000000e+00 2.595642227895889054e-01
4.928587817234095780e-01 5.532462473050365759e-01
3.338790985140645540e-01 3.116777921268681362e-01
2.449701993131637445e-01 1.385596161807628457e-01
1.706925068100725862e-01 0.000000000000000000e+00
6.215722661602897103e-01 5.003427061929429653e-01
5.991596207929096307e-01 3.397146245243096163e-01
6.851818285742189429e-01 4.573490553607598708e-01
7.290705979006850690e-01 5.578685034802189913e-01
7.597238878767853532e-01 5.036067139704065720e-01
7.581211944722600071e-01 3.887693564654773337e-01
8.081513581581573069e-01 4.885829190319876947e-01
8.303707813081839806e-01 5.861160632615012300e-01
