1.000000000000000000e+00 1.000000000000000000e+00
5.870196675933085917e-01 9.336948381089227311e-01
2.938515083169352393e-01 7.991189062056646142e-01
9.133147102566228914e-02 7.190378601012978876e-01
0.000000000000000000e+00 6.785089175059354494e-01
5.047722339062946650e-01 5.299290902508424494e-01
3.568002006690094707e-01 3.600818185685247252e-01
2.766308375477773418e-01 2.585773066806853482e-01
2.309701779795371723e-01 1.684004671916912721e-01
6.643034619634091698e-01 5.139288671608076564e-01
5.580508288171526221e-01 2.747988303132979926e-01
4.569597968268578336e-01 1.223132497995861878e-01
4.067121753298941211e-01 0.000000000000000000e+00
8.166776081472294502e-01 5.429074574144647780e-01
5.201724382976635752e-01 3.937054833509927576e-01
3.191576300753101170e-01 5.252295107703387478e-01
2.473907529825404294e-01 6.469563663256180375e-01
9.302615972644042719e-01 6.062902293238057183e-01
6.076975853731581001e-01 4.973179798377161398e-01
4.296981674148044883e-01 5.889444571800785955e-01
3.587286366182027009e-01 6.945456760629052928e-01
