1.067174487720371628e-01 1.000000000000000000e+00
4.717194565772109827e-01 9.638758540582523793e-01
7.639016881379024904e-01 8.210402264388683147e-01
8.488512307016362612e-01 6.493541300194052290e-01
6.632528835438281645e-01 5.603001304380234027e-01
7.026374960798617009e-01 5.141007012030969214e-01
8.614061849657246306e-01 3.420309566045737215e-01
9.453497033424459461e-01 2.405639109576308832e-01
1.000000000000000000e+00 1.454975110215355749e-01
4.753169188349097851e-01 4.664746539750002641e-01
5.119858832587622643e-01 2.308899180016849295e-01
5.385961487943717874e-01 9.683647027801250973e-02
5.391950186372923559e-01 0.000000000000000000e+00
2.465831630588535828e-01 4.772098089927934716e-01
2.925009537556757522e-01 2.597755925338858241e-01
3.531677225163102896e-01 3.395043559431539237e-01
3.660186399926245726e-01 4.485930103812509895e-01
0.000000000000000000e+00 5.204850406875710656e-01
3.280283044596419423e-02 3.586959199581963298e-01
1.094915373229958661e-01 4.050894915172456590e-01
1.520143821341213841e-01 4.980189113719661886e-01
