1.000000000000000000e+00 4.070203586372773130e-01
9.452514057380377865e-01 6.027546034800665975e-01
8.705070652032846912e-01 7.292362133454777240e-01
8.541587544198279147e-01 6.444272694232258125e-01
8.461429192939845523e-01 5.484238341370778480e-01
5.412946646199532363e-01 6.805480410432969141e-01
3.361631251439055057e-01 8.322605464109315010e-01
2.082125861512123810e-01 9.266102428105410516e-01
8.530944186682579145e-02 1.000000000000000000e+00
5.251355375147359617e-01 4.325649079430843869e-01
2.826734094398393737e-01 4.449283860815094194e-01
1.393471445597037339e-01 4.443012370455270421e-01
0.000000000000000000e+00 4.456706577976745631e-01
5.834414306056835420e-01 2.030967842398002376e-01
5.289257969959697547e-01 1.999482740795101299e-01
6.999748314683352790e-01 2.829921621434765000e-01
8.109697348729569821e-01 3.403517996878050456e-01
6.871206721973729392e-01 0.000000000000000000e+00
6.849653987572246194e-01 2.547953512002887333e-02
8.112030829320551195e-01 1.306459270356893076e-01
8.959534967148544693e-01 1.917933544719294114e-01
