1.000000000000000000e+00 9.121666061588092900e-01
8.095197160938224501e-01 1.000000000000000000e+00
5.972966570995984492e-01 9.252271776359597411e-01
5.351306027297945134e-01 7.309683176376131630e-01
5.524344783925168034e-01 5.601475218985509930e-01
4.144758709639141392e-01 5.946227716833314414e-01
2.185054787590633707e-01 4.856776490779221023e-01
1.017871337427598000e-01 4.136463819953591914e-01
0.000000000000000000e+00 3.482190067037342351e-01
4.926364812965726148e-01 4.452429507045377877e-01
2.911720478897276698e-01 2.269093881277760294e-01
1.779957879729119619e-01 1.121084417676763700e-01
8.832604173057634345e-02 0.000000000000000000e+00
6.188949260827676380e-01 3.656481514224189655e-01
4.651925695545189310e-01 1.837955735385401190e-01
5.439179448040616371e-01 3.886750784495827671e-01
6.200407493731513453e-01 5.325454924127829281e-01
7.752676115972554349e-01 3.379230449322923602e-01
6.673669481951232108e-01 2.805032396569237529e-01
7.173824663079408914e-01 4.561503350186077443e-01
7.788032916827635210e-01 5.770665874811234941e-01
