1.000000000000000000e+00 9.670074415591650707e-01
7.248848348339316239e-01 8.632004767603075335e-01
4.598460045753958170e-01 7.860580298558664802e-01
2.755589265785960973e-01 8.307416550689789014e-01
2.401723020015455734e-01 8.886913713378972179e-01
5.227205275744375434e-01 4.240757277018160076e-01
2.596105272918375895e-01 2.695579721237221782e-01
1.193675071992060938e-01 1.307188434028327684e-01
0.000000000000000000e+00 0.000000000000000000e+00
6.502212394653480443e-01 4.881800244671815059e-01
3.689197451243275139e-01 4.625259509064122421e-01
1.775329385029532914e-01 4.642681963019442137e-01
2.806070247545097013e-02 4.679859882240485214e-01
7.651489194069123201e-01 6.264661723904675350e-01
4.075345921100582691e-01 8.032479735314375091e-01
3.757054359411107214e-01 8.865024707073074772e-01
4.081609653161300533e-01 9.091343499931723304e-01
8.561763019829325971e-01 8.128364303362822785e-01
5.620708154689100233e-01 9.573833085738296944e-01
5.420567217880384314e-01 1.000000000000000000e+00
5.765947519708510827e-01 9.972000349380526485e-01
