0.000000000000000000e+00 1.000000000000000000e+00
5.457170462185028104e-01 9.134540440844004516e-01
7.762858412899007465e-01 7.521262185958168534e-01
9.043760079645269956e-01 6.353043088408142358e-01
1.000000000000000000e+00 5.357013079581312009e-01
2.104784961444782776e-01 3.989269162297801041e-01
5.312752427380632581e-01 2.244511016364638678e-01
7.431084432068242318e-01 1.026266937703779192e-01
8.877304404368734358e-01 0.000000000000000000e+00
1.641425826668674870e-01 3.708076050523176903e-01
6.133009070303114818e-01 2.053189426311941845e-01
8.084828090387095045e-01 1.763128405305957047e-01
8.701292766166924819e-01 1.387081813152245269e-01
2.323694835180579454e-01 3.923211996319101447e-01
8.162717343786162205e-01 3.030466913706850729e-01
8.578950578052731979e-01 4.548055276006614522e-01
7.602486343113880052e-01 5.546693795481696387e-01
4.127266381834412967e-01 4.466624328766366503e-01
9.445278042078271152e-01 4.548823223367188806e-01
9.527286219678406942e-01 5.808156479601498390e-01
8.414749069641853652e-01 6.704796070893750404e-01
