1.000000000000000000e+00 5.830842744545949863e-01
8.070895353450546761e-01 4.413617913331209786e-01
6.196060790157740250e-01 3.658206680162636726e-01
4.584869448231524980e-01 3.868858905456276642e-01
3.486524644711070375e-01 4.273372177064386768e-01
5.246620656716731723e-01 2.297087405245616387e-01
3.014052464219273419e-01 1.695036291828087294e-01
1.719119991411388326e-01 8.438708086278297327e-02
6.579594744325935329e-02 0.000000000000000000e+00
5.565092374382659690e-01 2.929128345305012093e-01
2.921629631016537942e-01 4.443988641462771061e-01
1.225541440297242129e-01 5.059602177167148440e-01
0.000000000000000000e+00 5.419026577469950867e-01
6.050248195436243037e-01 4.267979269641945517e-01
3.816428500766640974e-01 7.414592774517964058e-01
4.430653284681323467e-01 8.743284042214297669e-01
5.298114003745418854e-01 9.038240180311640781e-01
6.616097985941020720e-01 5.841531278794542814e-01
4.886561401428409779e-01 8.552418142146133162e-01
5.238728419046724261e-01 9.686620835174470923e-01
5.859009247155747557e-01 1.000000000000000000e+00
