0.000000000000000000e+00 7.127955842198494540e-01
1.315979232492271722e-01 9.804920776284755668e-01
3.384617974483239422e-01 1.000000000000000000e+00
5.035199176367498586e-01 8.256635903659265141e-01
6.040084747875829052e-01 6.008424431634680207e-01
2.826940853055542324e-01 9.313492987795927158e-01
6.208075552637637440e-01 8.830031611192123986e-01
8.297241820917394817e-01 8.262349406433807664e-01
1.000000000000000000e+00 7.648491372982706427e-01
2.316628422789072939e-01 5.790467708628974641e-01
5.918200503733191953e-01 4.075275741590737577e-01
8.211454784952708641e-01 2.872306442615410460e-01
9.823613642033508508e-01 1.615431742334530463e-01
2.050831258493805154e-01 2.560099433347360898e-01
5.282273738069118707e-01 1.762890613531156170e-01
5.221880940600670540e-01 3.551518413764080950e-01
4.531586227951230339e-01 4.705606827234559142e-01
1.995858295010347894e-01 3.904334550152183808e-02
4.693672426094639971e-01 0.000000000000000000e+00
4.599892337440737444e-01 1.655117000557844442e-01
3.904610668719166178e-01 2.653185096741991766e-01
