5.943306794654251712e-02 8.225992887839713719e-01
1.993531914607606370e-01 9.953836900680735900e-01
2.899837933797342338e-01 1.000000000000000000e+00
2.225848649154256453e-01 8.095250592444712678e-01
1.655191901562775292e-01 6.272970884126667368e-01
5.742615233774965855e-01 7.294797864524791287e-01
7.762093983834827959e-01 5.728008121728930258e-01
9.024027077686197496e-01 4.318698131500717796e-01
1.000000000000000000e+00 3.007204014754518706e-01
4.961948468716629868e-01 5.242968357713524430e-01
5.723272589079700934e-01 3.280123075021846857e-01
4.793357050019841914e-01 1.583311920002564710e-01
4.087128157203376300e-01 0.000000000000000000e+00
3.715738625050164501e-01 3.901354944768555821e-01
2.396661441826298811e-01 2.910959467264014333e-01
1.156906241047081507e-01 4.804003658897351148e-01
9.222852370767815888e-02 6.304423980294974195e-01
2.321216501907295560e-01 3.233039769995081913e-01
8.804588823173085943e-02 2.719188763922886776e-01
0.000000000000000000e+00 4.267169933922918545e-01
6.922778128932108137e-03 5.648048225423157875e-01
