2.925662279100195717e-01 5.442424315012436287e-01
3.288807192675184399e-01 8.802831774320402092e-01
3.991724718892334378e-01 1.000000000000000000e+00
5.616021175469820825e-01 9.400508625473592561e-01
7.014828610008795318e-01 8.035340288008175902e-01
3.773960000448332852e-02 8.430447263044007489e-01
4.161159742774909187e-01 8.866513759636536207e-01
7.367511439862338696e-01 8.709077407686871553e-01
9.801410950766560326e-01 8.315040382626887050e-01
0.000000000000000000e+00 5.210949820144602507e-01
4.809228460407192207e-01 4.818170385541302725e-01
8.023664897128250928e-01 4.451051784780361009e-01
1.000000000000000000e+00 3.936543582495937721e-01
5.322548961195019274e-02 2.295078629346172794e-01
4.588839814791327854e-01 1.753066125303917588e-01
5.743524097007437490e-01 2.684054351861832610e-01
5.549362334964832444e-01 3.154299362421600361e-01
1.484171784642121239e-01 0.000000000000000000e+00
4.896192061086534486e-01 2.472063526283640664e-02
5.835904856683905573e-01 1.551128038677893062e-01
5.599864674259616981e-01 2.409653104651487687e-01
