9.999375536754544491e-01 1.000000000000000000e+00
1.000000000000000000e+00 7.460453659276899963e-01
8.242671867045189282e-01 5.585084671279642032e-01
5.953616686747891240e-01 4.793318773942526478e-01
3.693611536629197167e-01 4.781068163965758178e-01
7.546256831060211834e-01 3.970279580329312275e-01
5.475925011728555170e-01 2.137248316831022732e-01
4.495708461499683950e-01 1.008941392197967718e-01
3.784908063114840737e-01 0.000000000000000000e+00
5.670244349061783762e-01 4.221956495272784493e-01
2.525438361844432600e-01 2.331629421810401115e-01
1.028402405023681881e-01 1.197056476427295624e-01
0.000000000000000000e+00 3.125922469993145519e-02
4.013304927446453840e-01 5.003999454648248024e-01
8.241711329034906441e-02 4.179192454132915624e-01
1.562849841340920032e-01 5.034001097374473099e-01
2.718161344044732197e-01 5.610732464106015227e-01
2.670341084095443351e-01 6.107416366889977244e-01
6.224808584984452275e-02 5.278408740304162405e-01
1.325708220797487125e-01 5.845875798223186814e-01
2.345960812774111059e-01 6.237589912160009797e-01
