9.643623053701817494e-01 2.080851183854977304e-01
1.000000000000000000e+00 3.036889117733678201e-01
9.714004568782551585e-01 3.995474148932052216e-01
8.806599051047886428e-01 3.233431848502922312e-01
7.870008319841915734e-01 2.240892942319351044e-01
6.725780142673727369e-01 5.542880020810715402e-01
5.222141440635525989e-01 7.573351092785256533e-01
4.235693963289406949e-01 8.875241563146945012e-01
3.152113819978780151e-01 1.000000000000000000e+00
5.562548831823028728e-01 4.236675300875514250e-01
3.196381775655580681e-01 5.684090045628499288e-01
1.567050324590137933e-01 6.446229981933365716e-01
0.000000000000000000e+00 7.168115388932796428e-01
5.272858000693112501e-01 2.674349411050120362e-01
3.716107443787068920e-01 2.830601070431780220e-01
5.267915109090448578e-01 2.082932940597305438e-01
6.565789679546937263e-01 1.607872169401784457e-01
5.458134746548041205e-01 9.109946789018692759e-02
4.800443558754574069e-01 4.755752151957508278e-02
6.106880269735117661e-01 1.680045065522808162e-02
7.297483015906003345e-01 0.000000000000000000e+00
