0.000000000000000000e+00 1.000000000000000000e+00
3.630694963618876780e-01 9.071049979425913623e-01
6.451575401375903018e-01 8.024495566768472532e-01
8.028914372857048898e-01 8.102984386901020963e-01
7.568581379893726258e-01 8.652270087582710767e-01
5.248628690133757546e-01 4.483031059908763605e-01
7.652312743018598873e-01 2.750693765243509836e-01
8.942930689624593033e-01 1.348984683628804693e-01
1.000000000000000000e+00 0.000000000000000000e+00
3.811419581244460675e-01 4.822456275464533371e-01
6.256601654803077839e-01 4.848856085584359321e-01
8.028252810208627022e-01 4.850017229097056126e-01
9.383576803707156522e-01 4.687066621789390264e-01
2.538657017610899680e-01 5.913373412390321437e-01
5.961580458415255412e-01 7.679195013052660945e-01
5.993427948139615768e-01 8.831207824522806504e-01
5.397787804858537042e-01 9.224292114579176749e-01
1.643292115029971467e-01 7.539416060847441425e-01
4.647227958885754018e-01 9.301948688500005780e-01
4.906112855892761360e-01 9.886468812933618677e-01
4.518803102672083183e-01 9.946605003624272578e-01
