0.000000000000000000e+00 8.806495498230579866e-01
2.135269606869191206e-01 6.436488070104336989e-01
4.380446897225715452e-01 4.156639324799135116e-01
6.073903879146768103e-01 2.186406079314285877e-01
7.013470495971553254e-01 1.045239334053469499e-02
4.632253846203233660e-01 2.612769791764426031e-01
6.796121946432788219e-01 1.805327682484083873e-01
8.053783769292183203e-01 9.216954230354883204e-02
9.156342190057038533e-01 0.000000000000000000e+00
4.039187623017683193e-01 3.624538316787463965e-01
6.817473035669076031e-01 5.061753823976471445e-01
8.536941961942365875e-01 6.217435948910853272e-01
1.000000000000000000e+00 7.135587745230790313e-01
3.333427267668259142e-01 5.363120201761891748e-01
5.727613102520939803e-01 8.126605093916261513e-01
4.845961861850241470e-01 8.679686460836542050e-01
3.999681062855431346e-01 8.506948075787484909e-01
2.570437997178846579e-01 7.396596232673688931e-01
4.243351123594043539e-01 9.729265758513806484e-01
3.628410462734762976e-01 1.000000000000000000e+00
3.020957710288117437e-01 9.558426107550158646e-01
