6.520749830373145928e-01 9.518961462306885224e-01
4.586688209615889522e-01 1.000000000000000000e+00
2.600248551647627027e-01 8.700741187967250267e-01
1.227514562877547594e-01 7.423211430159479818e-01
0.000000000000000000e+00 6.505884027711872353e-01
4.621994853098337908e-01 5.781917999987691292e-01
5.069732975686311871e-01 3.284420962893311868e-01
5.685229912209514014e-01 1.533510551636505237e-01
6.373091080959670807e-01 0.000000000000000000e+00
6.137720554426430164e-01 5.002757227011852548e-01
7.551966913457046626e-01 5.545105804639007818e-01
8.444764805922814199e-01 6.844315221415451234e-01
9.016571335632529438e-01 8.244923382289160996e-01
7.287230957486416916e-01 5.160059254873368140e-01
8.404481452141356890e-01 6.408125956931871592e-01
9.171166770181466976e-01 7.755349992112954283e-01
9.591400729758372545e-01 9.157002741193797091e-01
8.057405262990494643e-01 5.887887019930743149e-01
8.655676614216372133e-01 6.611674900828901080e-01
9.453955397604895117e-01 7.926230047150606417e-01
1.000000000000000000e+00 9.459585125193491484e-01
