7.945489527473474922e-01 9.984237494932159951e-01
5.099546411361718379e-01 1.000000000000000000e+00
2.709649028486666444e-01 8.313553940793305674e-01
1.223770424001301843e-01 6.884863198732604772e-01
0.000000000000000000e+00 6.097900058726098971e-01
4.416300191492686378e-01 5.440047238596672496e-01
4.496299464758593545e-01 2.910397239944915171e-01
4.924878667288467016e-01 1.280960359047697006e-01
5.473007375040823685e-01 0.000000000000000000e+00
6.306766165182291495e-01 4.997019549037963193e-01
7.163418826203900025e-01 5.447120142240768903e-01
7.312284016068859582e-01 7.137008395612985945e-01
7.407492296574942348e-01 8.263007974197742467e-01
8.032258258935531803e-01 5.253943251163724071e-01
8.722132433487452818e-01 6.147064375115883772e-01
8.350024487969101017e-01 7.657131689400261676e-01
8.018440266169855057e-01 8.702134112657228249e-01
9.594327333788182921e-01 5.773669231031720583e-01
1.000000000000000000e+00 6.543038403910046430e-01
9.507361196190341479e-01 7.863770721471965430e-01
8.933232964833145440e-01 8.778196462068690309e-01
