8.016240109071661735e-01 1.000000000000000000e+00
5.205206624608530452e-01 9.304099339966390714e-01
3.019687933514634826e-01 7.838722549865739797e-01
1.413984637532957334e-01 6.822700212812884413e-01
0.000000000000000000e+00 6.336626407122192273e-01
4.704619830855214513e-01 4.849053094899522520e-01
3.783244192565294317e-01 2.606511617397249125e-01
3.303837908511415566e-01 1.201513985756347963e-01
2.978020133602091168e-01 0.000000000000000000e+00
6.725235378214127202e-01 4.575983446312081870e-01
6.686163496777587367e-01 3.718669661550360050e-01
6.575443803769952522e-01 3.525261514266223029e-01
6.564767762047064581e-01 3.374233590918503389e-01
8.517140813535768462e-01 4.894752341588390898e-01
7.643325725486699307e-01 6.051355955577025769e-01
7.034046578732942034e-01 7.170904251347045566e-01
6.808175512094737369e-01 7.856607018241592577e-01
1.000000000000000000e+00 5.669212456553035517e-01
8.909715394162022184e-01 6.821482213719793908e-01
8.267678741470408932e-01 7.799463138902589243e-01
7.858928526570445605e-01 8.405337908279316705e-01
