5.622882780342376430e-01 1.000000000000000000e+00
2.923935577359311755e-01 8.827677843640379107e-01
1.503840608294987335e-01 7.033617413264424689e-01
8.324142311986428011e-02 6.034569834731488003e-01
0.000000000000000000e+00 5.332702350751180598e-01
4.389542473558386004e-01 4.417926128465204383e-01
4.985552211232026076e-01 2.427803771339009098e-01
5.611538921464276353e-01 1.136385584726095216e-01
6.325436774446038246e-01 0.000000000000000000e+00
6.335435789398042861e-01 4.559382087339306500e-01
6.090552255641984436e-01 2.478948037989600339e-01
5.825989841510644807e-01 1.328020586335977860e-01
5.914710399652990391e-01 2.836241169083237798e-02
8.256133604824537064e-01 5.178005435092698505e-01
6.427109986103446415e-01 4.570236950122268382e-01
5.293599250460270245e-01 6.251683219458752383e-01
5.097458781913635217e-01 7.279605862029129293e-01
1.000000000000000000e+00 6.173215303501681239e-01
8.004699727714267299e-01 5.993344944918224115e-01
6.792702796567817725e-01 7.273265122160552654e-01
6.450942326619133471e-01 8.045842440376379523e-01
