1.000000000000000000e+00 1.000000000000000000e+00
5.634014682898569326e-01 8.237255387661199801e-01
2.683138293844917199e-01 5.875058148989227291e-01
1.307972157392661983e-01 3.775364828240194703e-01
4.461229566357038240e-02 1.758587990255323918e-01
4.914557585625783931e-01 3.965776029840826222e-01
3.363149806555388865e-01 2.631113023442867571e-01
2.514956041817676402e-01 1.291498807032443463e-01
1.940905858928849426e-01 0.000000000000000000e+00
6.699062730214131456e-01 4.699347352235254127e-01
4.186938992746351285e-01 4.797048804189180116e-01
1.892987531103185461e-01 5.181373497464448752e-01
0.000000000000000000e+00 5.661956004358849048e-01
8.435562239789436978e-01 6.056082180344581900e-01
5.866529013978768470e-01 6.616239675418460475e-01
4.073047506701566456e-01 7.212701740388171023e-01
2.587395357773262239e-01 7.668487704925488480e-01
9.853672167430522766e-01 7.768096402646929022e-01
7.661658506075371688e-01 8.469307926237592543e-01
6.265358111145995501e-01 8.967953517662474727e-01
5.178448738719430011e-01 9.350781756566309832e-01
