3.756506792910817294e-02 9.950505403795569803e-01
3.389717664533604680e-01 1.000000000000000000e+00
6.182038002621542683e-01 8.983701141969888671e-01
8.214609726162668268e-01 8.194908569172195678e-01
1.000000000000000000e+00 8.068008557422825522e-01
5.404096025137964387e-01 5.442508065511018067e-01
6.668482780666293852e-01 3.489801814373476030e-01
7.347313776964241594e-01 2.240546682343274865e-01
7.859055259241793934e-01 1.145966206154602068e-01
3.634825458991559621e-01 4.931359802198643227e-01
3.399670918980334244e-01 2.632907574326897593e-01
2.953936070945902270e-01 1.176713726137362248e-01
2.464601403922021261e-01 0.000000000000000000e+00
1.906858282199403176e-01 4.989179812649242041e-01
1.514581292446152971e-01 4.147807423176627095e-01
1.476516672028273247e-01 5.720869848336094243e-01
1.387526116935549059e-01 6.970788409154363707e-01
2.797381277967634847e-02 5.418729313862712393e-01
0.000000000000000000e+00 4.996252414610565795e-01
1.483866409794106986e-02 6.201149736132796075e-01
3.281463121135336919e-02 7.262810271579830390e-01
