2.457135725597194009e-01 1.000000000000000000e+00
1.270020671465578455e-01 7.434239669410579454e-01
1.135417783477219306e-01 4.951391824823600518e-01
6.805205820162754660e-02 3.117920483828139910e-01
0.000000000000000000e+00 1.785671470450454490e-01
4.802421629816831516e-01 3.822855090347913043e-01
6.863792665329516707e-01 1.837242855399093266e-01
8.178769103164875709e-01 7.448063773255543529e-02
9.294947550039021067e-01 0.000000000000000000e+00
6.108593764903729184e-01 4.885198648108352026e-01
8.296585998032702802e-01 4.646217085545601977e-01
9.351566784745491967e-01 4.733118011156268179e-01
1.000000000000000000e+00 4.830858310482061269e-01
6.927708080094397980e-01 6.477722326670879438e-01
7.279794011593428982e-01 6.889485388566698454e-01
6.619823853620123710e-01 7.369289508550209700e-01
5.957979706309362022e-01 7.708590370093336697e-01
7.397271676786039141e-01 8.111140423432260382e-01
7.448044879537623064e-01 8.491433262128686987e-01
6.614467471889278194e-01 8.828345650916500365e-01
5.914194008114953549e-01 9.028502192867051690e-01
