8.960095992096779316e-01 1.000000000000000000e+00
5.722598837751311507e-01 9.630323615274378746e-01
3.172996425797522946e-01 8.396213356585613408e-01
1.423962972884378619e-01 7.666443663962870803e-01
0.000000000000000000e+00 7.346774711392985990e-01
4.499212413868000637e-01 5.223157949214256579e-01
3.334111683619978006e-01 3.365846029191097988e-01
2.769528250515515544e-01 2.285820765794540355e-01
2.423648087072174662e-01 1.345037179718470699e-01
6.133696920617421888e-01 4.875103957763266549e-01
4.759860201661625378e-01 2.520670041356740665e-01
3.984054765884326166e-01 1.129677631557029077e-01
3.537067411157864272e-01 0.000000000000000000e+00
8.015288985885135054e-01 4.972657105891629681e-01
6.599425067465412020e-01 3.652318323725535776e-01
6.100685702293603407e-01 5.030339944567117083e-01
6.138203517681890542e-01 6.191614620659074975e-01
1.000000000000000000e+00 5.417136072982171591e-01
8.518593475356016631e-01 4.728017100393158145e-01
7.793719739735890384e-01 5.892533903249077554e-01
7.646833102948151772e-01 6.964425554147418707e-01
