6.738032957734252371e-01 1.000000000000000000e+00
3.385693342313260690e-01 9.059456610863187986e-01
1.544955608769134070e-01 6.795431146475665596e-01
8.538023737134949054e-02 4.812744453209177320e-01
0.000000000000000000e+00 3.373247239925847851e-01
4.439125877881768822e-01 4.758603744307122740e-01
5.314728316344153880e-01 2.366412597733962286e-01
6.322750098172400524e-01 1.037078243748005696e-01
7.393237485932422359e-01 0.000000000000000000e+00
6.864026259820206199e-01 5.087947277321313022e-01
6.383686536096715436e-01 5.348533147208224259e-01
5.416021391418208708e-01 6.678695688091849103e-01
4.956882998270928375e-01 7.517647459662448739e-01
8.669711759506673054e-01 6.026079226837487424e-01
7.782721043515041792e-01 6.911057861223153242e-01
6.576043031448337572e-01 8.071867849789818861e-01
5.906270235482103947e-01 8.712968520030013320e-01
1.000000000000000000e+00 7.257047069278896867e-01
9.067233567596413302e-01 8.232957202340061009e-01
7.802291323578882665e-01 9.164428392611618790e-01
6.959083799942025195e-01 9.664361831692197535e-01
