5.337466665187173831e-01 1.000000000000000000e+00
7.948144716547752564e-01 7.952083592252219280e-01
8.742829085340819706e-01 5.638100267451058301e-01
9.407503060699874409e-01 3.593617853221818259e-01
1.000000000000000000e+00 2.067237178075025383e-01
3.993354305137907234e-01 3.899263466436709291e-01
2.320423837581325754e-01 1.859777532406175771e-01
1.288046071392905112e-01 7.984127468403670602e-02
4.008536671068156643e-02 0.000000000000000000e+00
2.101289747487636861e-01 4.678825422791173527e-01
9.277822779004524234e-02 3.315363427896119153e-01
3.811468285231336961e-02 2.836361431771713959e-01
0.000000000000000000e+00 2.756714991212835253e-01
9.420704756198147733e-02 5.901164473203073246e-01
1.451775020990298259e-01 5.472460975969785091e-01
2.261748094228870076e-01 6.072823769000533778e-01
2.811487703568905649e-01 6.669448035035595579e-01
2.503319611041451842e-02 7.059769097445777186e-01
8.733369580896793716e-02 6.887900049308625094e-01
1.658094857654338894e-01 7.341032403259304395e-01
2.230147986225925749e-01 7.831249419535637468e-01
