1.983759890928338265e-01 1.000000000000000000e+00
4.794793375391470103e-01 9.304099339966390714e-01
6.980312066485365730e-01 7.838722549865739797e-01
8.586015362467043222e-01 6.822700212812884413e-01
1.000000000000000000e+00 6.336626407122192273e-01
5.295380169144785487e-01 4.849053094899522520e-01
6.216755807434706238e-01 2.606511617397249125e-01
6.696162091488584434e-01 1.201513985756347963e-01
7.021979866397908276e-01 0.000000000000000000e+00
3.274764621785872798e-01 4.575983446312081870e-01
3.313836503222412633e-01 3.718669661550360050e-01
3.424556196230048033e-01 3.525261514266223029e-01
3.435232237952935974e-01 3.374233590918503389e-01
1.482859186464231815e-01 4.894752341588390898e-01
2.356674274513300971e-01 6.051355955577025769e-01
2.965953421267058521e-01 7.170904251347045566e-01
3.191824487905262631e-01 7.856607018241592577e-01
0.000000000000000000e+00 5.669212456553035517e-01
1.090284605837977538e-01 6.821482213719793908e-01
1.732321258529590791e-01 7.799463138902589243e-01
2.141071473429554950e-01 8.405337908279316705e-01
