5.562581598189998422e-01 1.000000000000000000e+00
3.137680344279352718e-01 8.875855622458878047e-01
1.790357227196712753e-01 7.138878052167419996e-01
9.446407445260592006e-02 6.191795538637544505e-01
0.000000000000000000e+00 5.533476471519979123e-01
4.249030356356559013e-01 4.635528701291128373e-01
5.140681154434530997e-01 2.484674916810968304e-01
5.871512971535931547e-01 1.141086573098540335e-01
6.592064235327927957e-01 0.000000000000000000e+00
6.269943281432807103e-01 4.874385619673515246e-01
6.173888078391277512e-01 3.098098829030530577e-01
5.984507082405070566e-01 2.051823918834859706e-01
6.030024377850519146e-01 1.110086394742131055e-01
8.231736885251901281e-01 5.526221504973568566e-01
6.709446686742694954e-01 5.308814879401270170e-01
5.646162799970260160e-01 6.770103720929104840e-01
5.316965990047766155e-01 7.693629691699089834e-01
1.000000000000000000e+00 6.487365327960747940e-01
8.266110453852552054e-01 6.566746999128463269e-01
7.169205897683140760e-01 7.613725259939140289e-01
6.772558275891160662e-01 8.230987660616410073e-01
