3.283824595302456406e-01 7.433502421359697854e-01
5.196274074426379119e-01 1.000000000000000000e+00
7.177898988325872587e-01 9.200698008842974618e-01
8.602771008624342519e-01 7.602805273270433206e-01
1.000000000000000000e+00 6.281317536688356684e-01
5.520270778150746516e-01 3.654445270361578735e-01
5.397328139592407759e-01 4.574400836310046348e-01
5.260942406100629354e-01 6.037031859934904876e-01
5.423955531909766536e-01 6.433878511218320551e-01
4.342110461810424482e-01 1.417931343206889627e-01
4.191937720197176365e-01 2.567487517982567358e-01
4.387635826299455810e-01 2.902220555872713770e-01
4.561665101133193789e-01 3.277006945977616881e-01
3.318654719728292291e-01 2.585817362578057485e-02
2.545971790261954415e-01 2.812205748876774325e-01
1.989765247043252250e-01 4.378073511269849893e-01
1.738845207377064384e-01 5.347346055360252537e-01
2.444390301441059510e-01 0.000000000000000000e+00
1.534923665362346312e-01 3.408841609850389864e-01
5.599467429149426051e-02 5.967532892621627560e-01
0.000000000000000000e+00 7.806291514492523786e-01
