0.000000000000000000e+00 9.353366652911843104e-01
2.564603492861184941e-01 1.000000000000000000e+00
5.256886535408326067e-01 9.695631923331569091e-01
7.422667928420106920e-01 9.585292761138237694e-01
9.069474961038106464e-01 9.961966295001640770e-01
6.046405058770618623e-01 5.982072822992691163e-01
7.978515593143233886e-01 4.461764708750236008e-01
9.089223056504457388e-01 3.451577765883861448e-01
1.000000000000000000e+00 2.519086152851643390e-01
4.847312907043745400e-01 4.972835886968130503e-01
5.496147173989611723e-01 2.852659278560346623e-01
5.719288263244761694e-01 1.273308192666773586e-01
5.768774488855911153e-01 0.000000000000000000e+00
3.447687894155849753e-01 4.552540044808191522e-01
3.286785004324632720e-01 3.593932994429459016e-01
2.633128052915617023e-01 5.010258541622487627e-01
2.090759257463438714e-01 6.210034533166591819e-01
2.004088012607517233e-01 4.458208915790994320e-01
1.761134244246034264e-01 3.967128741760513333e-01
1.319867842102094568e-01 5.110996412772308428e-01
1.072541497707132502e-01 6.217020751613282492e-01
