1.696686011096389946e-01 1.000000000000000000e+00
1.252373269557590652e-01 7.886630439147633842e-01
1.295975203147531341e-01 5.821390446954113340e-01
8.583700039976162321e-02 4.415716535738591908e-01
0.000000000000000000e+00 3.442328176409545359e-01
2.710235642218393748e-01 4.233259431794656469e-01
4.397839968949650569e-01 2.166494532423703379e-01
5.349829413071622852e-01 9.338317444360112740e-02
6.217036048726715114e-01 0.000000000000000000e+00
3.621626211644113913e-01 4.758922177111082896e-01
6.893721183527029561e-01 3.869360991014758611e-01
8.741119262732562900e-01 3.761599711061753837e-01
1.000000000000000000e+00 3.755912219427005594e-01
4.555484857332407489e-01 5.718816565477800040e-01
6.925702112842894165e-01 5.945576394557519073e-01
6.257871445814852107e-01 6.708309432314853993e-01
5.387564428117936899e-01 7.060136780253487565e-01
5.460462180263407905e-01 6.901095093442783934e-01
7.046388244914671972e-01 7.315756256705708838e-01
6.354042225838558711e-01 8.024132435122461882e-01
5.581926122037024207e-01 8.307598304870158490e-01
