2.068255333939022222e-01 4.983938523174775148e-01
3.955514485643490397e-01 6.454862380950474599e-01
6.311724718165389048e-01 7.371710586812086907e-01
8.220928743726886312e-01 8.658456962198066709e-01
1.000000000000000000e+00 1.000000000000000000e+00
6.899483311420706588e-01 2.669216913171116867e-01
5.366830068399350839e-01 4.080110513547186568e-01
5.177147774859741647e-01 4.727732604014137641e-01
5.902640086690393861e-01 4.421784459086717245e-01
5.246834524611269090e-01 9.635589911729909585e-02
2.458867259821449491e-01 4.115625938842266685e-01
2.092694460792886291e-01 5.276352070286529639e-01
2.463377751727274523e-01 5.152089478187099614e-01
3.446586193666181797e-01 2.439179647558909966e-02
9.169684714251977176e-02 3.207215819083742425e-01
9.278529222441360413e-02 4.236751902827776695e-01
1.556040038495017375e-01 4.171881655876335526e-01
1.776338433974194719e-01 0.000000000000000000e+00
0.000000000000000000e+00 2.197282643106621691e-01
2.832452341404490242e-03 3.463607682879432659e-01
6.424167902010613496e-02 3.851192308895570737e-01
