1.000000000000000000e+00 9.758794798607636212e-01
6.813725461819734042e-01 1.000000000000000000e+00
4.065250909985678174e-01 9.283825678449191265e-01
1.859934738901771467e-01 8.559500016912006126e-01
0.000000000000000000e+00 8.432113356361642387e-01
4.736225428148362893e-01 5.397790378525257893e-01
3.551075764597716455e-01 3.638139363323463216e-01
2.967861380929098791e-01 2.577841519443745399e-01
2.434845704658045451e-01 1.579066343700845643e-01
6.157993172410809457e-01 4.752218867527640001e-01
5.245860630781128409e-01 2.582814389870374816e-01
4.680940317697969699e-01 1.190536090837963912e-01
4.254665781061376384e-01 0.000000000000000000e+00
7.786066659434558446e-01 4.707781522559504883e-01
7.110323734889417713e-01 2.862593284526354087e-01
7.635054517326014256e-01 4.368394843245456127e-01
8.043230258031528468e-01 5.617168475922117432e-01
9.519604282473509427e-01 5.048218968259003958e-01
9.224684753962232309e-01 3.898172935506991066e-01
9.361772578274938361e-01 4.922234646305763683e-01
9.448138004071514606e-01 5.924958096493240234e-01
