5.925170567095900953e-01 1.000000000000000000e+00
3.501588635340259215e-01 8.852847682890382375e-01
2.127962761531861924e-01 6.851946031204808607e-01
1.146163211076665356e-01 5.608240282234588925e-01
0.000000000000000000e+00 5.000628673245384181e-01
4.826017856123089866e-01 4.609725279174949897e-01
5.880235880467509224e-01 2.375803110221938186e-01
6.750795159955979008e-01 1.062241249712910646e-01
7.614880630407159234e-01 0.000000000000000000e+00
6.863664411755143746e-01 5.005482906463477599e-01
7.650699257289184096e-01 3.874777624583284341e-01
7.707762017860839698e-01 3.768227012970590262e-01
7.905829746739806430e-01 3.677188486632645414e-01
8.557737094622560603e-01 5.822418406128305746e-01
7.660650864598000931e-01 6.321213966352676739e-01
6.629295426202536090e-01 7.541122039070514704e-01
6.265635983933902642e-01 8.262239363452580365e-01
1.000000000000000000e+00 6.910376794455510563e-01
8.964055367154928344e-01 7.501915733148248888e-01
7.861939073421552182e-01 8.351902170840234119e-01
7.266118697954104810e-01 8.777337602248422854e-01
