3.812106490536816272e-01 1.000000000000000000e+00
1.625356519855865600e-01 7.909435518153757894e-01
9.749187831442110430e-02 5.607129848027946339e-01
4.929323518256981812e-02 3.577459966759223287e-01
0.000000000000000000e+00 2.092017521784935996e-01
5.462793050450193144e-01 3.878129474104752283e-01
7.004341604904965601e-01 1.830548814037901428e-01
7.888495937655580770e-01 7.860286371139385553e-02
8.680336479172569009e-01 0.000000000000000000e+00
7.222862988471021595e-01 4.716414659495303252e-01
8.671833635299309728e-01 3.209676506675879781e-01
9.472505036209718510e-01 2.612146105867181878e-01
1.000000000000000000e+00 2.413017076773682767e-01
8.288352820650187747e-01 5.994105946800539764e-01
8.003989776310028725e-01 5.578520600608798397e-01
7.197861389927853182e-01 6.142242088965285118e-01
6.616254941159767089e-01 6.695633629201837023e-01
8.938119190530967595e-01 7.230966527476245798e-01
8.488309377763504360e-01 7.152533080828545886e-01
7.754330774002886617e-01 7.563010323408018154e-01
7.188524449446184184e-01 8.006458776745105643e-01
