0.000000000000000000e+00 8.246019731733656988e-01
2.053058804111798641e-01 9.154953443366740107e-01
4.377488320088078755e-01 9.237283578462185396e-01
6.302232745287934534e-01 9.391902964781403407e-01
7.813002651741622895e-01 1.000000000000000000e+00
5.622460923609379213e-01 5.877002002790230328e-01
7.648920367580812618e-01 4.751619592377364087e-01
8.904353661599414549e-01 3.969557259833844109e-01
1.000000000000000000e+00 3.203049258852579961e-01
4.717198418433612983e-01 4.684738796877885858e-01
5.830106180350351774e-01 2.789113410404740478e-01
6.345055776590080576e-01 1.298339784861418378e-01
6.732001035428571978e-01 0.000000000000000000e+00
3.478405853388035207e-01 4.038312390174979560e-01
3.687934597018501237e-01 3.032127815576407537e-01
2.658933729941858615e-01 4.388684276284441910e-01
1.902384133604286265e-01 5.544801030637660499e-01
2.136786523088705647e-01 3.792350906158271640e-01
1.963050757097519750e-01 3.304496148575135628e-01
1.259755529516960737e-01 4.465678993545185160e-01
8.299377061172168168e-02 5.577818721601385255e-01
