9.638099314052640532e-01 1.000000000000000000e+00
1.000000000000000000e+00 7.849448386471084005e-01
9.414870000566706310e-01 6.063619972561807847e-01
9.309443481633187245e-01 4.785300613499781086e-01
9.614406329988712807e-01 3.871046299599106288e-01
7.444210303423696162e-01 3.929830984310038744e-01
5.457699414981184161e-01 2.019921302370435434e-01
4.355035155310393868e-01 8.720349242060271289e-02
3.427388658117500042e-01 0.000000000000000000e+00
6.325119848497658959e-01 4.460616884575378527e-01
3.162936622367023554e-01 3.358064231928523657e-01
1.312914082709797092e-01 2.992669529038831100e-01
0.000000000000000000e+00 2.766201714010645962e-01
5.423930171121342791e-01 5.567125428569406065e-01
3.137337744960604913e-01 5.832064519102091449e-01
3.902104622343127160e-01 6.767260216745236701e-01
4.748969286740367113e-01 7.266513902090993016e-01
4.764139268447276088e-01 7.011674638615744692e-01
3.484230246850940627e-01 7.681332290346174485e-01
4.216249279896741586e-01 8.337038692633627068e-01
4.913021317213751571e-01 8.640754340192030591e-01
