1.039904007903220545e-01 1.000000000000000000e+00
4.277401162248689048e-01 9.630323615274378746e-01
6.827003574202477054e-01 8.396213356585613408e-01
8.576037027115621658e-01 7.666443663962870803e-01
1.000000000000000000e+00 7.346774711392985990e-01
5.500787586131999918e-01 5.223157949214256579e-01
6.665888316380021994e-01 3.365846029191097988e-01
7.230471749484483901e-01 2.285820765794540355e-01
7.576351912927825616e-01 1.345037179718470699e-01
3.866303079382578667e-01 4.875103957763266549e-01
5.240139798338374622e-01 2.520670041356740665e-01
6.015945234115673834e-01 1.129677631557029077e-01
6.462932588842136283e-01 0.000000000000000000e+00
1.984711014114864391e-01 4.972657105891629681e-01
3.400574932534588535e-01 3.652318323725535776e-01
3.899314297706396593e-01 5.030339944567117083e-01
3.861796482318109458e-01 6.191614620659074975e-01
0.000000000000000000e+00 5.417136072982171591e-01
1.481406524643983647e-01 4.728017100393158145e-01
2.206280260264109339e-01 5.892533903249077554e-01
2.353166897051848505e-01 6.964425554147418707e-01
