4.403724220468016592e-01 1.000000000000000000e+00
1.978687141707054786e-01 8.023387550469586182e-01
1.156702002928479134e-01 5.862440626815428324e-01
5.243470355902074553e-02 4.029931421693775939e-01
0.000000000000000000e+00 2.727478601510853196e-01
5.578268266524024632e-01 4.214516187315863194e-01
7.036235202264978783e-01 2.018794910051232017e-01
7.903749885184164770e-01 8.718690554139640891e-02
8.712141166745011045e-01 0.000000000000000000e+00
7.338933644551786095e-01 4.989858762071806564e-01
8.645645913366724056e-01 3.532886921064683494e-01
9.448580065809735196e-01 2.899634308477701539e-01
1.000000000000000000e+00 2.657977345386468015e-01
8.453175738468438061e-01 6.219759898494282568e-01
8.080610171872552039e-01 5.840174069394048484e-01
7.235719273931672246e-01 6.433218917094017941e-01
6.629783768012578182e-01 6.998615940158222637e-01
9.115857282565823505e-01 7.314176161100957030e-01
8.592097833897957004e-01 7.272807147949755802e-01
7.788572717596269346e-01 7.725802430632884299e-01
7.222724822913458853e-01 8.248902276239530318e-01
