4.074829432904099047e-01 1.000000000000000000e+00
6.498411364659740785e-01 8.852847682890382375e-01
7.872037238468138076e-01 6.851946031204808607e-01
8.853836788923334922e-01 5.608240282234588925e-01
1.000000000000000000e+00 5.000628673245384181e-01
5.173982143876910689e-01 4.609725279174949897e-01
4.119764119532490776e-01 2.375803110221938186e-01
3.249204840044020992e-01 1.062241249712910646e-01
2.385119369592840766e-01 0.000000000000000000e+00
3.136335588244856809e-01 5.005482906463477599e-01
2.349300742710816181e-01 3.874777624583284341e-01
2.292237982139160024e-01 3.768227012970590262e-01
2.094170253260193848e-01 3.677188486632645414e-01
1.442262905377439119e-01 5.822418406128305746e-01
2.339349135401998514e-01 6.321213966352676739e-01
3.370704573797464465e-01 7.541122039070514704e-01
3.734364016066097358e-01 8.262239363452580365e-01
0.000000000000000000e+00 6.910376794455510563e-01
1.035944632845071517e-01 7.501915733148248888e-01
2.138060926578447818e-01 8.351902170840234119e-01
2.733881302045895745e-01 8.777337602248422854e-01
