5.824686357494773814e-01 1.000000000000000000e+00
7.211764888266902762e-01 8.244490441960086180e-01
8.258322275085713260e-01 6.142527107226463112e-01
8.984663010851277054e-01 4.533610160842922454e-01
1.000000000000000000e+00 3.415248264312969462e-01
6.957103260577413018e-01 5.475438384212668597e-01
6.417994713382503269e-01 2.772356569856431197e-01
6.212079170006287177e-01 1.228150788660223452e-01
5.982825036476613345e-01 0.000000000000000000e+00
5.756193474335302707e-01 5.939584609646211266e-01
3.098023085312492930e-01 3.631219266787398814e-01
1.308464607869606611e-01 2.488274891044281178e-01
0.000000000000000000e+00 1.707685495173639489e-01
4.424630265955636910e-01 6.606730604809351037e-01
1.893017368445106818e-01 5.418130780680303626e-01
2.309045857953915259e-01 6.078424117720266917e-01
3.106405005475267322e-01 6.687058885133068120e-01
3.048968557934043644e-01 7.369575634282236054e-01
1.132466833813815937e-01 6.454913954959181632e-01
1.585703382062103040e-01 7.024996384127396576e-01
2.335683097702562216e-01 7.516377789278672061e-01
