0.000000000000000000e+00 1.000000000000000000e+00
3.021964924387996465e-01 7.980342313416620703e-01
4.143440310975575191e-01 6.022755415367023746e-01
4.405442328505586591e-01 4.822630823933720112e-01
5.049455777619842323e-01 3.922844313519618376e-01
4.223015361591240385e-02 4.169806952162615765e-01
1.471260086050412141e-01 2.367576967941791843e-01
2.124632328946506610e-01 1.077693405262221404e-01
2.594280438532984845e-01 0.000000000000000000e+00
5.452577865175898923e-03 4.583808708757496353e-01
4.726717288342871526e-01 3.330949720083986043e-01
7.824967230552072328e-01 2.943075238783455783e-01
1.000000000000000000e+00 2.666810089581840293e-01
3.486707650920074786e-02 5.428101703685227486e-01
5.642085150190345733e-01 5.303893585382783993e-01
5.364992957491683256e-01 6.303282015202235078e-01
4.352102613656497754e-01 6.807919494102924185e-01
1.125607705005514936e-01 6.509274934371364063e-01
5.578729914716253901e-01 6.583643667750992412e-01
5.483609808160142540e-01 7.332198820898689906e-01
4.577002182147988929e-01 7.676924591583255131e-01
