1.000000000000000000e+00 1.000000000000000000e+00
9.700012272428453208e-01 7.497452424870795218e-01
8.803453248897403771e-01 5.568356085000584210e-01
8.471448111145922777e-01 4.201370609283046620e-01
8.580851212919050619e-01 3.042451468286924143e-01
7.208513996345169428e-01 3.917172977005942136e-01
5.009955833207574427e-01 2.110996760393401284e-01
3.827184891985996873e-01 9.649948168464364540e-02
2.875639952059194648e-01 0.000000000000000000e+00
6.537703271709240926e-01 4.719847505944140820e-01
3.329089550704999456e-01 4.211289666736305892e-01
1.401190121521364851e-01 4.174564561454817690e-01
0.000000000000000000e+00 4.110078632761364203e-01
6.062161871077834663e-01 6.059202354920222300e-01
3.768719343296665913e-01 6.582946189113315638e-01
4.563857530089894809e-01 7.332166546134285534e-01
5.378817602489711636e-01 7.564655606298770207e-01
5.752026050599104989e-01 7.703865985191575838e-01
4.286125785345103467e-01 8.316071223847497640e-01
5.094293993231099327e-01 8.895585042958270572e-01
5.802850572864154399e-01 9.018724571716244531e-01
