5.181993458420620646e-01 5.156669129534070528e-01
4.974794790298320835e-01 6.323717575279589331e-01
5.790735460655301869e-01 7.345768186824650492e-01
6.306024021176103167e-01 8.650256087361365420e-01
6.907749399805216406e-01 1.000000000000000000e+00
1.000000000000000000e+00 5.335477458833718378e-01
7.635004378610824594e-01 4.119504799956091312e-01
6.014173556606042803e-01 3.323368847850897145e-01
4.367408573746346945e-01 2.535770914916132823e-01
9.846306981148175153e-01 3.740084695001348880e-01
5.970607258715004972e-01 2.462256882222721155e-01
3.870490620761186662e-01 1.766597608736339142e-01
2.045562706732075853e-01 1.092066220404350474e-01
8.894428892012131715e-01 2.646485411856418501e-01
4.861782265088639976e-01 1.361326771791017132e-01
2.516723039466113310e-01 7.058504664286373298e-02
4.643150573615614785e-02 2.174187044702538540e-02
7.423954125289481398e-01 2.032648104123391530e-01
4.178723591818969685e-01 1.017036356088765192e-01
1.870717123509710311e-01 4.901771728934438410e-02
0.000000000000000000e+00 0.000000000000000000e+00
