4.762446208714600782e-01 1.000000000000000000e+00
7.771411646818308094e-01 7.911032428194094690e-01
8.695734269035293451e-01 5.567023942564477412e-01
9.352490700099360676e-01 3.576136954467690199e-01
1.000000000000000000e+00 2.009914155806791225e-01
3.326763373608276897e-01 3.942350659062656137e-01
1.904987694158092881e-01 1.846416383176302800e-01
9.210039018710329539e-02 7.826726647805501424e-02
2.356991840495718457e-02 0.000000000000000000e+00
1.467029823005419342e-01 4.848055750954674004e-01
7.989375489556824195e-02 3.334872467904849147e-01
9.680071137092029210e-02 2.693277455350436833e-01
1.194558948878082505e-01 2.593831679124544709e-01
4.433000610590814849e-02 6.132295924153324806e-01
1.041139851393478727e-01 5.076669742229242832e-01
1.965260030709916339e-01 5.226690433935806679e-01
2.605254957164617191e-01 5.612467206554656585e-01
0.000000000000000000e+00 7.262260681941269391e-01
5.772769645308525183e-02 6.353582696590834855e-01
1.539884321632069841e-01 6.453246080822969688e-01
2.203870170969265962e-01 6.898020606179038339e-01
