5.596275779531983963e-01 1.000000000000000000e+00
8.021312858292944936e-01 8.023387550469586182e-01
8.843297997071520866e-01 5.862440626815428324e-01
9.475652964409793100e-01 4.029931421693775939e-01
1.000000000000000000e+00 2.727478601510853196e-01
4.421731733475975368e-01 4.214516187315863194e-01
2.963764797735021217e-01 2.018794910051232017e-01
2.096250114815835508e-01 8.718690554139640891e-02
1.287858833254988400e-01 0.000000000000000000e+00
2.661066355448213905e-01 4.989858762071806564e-01
1.354354086633275389e-01 3.532886921064683494e-01
5.514199341902646656e-02 2.899634308477701539e-01
0.000000000000000000e+00 2.657977345386468015e-01
1.546824261531562217e-01 6.219759898494282568e-01
1.919389828127448239e-01 5.840174069394048484e-01
2.764280726068327754e-01 6.433218917094017941e-01
3.370216231987421818e-01 6.998615940158222637e-01
8.841427174341767725e-02 7.314176161100957030e-01
1.407902166102042996e-01 7.272807147949755802e-01
2.211427282403730377e-01 7.725802430632884299e-01
2.777275177086541147e-01 8.248902276239530318e-01
