1.000000000000000000e+00 4.425358411400054370e-01
9.151093015174234235e-01 5.864858006770368171e-01
7.859385460083326835e-01 7.126001856177825999e-01
7.166265153169678603e-01 8.505430567279832488e-01
6.717069430745105096e-01 1.000000000000000000e+00
4.468017322579171391e-01 5.065945448076151214e-01
2.224451564142043147e-01 4.807372992857365523e-01
9.930863106603614321e-02 4.609707706928861115e-01
0.000000000000000000e+00 4.334858416581272023e-01
4.566770779319043738e-01 3.557007118160251946e-01
3.397943541068186857e-01 2.314193324206405278e-01
3.081646760064840063e-01 1.103214599432753018e-01
2.928367672623207185e-01 0.000000000000000000e+00
5.205170113311062829e-01 2.397247466267277138e-01
6.153002422495039703e-01 1.738357972584743949e-01
7.870582845012715767e-01 2.519127416250559470e-01
9.078299114211062504e-01 3.262002629767508100e-01
6.171249733290800066e-01 1.566062429041398252e-01
7.112543527570290847e-01 1.108921229293158423e-01
8.381010388768744823e-01 1.852840497274028386e-01
9.241104697980387916e-01 2.677913259538556856e-01
