7.123755369736728404e-01 1.000000000000000000e+00
7.755566046223264509e-01 7.888080618503008345e-01
7.458315774739902038e-01 5.889743789425174736e-01
6.322183843223900812e-01 4.717321397748292511e-01
4.999996652645025685e-01 4.020547341758569648e-01
9.334834733617748403e-01 4.896381175304273525e-01
9.440226977446088963e-01 2.704854246327410006e-01
9.789587326234296949e-01 1.243315388092644386e-01
1.000000000000000000e+00 0.000000000000000000e+00
8.402187481026290872e-01 5.519480460385195464e-01
4.685751087491258904e-01 3.543803024190603779e-01
2.035480211802083439e-01 2.549205317795958936e-01
0.000000000000000000e+00 1.794108471177215114e-01
6.995493481747157016e-01 6.435738647367678089e-01
2.374859778012687606e-01 5.619019363603321437e-01
2.698312114278492713e-01 6.384036384691633703e-01
3.749195154245344996e-01 6.875303220570275764e-01
5.457385931025845460e-01 7.469561150913585079e-01
1.591362423427323813e-01 6.850726184419905218e-01
1.923134739225855760e-01 7.432604589888910374e-01
2.868951001263394529e-01 7.810885184565472539e-01
