1.095045249918934482e-01 1.000000000000000000e+00
4.609897647176980362e-01 9.452067762079926494e-01
7.045407266218866038e-01 8.109578988714499781e-01
8.575793853407113199e-01 7.204873367503242809e-01
1.000000000000000000e+00 6.680326987631030056e-01
6.059880756126415635e-01 5.095865120433807904e-01
7.391084707238100293e-01 3.218849355192240913e-01
8.035907874969158149e-01 2.081370372974324090e-01
8.431418152267230459e-01 1.044731623198723314e-01
4.238081312243548449e-01 4.837213626028581404e-01
5.808352538394951914e-01 2.505480772714939741e-01
7.020490848079447010e-01 1.162041684122493285e-01
7.829805894793494536e-01 0.000000000000000000e+00
2.129194148452406288e-01 4.983261974512858683e-01
4.270965691895319272e-01 3.785147908231410452e-01
5.074549973371788036e-01 5.184669868363384060e-01
5.004829490052102869e-01 6.270922531858926785e-01
0.000000000000000000e+00 5.511949408237695192e-01
2.542454927083092620e-01 4.932130042719524154e-01
3.386510482811777578e-01 6.172810772301938753e-01
3.339398693908194327e-01 7.253555843381972457e-01
