3.344866275385843801e-01 1.000000000000000000e+00
5.866279816856835305e-01 9.093914885552093486e-01
7.473329665886853101e-01 7.184890657375050393e-01
8.733313040189153442e-01 5.842385764314899088e-01
1.000000000000000000e+00 5.093034417137619618e-01
4.780655123922676331e-01 4.547360035680491630e-01
4.127720188782635358e-01 2.401565004159302019e-01
3.499642900637757181e-01 1.107525865202660525e-01
2.925883789031685223e-01 0.000000000000000000e+00
3.015424826052530149e-01 4.848620738972572175e-01
1.973461052134627136e-01 2.941601023546593363e-01
9.262391428433702778e-02 1.681208179450973672e-01
0.000000000000000000e+00 6.886886565810787508e-02
1.550423181878177459e-01 5.603831431114498773e-01
1.170512830669376975e-01 4.994285571989692252e-01
1.958676742432064743e-01 6.399845625307587493e-01
2.565726020801323282e-01 7.509817969050933684e-01
3.447999444646376171e-02 6.661135635219247453e-01
1.019196759398816217e-02 6.308949093992807233e-01
8.875563997455793164e-02 7.304141437957959448e-01
1.615844067014639840e-01 8.153897352868165749e-01
