5.523898335904000451e-02 1.000000000000000000e+00
3.795674242289549527e-01 9.953439229578354697e-01
6.523784538963960378e-01 8.918657975259904891e-01
8.450464583398479279e-01 8.186916423511517715e-01
1.000000000000000000e+00 7.936717671530902907e-01
5.310720816799709976e-01 5.326706520457726857e-01
6.396753343737585640e-01 3.644411874252304617e-01
6.949293490885813940e-01 2.603953340839144648e-01
7.300330194333778389e-01 1.664444147636450766e-01
3.724535540474882001e-01 4.855509824147873355e-01
4.727435093169214952e-01 2.616420220820426246e-01
5.257408220352847161e-01 1.190743783048905241e-01
5.554752587839433264e-01 0.000000000000000000e+00
1.944373324248453994e-01 4.945490802784260342e-01
2.681938218795998363e-01 3.285576675348536591e-01
2.798398332010837986e-01 4.700718632584484635e-01
2.724188403596316532e-01 5.914920791215830809e-01
0.000000000000000000e+00 5.430501818122073221e-01
5.823163885539681811e-02 4.346878495038057899e-01
9.499454603286087984e-02 5.416472211005366466e-01
1.090427428884927774e-01 6.473109927561695454e-01
