3.261967042265747629e-01 1.000000000000000000e+00
6.614306657686739310e-01 9.059456610863187986e-01
8.455044391230865930e-01 6.795431146475665596e-01
9.146197626286505233e-01 4.812744453209177320e-01
1.000000000000000000e+00 3.373247239925847851e-01
5.560874122118231178e-01 4.758603744307122740e-01
4.685271683655845565e-01 2.366412597733962286e-01
3.677249901827600032e-01 1.037078243748005696e-01
2.606762514067578196e-01 0.000000000000000000e+00
3.135973740179794356e-01 5.087947277321313022e-01
3.616313463903284564e-01 5.348533147208224259e-01
4.583978608581791292e-01 6.678695688091849103e-01
5.043117001729071625e-01 7.517647459662448739e-01
1.330288240493327223e-01 6.026079226837487424e-01
2.217278956484958763e-01 6.911057861223153242e-01
3.423956968551661872e-01 8.071867849789818861e-01
4.093729764517896608e-01 8.712968520030013320e-01
0.000000000000000000e+00 7.257047069278896867e-01
9.327664324035864207e-02 8.232957202340061009e-01
2.197708676421117890e-01 9.164428392611618790e-01
3.040916200057975360e-01 9.664361831692197535e-01
