9.045125880025500775e-01 1.000000000000000000e+00
9.265876253821161423e-01 8.188965420352637414e-01
9.124831043655824425e-01 6.392058389444276179e-01
9.409645748656790820e-01 5.162766367997096983e-01
1.000000000000000000e+00 4.226526423199097882e-01
8.263520673309160403e-01 4.269139899324033149e-01
6.736386313088018607e-01 2.246518663143137473e-01
5.856040334224764665e-01 9.864428428651234038e-02
5.103631700693335160e-01 0.000000000000000000e+00
7.626573219294248140e-01 4.673570013460179862e-01
3.754977660424880792e-01 3.708289580717142320e-01
1.525232650825083525e-01 3.515217189140130705e-01
0.000000000000000000e+00 3.362759011774979490e-01
6.808141679025132564e-01 5.496144476960758141e-01
3.343499587874799728e-01 5.660064046530759452e-01
4.021285744223877523e-01 6.514364113845879656e-01
5.052207962193628887e-01 6.846166702041626140e-01
5.827590514798993704e-01 6.569962364771355645e-01
3.099083644091339407e-01 7.028661680424665992e-01
3.788372629596822860e-01 7.791789147922915104e-01
4.753909370543006330e-01 8.015285584942419828e-01
