6.569073088079168121e-01 1.000000000000000000e+00
3.460306594439536698e-01 8.256546543142400107e-01
2.809909670928256720e-01 6.269494195400330261e-01
3.735096795937738468e-01 5.014000985502354846e-01
4.881527487870991888e-01 4.074950144295847454e-01
7.112876479504486316e-01 4.316179782669828380e-01
7.349848343860510003e-01 2.397971879382421456e-01
7.796334013261181362e-01 1.112563177575981582e-01
8.314026462675104812e-01 0.000000000000000000e+00
8.742199836160373660e-01 4.571230367268629413e-01
5.397300870277397244e-01 2.968683972664380999e-01
2.378096588438218806e-01 2.156109919152477128e-01
0.000000000000000000e+00 1.604745035181238400e-01
9.732484902924158909e-01 5.233443801877697421e-01
4.291226821897864419e-01 4.988746740380832767e-01
3.748943091259719917e-01 6.379875057799966331e-01
4.221080864805851207e-01 7.221815977784579177e-01
1.000000000000000000e+00 6.166572431548860145e-01
5.301742452772131298e-01 6.215886178386963445e-01
4.860828020857823617e-01 7.159030786256588286e-01
5.579393041857964031e-01 7.665459430114753836e-01
