6.987343849829601439e-01 1.000000000000000000e+00
9.195952527671674703e-01 6.965126221486418467e-01
9.430767925912382221e-01 4.082557552638739207e-01
9.527744968687764660e-01 1.654894944975744409e-01
1.000000000000000000e+00 0.000000000000000000e+00
4.879762452242427107e-01 3.292645225213153837e-01
2.467940863696746479e-01 1.778721945190435971e-01
1.041565096843659749e-01 1.000411182306022301e-01
0.000000000000000000e+00 4.333958054707796187e-02
3.139199926546240027e-01 4.305226177341239246e-01
3.139130797766502279e-01 4.637337271324284416e-01
3.995896941042633710e-01 5.167806154191603163e-01
4.559869024005323013e-01 5.737600583261742715e-01
2.342517328059220971e-01 5.979935242864049538e-01
2.863559552538271213e-01 5.941966604794700624e-01
3.642146363529286668e-01 6.369939344249354596e-01
4.211974894908744882e-01 6.726080759388417540e-01
2.003882024115486160e-01 7.512685623238669619e-01
2.545685925442484066e-01 7.442804854364941658e-01
3.401470971806181964e-01 7.755927062795555660e-01
4.068031050166312501e-01 8.179688168159015005e-01
