5.259604165989176794e-01 4.381530203602517770e-01
4.483249668261181098e-01 6.497154494361456756e-01
2.861984753894609712e-01 7.770135124911841107e-01
1.447945360851725927e-01 8.808420109866779146e-01
0.000000000000000000e+00 1.000000000000000000e+00
1.330123946982069150e-01 4.826858547132653054e-01
2.150536849778034443e-01 4.168472358816796564e-01
3.241569312989329710e-01 3.622760628549255846e-01
4.465942935371012279e-01 2.969647533122319882e-01
1.908623305712887352e-01 2.797501763188527946e-01
3.548010320587001165e-01 2.268933228233468158e-01
4.594143630019805191e-01 1.541025553421561944e-01
5.966473162270052866e-01 9.506911210950559632e-02
2.947503174619541255e-01 1.515215279828391048e-01
5.756679391583471306e-01 9.424614843973068423e-02
7.681881706656429332e-01 5.093808950896724919e-02
9.482953026735015944e-01 3.844440404227748159e-02
4.245397892258845896e-01 8.998496714002279795e-02
6.610654031112461748e-01 3.619087827532097013e-02
8.429913680488522187e-01 1.036864672535013632e-02
1.000000000000000000e+00 0.000000000000000000e+00
