5.449467337399542810e-01 1.000000000000000000e+00
8.484679402407625526e-01 9.004644904371528202e-01
1.000000000000000000e+00 7.427868125472879557e-01
9.877375958099536835e-01 6.298514897634093224e-01
8.326364620522210824e-01 5.550523181042874565e-01
5.065146006450295113e-01 4.645043600628313563e-01
3.858594402853848249e-01 2.563725616540417085e-01
2.826756343854423537e-01 1.173325535219060661e-01
1.988375640981774051e-01 0.000000000000000000e+00
3.001162294803819131e-01 4.793119770026287307e-01
5.300902427555875818e-01 3.260728649952269742e-01
7.390697902472354031e-01 2.177895284782524477e-01
9.035755997811569795e-01 1.344938167104307025e-01
1.189414545581533589e-01 5.392893679312025235e-01
5.728789883555345241e-01 5.232597145418049767e-01
7.163523767429571532e-01 6.518147116018548903e-01
7.504446879952760829e-01 7.386692925885074423e-01
0.000000000000000000e+00 6.296315174213421573e-01
3.989607426552316261e-01 6.290614971078647422e-01
5.405484973238999791e-01 7.205198882024054230e-01
5.690634161449273920e-01 7.856695679152562173e-01
