9.742137015512942755e-01 1.000000000000000000e+00
9.817235775313056800e-01 8.037791715090467637e-01
9.405314874771493194e-01 6.032370189547664463e-01
9.356015303045526199e-01 4.758241939654305197e-01
1.000000000000000000e+00 3.987118921764414847e-01
8.193946948434497335e-01 4.188789576155483863e-01
5.895229693357201262e-01 2.183833701881928713e-01
4.510713759299598280e-01 9.543236748997457886e-02
3.495929776207819528e-01 0.000000000000000000e+00
7.304942526875680686e-01 4.581714948464497561e-01
3.858419426835448807e-01 2.677957940550884652e-01
1.654508612472159190e-01 1.739774501347955138e-01
0.000000000000000000e+00 1.114050088722121912e-01
6.286452080985980295e-01 5.403843339056796369e-01
2.653917312496403835e-01 4.933511471705387952e-01
2.990307789882228340e-01 5.925091764159473584e-01
3.714994060803701315e-01 6.547778906168107982e-01
5.217907695723050798e-01 6.539394172645326408e-01
2.479364891989343511e-01 6.652929786964042469e-01
2.947848992752274966e-01 7.472319465673197270e-01
3.604115462668237013e-01 7.931866086924146408e-01
