1.000000000000000000e+00 8.246019731733656988e-01
7.946941195888200804e-01 9.154953443366740107e-01
5.622511679911921245e-01 9.237283578462185396e-01
3.697767254712065466e-01 9.391902964781403407e-01
2.186997348258377105e-01 1.000000000000000000e+00
4.377539076390620232e-01 5.877002002790230328e-01
2.351079632419187937e-01 4.751619592377364087e-01
1.095646338400585729e-01 3.969557259833844109e-01
0.000000000000000000e+00 3.203049258852579961e-01
5.282801581566387572e-01 4.684738796877885858e-01
4.169893819649648226e-01 2.789113410404740478e-01
3.654944223409919979e-01 1.298339784861418378e-01
3.267998964571428022e-01 0.000000000000000000e+00
6.521594146611965348e-01 4.038312390174979560e-01
6.312065402981498208e-01 3.032127815576407537e-01
7.341066270058141940e-01 4.388684276284441910e-01
8.097615866395713180e-01 5.544801030637660499e-01
7.863213476911293798e-01 3.792350906158271640e-01
8.036949242902480250e-01 3.304496148575135628e-01
8.740244470483039541e-01 4.465678993545185160e-01
9.170062293882783599e-01 5.577818721601385255e-01
