4.786680926145104875e-01 1.000000000000000000e+00
6.771194090773038354e-01 8.467222282308956016e-01
7.999644823214983047e-01 6.712146234176509241e-01
9.054536946703273248e-01 5.109391461826503500e-01
1.000000000000000000e+00 3.912561656644658048e-01
5.516285347901537239e-01 5.156468443909467680e-01
4.813021814786621611e-01 2.639124742263785905e-01
4.406902213272264612e-01 1.142080706301631804e-01
3.906412624347110341e-01 0.000000000000000000e+00
3.884402462701971315e-01 5.514034266362207726e-01
1.926937681719913253e-01 3.653917188803618155e-01
8.071843060615448151e-02 2.771021952852186221e-01
0.000000000000000000e+00 2.226149433946722489e-01
2.422356492757486435e-01 6.242967022856978909e-01
1.189868433323777036e-01 5.730000781546692457e-01
1.774758761871037538e-01 6.322794850028912172e-01
2.492580334727717839e-01 6.934206683284926953e-01
1.188010365635562143e-01 7.087828317846562864e-01
4.675215921956710208e-02 6.785174915786236216e-01
1.059459079175797680e-01 7.290316813998499734e-01
1.634968548035635461e-01 7.767227168640068458e-01
