4.189536060158832176e-01 1.000000000000000000e+00
1.641686556895702032e-01 7.419230760610158182e-01
1.139350464485912595e-01 4.677380030636887343e-01
7.372118295342210137e-02 2.387831188809342864e-01
0.000000000000000000e+00 8.012049047908052779e-02
5.769394859556773447e-01 3.471784776739474943e-01
7.650698327477226668e-01 1.618053250207139027e-01
8.973102622164771391e-01 6.182029231804087033e-02
1.000000000000000000e+00 0.000000000000000000e+00
7.526024128300395910e-01 4.575582485622304851e-01
7.432077727638631837e-01 3.924096626480760297e-01
6.658961927187623253e-01 4.279620991173777034e-01
6.255304558912625490e-01 4.946618299799697138e-01
8.361412420220588615e-01 6.094471787640698413e-01
7.786272712906874283e-01 5.314466403398299121e-01
7.055572585252736229e-01 5.692959717050839474e-01
6.660442603673573103e-01 6.301803721203829145e-01
8.795563050687414952e-01 7.476402847920554651e-01
8.233146717648668345e-01 6.819750656282367318e-01
7.539921954277011285e-01 7.120329350272363023e-01
7.092045196123034634e-01 7.691304348908869493e-01
