3.356144055664913584e-01 4.665302329329369391e-01
5.187042558741669085e-01 6.180023959216778273e-01
7.100766156047454425e-01 7.025725001545312098e-01
8.423078385154197933e-01 8.640360744622627154e-01
1.000000000000000000e+00 1.000000000000000000e+00
8.703627119247594468e-01 3.144057230846077911e-01
5.230872550896668027e-01 3.762994071257523276e-01
2.534782684709722678e-01 4.593368997714439850e-01
4.265850839337025080e-02 5.381819674235733819e-01
6.998637323415971556e-01 1.402042114066792966e-01
3.174647211549457837e-01 2.893299402370946294e-01
1.689443081934197677e-01 4.199082347482718247e-01
6.024439853416697216e-02 5.242552660101197359e-01
5.127481931182239494e-01 4.691060239136707333e-02
1.940616771149944186e-01 1.791075329389180126e-01
1.158187412914636755e-01 3.003726016070743521e-01
8.259364184419591692e-02 3.959333145977296797e-01
3.199921448407531122e-01 0.000000000000000000e+00
9.184633721655437177e-02 1.002150423540593693e-01
2.056333339767021581e-02 2.269572094995016276e-01
0.000000000000000000e+00 3.280550816738018183e-01
