3.722996230663511152e-01 1.000000000000000000e+00
6.370001802182562178e-01 9.015969751517491915e-01
7.986555748581199987e-01 7.114131910720616903e-01
9.005023698243284080e-01 5.768065030302796936e-01
1.000000000000000000e+00 4.726770172177024443e-01
4.801139750871893375e-01 4.918491869715293507e-01
3.777975758662445172e-01 2.600744664881557977e-01
2.867666588297644870e-01 1.197378105603675996e-01
1.907142924664804728e-01 0.000000000000000000e+00
2.881314080778640263e-01 5.137734348972066156e-01
2.045842752100487938e-01 3.547554071814058019e-01
1.238289243897507941e-01 2.550357470790977632e-01
3.782818552539415208e-02 1.618788204597232105e-01
1.297937751211594160e-01 5.832542779098576213e-01
1.502544553703668018e-01 6.317117241951507589e-01
2.507166610710575005e-01 7.633257250239817715e-01
3.224247161867402900e-01 8.350379966410532706e-01
0.000000000000000000e+00 6.847921486011018244e-01
2.783586843396433988e-02 7.568764960549269061e-01
1.381282214775640393e-01 8.530409929207226627e-01
2.326453592884214772e-01 9.022995569731502297e-01
