1.906620607883335872e-02 9.867633699889959420e-01
3.402700193036879983e-01 1.000000000000000000e+00
6.221468119219354387e-01 9.064661257607660172e-01
8.345432530800455107e-01 8.344353607967155417e-01
1.000000000000000000e+00 8.186808862436086853e-01
5.157667782032673287e-01 5.462105339327624209e-01
6.260618684958854097e-01 3.708614149573284946e-01
6.803707008350479146e-01 2.647626306166090959e-01
7.190907232432617313e-01 1.664776593549778250e-01
3.621005213558245450e-01 4.873080012604117939e-01
4.603762292633831188e-01 2.565516955738462723e-01
5.088805390733002199e-01 1.165801134582014897e-01
5.376970013879971422e-01 0.000000000000000000e+00
1.878995645401469183e-01 4.871323354528867555e-01
2.666632253740953695e-01 3.044365322224232839e-01
2.477845997358167074e-01 4.614398657405837101e-01
2.241731878751864471e-01 5.894417161895934010e-01
0.000000000000000000e+00 5.299404014348091385e-01
4.990048747190894973e-02 4.200505798365058996e-01
6.023577707917538576e-02 5.389408716387457110e-01
5.862170996955274466e-02 6.486974063251029765e-01
