2.832877559320625127e-01 1.000000000000000000e+00
5.694191586113854786e-01 9.430592844155857302e-01
7.558814976204059066e-01 7.548387401366625227e-01
8.834285828378500849e-01 6.221391993503652129e-01
1.000000000000000000e+00 5.602861456369452320e-01
5.078734747640960556e-01 5.003689866558393984e-01
4.394620835872738440e-01 2.629882358618938487e-01
3.614494482054289026e-01 1.156692905950893469e-01
2.818029090483498700e-01 0.000000000000000000e+00
3.249182135022249951e-01 5.230363289762063328e-01
1.944960712369384614e-01 4.639391869703751170e-01
1.553256002309590378e-01 5.184851088652270290e-01
1.341052637901161970e-01 5.764429770309216217e-01
1.731671379429207402e-01 5.845934169926905177e-01
9.451594819459355201e-02 6.577008259971399706e-01
1.768524103022864058e-01 7.902000837223063234e-01
2.569494884219765130e-01 8.892353887264452528e-01
4.980139680876215919e-02 6.719303657028109500e-01
0.000000000000000000e+00 7.303353823266197642e-01
6.531581271636685559e-02 8.341620582677875539e-01
1.478212573713766353e-01 9.141279818202991958e-01
