5.213319073854895125e-01 1.000000000000000000e+00
3.228805909226961646e-01 8.467222282308956016e-01
2.000355176785016398e-01 6.712146234176509241e-01
9.454630532967261969e-02 5.109391461826503500e-01
0.000000000000000000e+00 3.912561656644658048e-01
4.483714652098463316e-01 5.156468443909467680e-01
5.186978185213377834e-01 2.639124742263785905e-01
5.593097786727735388e-01 1.142080706301631804e-01
6.093587375652889104e-01 0.000000000000000000e+00
6.115597537298028685e-01 5.514034266362207726e-01
8.073062318280086469e-01 3.653917188803618155e-01
9.192815693938455324e-01 2.771021952852186221e-01
1.000000000000000000e+00 2.226149433946722489e-01
7.577643507242514120e-01 6.242967022856978909e-01
8.810131566676222548e-01 5.730000781546692457e-01
8.225241238128961907e-01 6.322794850028912172e-01
7.507419665272282439e-01 6.934206683284926953e-01
8.811989634364437718e-01 7.087828317846562864e-01
9.532478407804328979e-01 6.785174915786236216e-01
8.940540920824202598e-01 7.290316813998499734e-01
8.365031451964364262e-01 7.767227168640068458e-01
