6.639167335618987309e-01 1.000000000000000000e+00
7.983596956263325772e-01 8.129412219102127857e-01
8.613696641374553042e-01 5.952189962706689874e-01
9.056824116841838412e-01 4.316440867144551441e-01
1.000000000000000000e+00 3.121215415712399466e-01
8.156671600054355986e-01 5.258612365586013970e-01
7.721687470396417785e-01 2.744435150124525657e-01
7.582835110380389265e-01 1.239790205463677242e-01
7.471632007773015838e-01 0.000000000000000000e+00
6.977790204106795180e-01 5.843095945514861222e-01
3.729013312332065677e-01 3.511599800015163253e-01
1.532980832725162057e-01 2.455146909461800586e-01
0.000000000000000000e+00 1.737804125724372872e-01
5.557504212337405214e-01 6.691552714887140096e-01
2.266635639435206073e-01 5.555715196129621392e-01
2.528335865149631823e-01 6.288081876481468324e-01
3.409480005887070009e-01 6.858111974342432360e-01
4.036953085349922477e-01 7.626555139595996291e-01
1.454187004770871039e-01 6.648714403628909198e-01
1.779448482277792287e-01 7.302273575823292617e-01
2.622534192544521137e-01 7.846413290551645936e-01
