1.000000000000000000e+00 5.113371754550208870e-01
7.906781195850319799e-01 3.047465660168083290e-01
4.945938483125526530e-01 1.809158096150856321e-01
2.363559627214284753e-01 1.490080501490431697e-01
9.799204249493839725e-02 5.448135731933603787e-02
4.904853838120434850e-01 0.000000000000000000e+00
1.390849566380992219e-01 2.280697881493675971e-01
2.342572230515681253e-01 3.326232609665697448e-01
3.326001364245641523e-01 3.152232686391472360e-01
5.159290352299331639e-01 1.682435383773575599e-01
1.782086809411446426e-01 4.449428628540238462e-01
2.773332710715878946e-01 5.049796373832203811e-01
3.612003286252752354e-01 4.628240065526503799e-01
5.465457621397027399e-01 3.878066591242089189e-01
1.954219457411587868e-01 6.169374166700879458e-01
3.016626966696938084e-01 6.799349311588082090e-01
4.050640525813411497e-01 6.540915365413232374e-01
5.854413555160258298e-01 6.192012308429537537e-01
3.063952378844561619e-01 8.059545931481191250e-01
1.515029320580052463e-01 9.249259831835946466e-01
0.000000000000000000e+00 1.000000000000000000e+00
