1.000000000000000000e+00 7.724462082833796206e-01
9.976184839223450895e-01 5.326369955488585717e-01
8.868278108992294628e-01 3.105029496773102360e-01
8.069855473290000747e-01 1.472169970472522182e-01
7.844547694890448009e-01 0.000000000000000000e+00
5.637516949334940852e-01 3.851975203866627728e-01
4.938966251990874468e-01 2.469459264134334642e-01
6.811515324351082867e-01 3.223823686444818870e-01
8.290230457147776955e-01 4.015212379749087401e-01
5.025406515001507035e-01 5.274265686242343154e-01
4.778339018983255304e-01 4.166740504369115805e-01
7.028235439714175525e-01 4.802492772531742893e-01
8.557178446902845570e-01 5.476883944852798392e-01
4.724707825750075196e-01 6.759037778643750549e-01
4.115855430244070301e-01 5.948045394659157159e-01
6.392650176488312574e-01 6.132046024896845582e-01
8.045915210279368512e-01 6.397768762072464366e-01
4.768036244673066193e-01 8.238830431847917746e-01
2.729905621798459081e-01 8.960001663322184617e-01
1.375313428177865893e-01 9.598061176919755466e-01
0.000000000000000000e+00 1.000000000000000000e+00
