9.540284539735703895e-01 1.000000000000000000e+00
1.000000000000000000e+00 6.697119510602871362e-01
9.257910033687826168e-01 3.884471712548710487e-01
8.746552534746642182e-01 1.800117712230431544e-01
8.411894872223280029e-01 0.000000000000000000e+00
5.517003221131242530e-01 4.260948337693458710e-01
6.369567498047504772e-01 2.901131293944756440e-01
7.896080633191251419e-01 3.824670805995510348e-01
8.764812735319373882e-01 4.810962800575198650e-01
4.710363377797119333e-01 5.719019694075767601e-01
6.030993188609085065e-01 4.692921288437061356e-01
7.876687791174333819e-01 5.858163937960456646e-01
8.775329009997552276e-01 6.910200652950475586e-01
4.412846835015134528e-01 7.422084613120305541e-01
5.097357623279181738e-01 6.206955386394941154e-01
7.116155974246491933e-01 6.823439308358525413e-01
8.408603800857155086e-01 7.576210776010943171e-01
4.496723985188236239e-01 9.064862277328229467e-01
2.579545233774862556e-01 9.060158252947668744e-01
1.248625967990736885e-01 9.096570590822272706e-01
0.000000000000000000e+00 9.012797497650379963e-01
