9.434229599885229911e-01 1.000000000000000000e+00
1.000000000000000000e+00 7.087662183886848100e-01
9.243689466508749897e-01 4.079593335079004790e-01
8.747266797259947158e-01 1.833694706291606191e-01
8.835728977772639992e-01 0.000000000000000000e+00
6.689881348269511863e-01 3.900355273001664957e-01
5.672019485135455508e-01 2.165584397567124064e-01
6.889382778057629997e-01 3.100608373881052482e-01
7.965458595700748434e-01 4.280757686880967694e-01
5.819271378684230944e-01 5.077241453360691326e-01
5.092953097023452669e-01 3.676724540112527584e-01
6.809171180564621562e-01 4.931529707799603424e-01
7.940835200453448817e-01 6.106100657801597498e-01
5.110599912514042220e-01 6.519044705497923919e-01
4.121611055971943216e-01 5.179498106066716678e-01
5.843316815053452018e-01 6.201714896545725830e-01
7.065212831156502116e-01 7.173881930220712411e-01
4.556987185448814204e-01 8.070836240814414086e-01
2.543577952717095969e-01 7.579803499662974842e-01
1.258649213286482382e-01 7.250281950920988150e-01
0.000000000000000000e+00 6.770030388366341523e-01
