2.687647374296378011e-01 1.418545656900048191e-01
4.822139063263138903e-01 1.306620579788394798e-01
6.827044944273612526e-01 2.161819658384631082e-01
8.451184675910953237e-01 2.926244165599544700e-01
1.000000000000000000e+00 3.345314030141452455e-01
6.117033256705384225e-01 0.000000000000000000e+00
6.486772189646330400e-01 5.017015538048587020e-01
6.195630087567557398e-01 4.757392975895767262e-01
5.733140763654045458e-01 3.592951722965788686e-01
4.407650070782767604e-01 2.350902286666335661e-02
4.811891936032924866e-01 6.235297602928775440e-01
4.638173314866632091e-01 5.353416647438301590e-01
4.357058621877532567e-01 3.570507735922298642e-01
2.741038283760650063e-01 7.954152068061039194e-02
3.052128039040141738e-01 6.531628608412997083e-01
3.046992501684405719e-01 5.747726080714068431e-01
2.862768120490314927e-01 4.093174326927263018e-01
1.239253418113803046e-01 1.609855715636617501e-01
9.712619448539795697e-02 5.602797758355159141e-01
4.958409810612542101e-02 8.154455299024366832e-01
0.000000000000000000e+00 1.000000000000000000e+00
