1.000000000000000000e+00 3.438871025229197076e-01
7.542186144730126385e-01 2.110816898659895191e-01
4.216168037138228186e-01 1.571704005656719139e-01
1.589125132149326325e-01 1.163521192563860135e-01
0.000000000000000000e+00 0.000000000000000000e+00
5.183664721275591525e-01 1.800525449377030074e-01
1.439001514183732566e-01 3.751370665719050979e-01
2.122405655332458285e-01 3.709093550824721364e-01
3.270818184767246284e-01 3.174864243642848693e-01
6.301916818630424189e-01 3.359999079654026333e-01
2.489354037518722029e-01 5.172443648515612225e-01
3.096220291988567297e-01 5.025410709716702229e-01
4.194048120416208336e-01 4.528820570243808352e-01
7.222018942808222652e-01 4.886522832782297376e-01
3.201351871849257846e-01 6.619113327610997022e-01
3.686215063387054403e-01 6.418258044984892496e-01
4.762486774443003834e-01 5.837066380166373580e-01
7.891277103272600346e-01 6.193050237468434860e-01
5.276457878168060445e-01 8.220688312266571929e-01
3.860457394263894226e-01 9.267786378325681973e-01
2.826943772630771123e-01 1.000000000000000000e+00
