0.000000000000000000e+00 8.309126549969885200e-01
1.662460485235657537e-01 6.023942963645150250e-01
4.418410988695312125e-01 3.636802209506402872e-01
6.433442065245243979e-01 1.723435066547106820e-01
6.772195377456218246e-01 0.000000000000000000e+00
2.938640557618797944e-01 3.668089100068566144e-01
9.522191656626403100e-01 3.540523809915430142e-01
8.716496617272576630e-01 4.352968201825150873e-01
6.746020460439688948e-01 4.463383584066608623e-01
2.810212754359064369e-01 5.254532595139927986e-01
1.000000000000000000e+00 5.108224163869680146e-01
9.051455579657765593e-01 5.728863071293631704e-01
6.896216462995315988e-01 5.967838294774906460e-01
3.015148887884314677e-01 6.897598594720919518e-01
9.777374234607375536e-01 6.604272234628749683e-01
9.242171867191301127e-01 7.007219451216886164e-01
7.519296761371797588e-01 7.140862863323033105e-01
3.244821815287965983e-01 8.472308199045704979e-01
7.392908690119072146e-01 9.036891224267994405e-01
8.826367790488770515e-01 9.634239376110506070e-01
9.470729442235955586e-01 1.000000000000000000e+00
