1.000000000000000000e+00 4.926210913485793985e-01
7.758420524481235425e-01 6.603656587845263548e-01
4.839083869841511731e-01 7.851919932787698730e-01
2.538004628661699735e-01 8.887316992668192750e-01
1.034163916331111988e-01 1.000000000000000000e+00
0.000000000000000000e+00 5.834247744877958386e-01
1.817726708113020714e-02 6.604846340481386191e-01
3.227244256185090032e-01 6.780387189469327947e-01
5.059679779854926451e-01 6.680524726269668756e-01
6.239313326509531021e-02 4.524166109006462211e-01
1.135246426611418169e-01 5.245630711946581703e-01
4.307489669482188477e-01 5.713422433361641239e-01
6.092822369364981894e-01 5.829509668397448996e-01
2.091795914543149171e-01 3.456275892820383500e-01
2.151282860202259062e-01 3.811215564337007700e-01
4.932321607269282704e-01 4.604547681168623119e-01
6.722829314601030948e-01 5.081111647643417051e-01
3.917218897152923152e-01 2.674926783111234441e-01
2.366041395999924357e-01 1.651690669897025454e-01
1.415396587294117381e-01 7.746877161005980006e-02
2.445169652961479145e-02 0.000000000000000000e+00
