0.000000000000000000e+00 1.000000000000000000e+00
4.274031129002674179e-02 7.104169599982574912e-01
1.383331742421108623e-01 3.970362035359518704e-01
2.691209898561352509e-01 1.704939146497769786e-01
3.087468451047388762e-01 0.000000000000000000e+00
1.611259907245334022e-01 2.377095035805253109e-01
5.214626660398011815e-01 1.708456532601488886e-01
5.017129871726431212e-01 3.417153564695141199e-01
4.257871435051051034e-01 4.008655259082129496e-01
2.109840408845782278e-01 3.594618204787327076e-01
5.924324970369411192e-01 3.373983581728469128e-01
5.567552544268495884e-01 4.883327278709999608e-01
4.830391187746956305e-01 5.340527833505378519e-01
2.832155755371545958e-01 5.258982299496675061e-01
6.541283154435072467e-01 4.827440642002698290e-01
6.012351973372127567e-01 6.207915505981111970e-01
5.143063236180092090e-01 6.736266312153560420e-01
3.650468175297347240e-01 7.075574145539661464e-01
6.663548817971604032e-01 6.349483490066398783e-01
8.437587762194269647e-01 5.957203536729782645e-01
1.000000000000000000e+00 5.239580278471185348e-01
