6.274743346728020033e-01 8.824632561572285372e-01
3.040574595208642150e-01 6.122523458024430321e-01
1.929630060642605338e-01 3.472700512874424827e-01
9.937572448718007267e-02 1.502387907277109858e-01
0.000000000000000000e+00 0.000000000000000000e+00
7.987860711269882952e-01 2.721321244329256706e-01
3.970624594401067631e-01 2.288873489187371324e-01
2.723125485838669979e-01 3.658727715279066484e-01
2.932216782715760250e-01 4.558218917246033008e-01
9.528737007892277289e-01 4.171586048871643859e-01
4.512943756810024465e-01 4.167044090465856221e-01
3.435741326136122487e-01 5.344238395961368182e-01
4.168451267456543263e-01 6.020883997695766210e-01
1.000000000000000000e+00 5.942951972598066179e-01
5.555737317255291519e-01 5.968161236305201678e-01
4.709817906527642428e-01 6.737686347413690546e-01
5.538411746020833748e-01 7.234966428769884494e-01
9.713708757292498497e-01 7.709722301187409421e-01
7.007979246587171529e-01 8.120949756328329494e-01
6.448976430845355656e-01 9.103141288804834641e-01
7.207176724967997439e-01 1.000000000000000000e+00
