8.024217698884597016e-01 1.000000000000000000e+00
5.091510113974326845e-01 9.103431149610844431e-01
3.069319281585448089e-01 7.529542302451621705e-01
1.469148899518876450e-01 6.107356035987037135e-01
0.000000000000000000e+00 5.245751824542764785e-01
5.321947384693443972e-01 5.457985210718440117e-01
4.545823066635585330e-01 4.034718167823617696e-01
4.430791010377287953e-01 4.987083932770747241e-01
4.570276114698272329e-01 6.236533613020391886e-01
6.615533851131354393e-01 5.061731323825467976e-01
5.550005212581605729e-01 3.460891248364959538e-01
5.458701364712030824e-01 5.060750285366112378e-01
5.798633274525867298e-01 6.608848132936177011e-01
8.130264427777109670e-01 4.735948230020103900e-01
7.085600433472022397e-01 3.005427943232302779e-01
6.777230369708502344e-01 4.442895531913586549e-01
6.949003054617564068e-01 5.821734098456929907e-01
9.760804697319033219e-01 4.561658098123117511e-01
1.000000000000000000e+00 2.487775477543432423e-01
9.996773121155161368e-01 1.185435371175422165e-01
9.923401448873970798e-01 0.000000000000000000e+00
