0.000000000000000000e+00 1.000000000000000000e+00
2.836883997875100372e-01 9.989263813550719462e-01
5.933437421177897297e-01 8.735449737646379109e-01
8.102356623268237579e-01 7.756541818712475722e-01
1.000000000000000000e+00 7.306721139181621139e-01
5.786655660652170186e-01 5.921162513936595317e-01
7.318130759472657454e-01 5.054380486545204665e-01
6.324465614652547973e-01 6.695071961718396247e-01
5.130576086891979193e-01 7.786238625236722166e-01
4.501732440425658122e-01 5.379117951289846822e-01
6.223463171775148739e-01 4.559170772828978757e-01
5.038074275624072618e-01 6.633641960636889046e-01
3.665921907611266461e-01 7.902389548783325113e-01
2.890013375715438926e-01 5.018418828763431261e-01
4.683633736888154209e-01 4.059894510533066381e-01
4.140838547120030411e-01 6.125784222165160386e-01
3.200498988280264245e-01 7.564365741933380960e-01
1.149767652558067871e-01 4.762113654531855977e-01
1.942505335269368305e-01 2.611546216355745686e-01
2.737043313721411741e-01 1.277309862906039761e-01
3.460325035995157616e-01 0.000000000000000000e+00
