1.000000000000000000e+00 8.058305474596719753e-01
9.823595734678000069e-01 5.469951870779826697e-01
8.661527683919376663e-01 3.256065635829424876e-01
7.794995222384480948e-01 1.585736473110148925e-01
7.450901902467698124e-01 0.000000000000000000e+00
4.627335093017390655e-01 4.096175805660768332e-01
4.495828328377411420e-01 3.079567452512783077e-01
6.692119876445691284e-01 3.839710281327229913e-01
8.278413043138014293e-01 4.549562956357063315e-01
4.109737955267729892e-01 5.605542227970086167e-01
4.452337465480415424e-01 4.746575383370708057e-01
7.006206244401927963e-01 5.299172300268123470e-01
8.580639077150515881e-01 5.831049605553441095e-01
4.133625042273427752e-01 7.147103270322556767e-01
3.801317762051171223e-01 6.558200718678011132e-01
6.236005687571483103e-01 6.652907625755549725e-01
7.909376667286776019e-01 6.774412303451631256e-01
4.552606965392946292e-01 8.607490968382238705e-01
2.579623128057332293e-01 9.220462395915944853e-01
1.337443093081580880e-01 9.720636257833383809e-01
0.000000000000000000e+00 1.000000000000000000e+00
