0.000000000000000000e+00 1.000000000000000000e+00
1.517782216633813130e-01 7.258961901430380781e-01
3.561895492493145077e-01 4.331313504337777620e-01
5.033089336144082049e-01 2.023215474552731707e-01
5.065539575552182594e-01 0.000000000000000000e+00
1.964588840467769437e-01 3.463110611145218121e-01
7.475244923218069548e-01 3.347108312413284992e-01
7.107067725642203238e-01 4.577626863066851515e-01
5.640963391115706438e-01 4.901614259289224229e-01
1.763863198811909672e-01 4.964964171529426817e-01
7.648466140463335838e-01 5.443688575038310162e-01
7.088302641180164176e-01 6.351632517992102933e-01
5.836823960188242122e-01 6.607625189090534645e-01
1.996152281835365527e-01 6.832733451082004805e-01
7.701040400219619775e-01 7.141792637982055103e-01
6.966059994624471674e-01 7.702986738294509417e-01
5.618016123302150833e-01 7.804236815201743838e-01
2.555125172638229580e-01 8.709655477237239207e-01
6.640376571671620098e-01 9.158880325638326658e-01
8.556544596909234635e-01 9.501191372506241350e-01
1.000000000000000000e+00 9.684957238180711414e-01
