0.000000000000000000e+00 8.189662649418939511e-01
2.989722211435450472e-01 1.000000000000000000e+00
6.023137701899816676e-01 9.278232982255211203e-01
8.128289388024551032e-01 8.401294415527552628e-01
1.000000000000000000e+00 7.730958653314621287e-01
6.825080234547568070e-01 7.737939113251691980e-02
8.818214669959043572e-01 4.634406248138631113e-01
7.377392702710728889e-01 7.942791577886989529e-01
6.192960374983724758e-01 8.930991674652047907e-01
5.955028450428183628e-01 2.291116528746850716e-03
7.903403315371454463e-01 4.826060627593507513e-01
6.151927799186347467e-01 7.728139822374463508e-01
4.992082306369195477e-01 9.072353825720487208e-01
5.074205934958049280e-01 0.000000000000000000e+00
7.215955082358906925e-01 4.593539730625305073e-01
5.647658750191306698e-01 7.314202728022262123e-01
4.340568186230951975e-01 8.277571510527641507e-01
4.301324640971814772e-01 6.927636246978705059e-02
6.775140881586371178e-01 8.744867846726656069e-02
8.540978895744200106e-01 8.452221468676231197e-02
9.996919907076401435e-01 4.201090017628796025e-02
