1.000000000000000000e+00 3.065373519601871655e-01
7.788349364926311358e-01 7.263697416121381867e-01
5.890013373538570685e-01 8.245485116208927101e-01
4.580478066737236897e-01 9.437829643803529178e-01
3.662475845553562759e-01 1.000000000000000000e+00
3.893163287716825405e-01 5.295452898515243950e-02
2.978196605923656426e-01 7.900393467152641014e-01
4.089048632141682460e-01 9.956019420708240864e-01
5.200978455530206324e-01 9.776383745047386720e-01
3.963454093293869995e-01 0.000000000000000000e+00
3.519890417028002649e-01 8.612758990107503010e-01
4.896295223551666020e-01 9.863941448013960889e-01
5.954972109626698318e-01 9.061879515618237457e-01
4.246879515195449706e-01 1.107924377532614330e-01
3.473622834050043018e-01 8.751414542812320230e-01
4.695902645192513991e-01 9.841077657372172549e-01
5.689332599624189468e-01 9.004882596373992021e-01
4.652309227868094421e-01 3.021706303896088408e-01
2.554793970443061113e-01 6.128247964605583187e-01
1.162992835856008073e-01 7.767605647595228202e-01
0.000000000000000000e+00 8.933185007902637587e-01
