1.000000000000000000e+00 5.294435214058051953e-01
7.723861974672331376e-01 3.502901886451458280e-01
4.288794905723322670e-01 2.235697318195404293e-01
1.311386110632161150e-01 1.364223457142177964e-01
0.000000000000000000e+00 0.000000000000000000e+00
6.011000060089156660e-01 2.088355922631350281e-01
6.466645258047266920e-02 2.700567247553127825e-01
1.628731746135616276e-01 3.247913809196771862e-01
3.276934518688530140e-01 3.222380761176345532e-01
6.545797120106812139e-01 3.745270827431745331e-01
8.359168401733634013e-02 4.522233321951367180e-01
2.150979622643662548e-01 4.817755386474671386e-01
3.994479286447505939e-01 4.599455484913373970e-01
6.824220316446972801e-01 5.502571583455742044e-01
1.333365903914763839e-01 6.093976994812552173e-01
2.481931796845872062e-01 6.161450113392014094e-01
4.090509604190764037e-01 5.839569886973559054e-01
6.976591796528487377e-01 7.084604507859263434e-01
3.376930364156336406e-01 8.372465242024392795e-01
1.604273498025170774e-01 9.276860417249316315e-01
1.104552814535085525e-02 1.000000000000000000e+00
