4.563808877303258127e-01 1.000000000000000000e+00
6.076908663789448717e-01 9.831246805775929465e-01
7.668205262060286964e-01 8.718164538019386178e-01
8.859076444058731070e-01 8.157163238712941133e-01
1.000000000000000000e+00 7.812630862673898280e-01
6.500864394715566430e-01 5.680022239213991520e-02
6.396120640725287965e-01 4.176477603411405393e-01
6.274254258785016969e-01 7.245010849135713471e-01
6.246490026536613005e-01 8.216392272332625479e-01
5.018107512172125251e-01 0.000000000000000000e+00
4.992194779628152945e-01 5.081402457299476483e-01
5.274695933135709058e-01 7.717350826733589964e-01
5.245134945665068660e-01 7.512784728460408790e-01
3.773498939867937496e-01 1.282082958868105971e-01
3.640823104981014691e-01 4.908736305955443413e-01
3.970169008611513783e-01 6.942636487223416975e-01
3.988764573006983172e-01 7.623683175579304416e-01
2.864963645015706217e-01 3.384955405655752925e-01
1.905689511401364722e-01 4.546881236373312429e-01
9.779957136103356596e-02 5.214818944017457492e-01
0.000000000000000000e+00 5.411198847771452325e-01
