1.000000000000000000e+00 1.000000000000000000e+00
6.356767827902395362e-01 9.130593757053681037e-01
3.500390308991170873e-01 7.160919641615758335e-01
1.781330052492275107e-01 5.691879560243136016e-01
0.000000000000000000e+00 5.042813718995772243e-01
4.824675328512529893e-01 3.527037302829302834e-01
2.490735110494968485e-01 3.533617829534152488e-01
3.429595762798500758e-01 5.770830650938467699e-01
4.645925038218370884e-01 6.974803055369642735e-01
6.238895103498361960e-01 3.594069200361935112e-01
3.271420458809548570e-01 3.632841003750519326e-01
4.573917904516415778e-01 6.093944030748383867e-01
5.785266825390353862e-01 7.437484520373837116e-01
7.816964288352363788e-01 3.999244349932484788e-01
4.783746363567063509e-01 4.000356757195127066e-01
5.412051063407335993e-01 6.228382224150761370e-01
6.399546402450230209e-01 7.605972656103007212e-01
9.341808445447449261e-01 4.562796976409795313e-01
7.566313231681626172e-01 2.558331102278835756e-01
5.978518527710756647e-01 1.193191001469227908e-01
4.629719385267770937e-01 0.000000000000000000e+00
