9.116148508967456543e-01 1.000000000000000000e+00
9.789647107234049628e-01 7.239417135813676074e-01
9.631189337116454752e-01 4.334447570075790623e-01
9.460154289800635219e-01 1.914678460136376714e-01
1.000000000000000000e+00 0.000000000000000000e+00
6.467199407055607141e-01 2.576898659812222880e-01
6.420471317735553241e-01 3.040658690865206681e-01
7.675961290646873270e-01 4.923741626597541998e-01
8.564284372908698151e-01 6.103102033478695621e-01
5.195603432221401752e-01 4.386375059907187679e-01
5.437152093577315437e-01 5.118358867533467915e-01
7.240772981941764330e-01 6.654516608952885104e-01
8.186428279626106752e-01 7.399196508070994271e-01
4.537298409599629934e-01 6.512807945113932018e-01
4.444173170858494171e-01 7.066273371864723041e-01
6.292578657155162292e-01 8.051235005064650840e-01
7.497740008307840487e-01 8.567722228962550979e-01
4.353106940262382318e-01 8.617550498383462765e-01
2.612083645996087777e-01 8.811191488967201613e-01
1.311439889840722572e-01 9.235003452346930430e-01
0.000000000000000000e+00 9.412187651279504408e-01
