9.643622888182875608e-01 1.000000000000000000e+00
1.000000000000000000e+00 6.777246710332212043e-01
9.286384683669631768e-01 3.931261186837394783e-01
8.860562479987645901e-01 1.769420841446863735e-01
8.676410687652015286e-01 0.000000000000000000e+00
6.166280559255975513e-01 4.357202684185336183e-01
6.007022482147158504e-01 2.807474938206040993e-01
7.392213823554987240e-01 3.623430564570589429e-01
8.277689172996742784e-01 4.599943942880745928e-01
5.392943887775890621e-01 5.826698268457871643e-01
5.736461393807353870e-01 4.522034381699809313e-01
7.494733858791985393e-01 5.563333890626331879e-01
8.432868925249525915e-01 6.668456560649869136e-01
4.893690648380764618e-01 7.484964562721687642e-01
4.822818312322728063e-01 6.128077404719288745e-01
6.772149109387758381e-01 6.672747716737803536e-01
8.057579132808462274e-01 7.473030297069950256e-01
4.613587195212595637e-01 9.164070336932790273e-01
2.512270994685803505e-01 9.157741783206466701e-01
1.221430325820186541e-01 9.106195459045520746e-01
0.000000000000000000e+00 8.916804350819220737e-01
