5.208960005980406427e-01 9.619465632688012358e-01
3.857855344752205706e-01 9.873152158109897991e-01
2.285954033039206967e-01 9.216138401110909317e-01
1.117699184839506948e-01 9.581836227946959328e-01
0.000000000000000000e+00 1.000000000000000000e+00
3.225351174947256316e-01 9.705764843123046437e-02
3.526195181151318692e-01 5.821513899525940783e-01
3.695771904368951866e-01 8.706424244921976419e-01
3.650811699515650877e-01 8.916852409621313091e-01
4.752156686651631823e-01 0.000000000000000000e+00
5.143161314204496293e-01 7.071148996186688018e-01
4.886840764413371563e-01 9.612933433617356638e-01
4.739482856328705584e-01 8.604627947417285982e-01
6.031197855219821991e-01 8.325153774560141440e-02
6.384196227214617991e-01 6.653270278036310659e-01
6.004998027268236838e-01 8.321667874425170419e-01
5.809449499412649986e-01 8.325494923407504855e-01
6.908194817634418783e-01 2.584402857865713554e-01
8.088675067235137073e-01 6.347355924713715680e-01
9.074211126938446226e-01 8.586723356904658599e-01
1.000000000000000000e+00 9.877525274206971906e-01
