5.377747822690169023e-03 9.569420789349059042e-01
0.000000000000000000e+00 6.458001840735028143e-01
8.187362081017472704e-02 3.769128670056768327e-01
1.400719584500118853e-01 1.727507605814872227e-01
1.698176548441590328e-01 0.000000000000000000e+00
4.451909296436319941e-01 4.604777632634576290e-01
4.513515945288173459e-01 3.115195985931525358e-01
2.947415941295388198e-01 3.719229776567394286e-01
1.843940801534112717e-01 4.515371263593986328e-01
5.088586467623573695e-01 6.113230769979949297e-01
4.611224178686881836e-01 4.776794138378960275e-01
2.615234627639677067e-01 5.526432565427051857e-01
1.486638982130538966e-01 6.460031884160304383e-01
5.359115132600023035e-01 7.723814570294286197e-01
5.511252201781738913e-01 6.446813775320758833e-01
3.319185626415529500e-01 6.757434767735031045e-01
1.844689678724325543e-01 7.356530409259189884e-01
5.351275842013041295e-01 9.293987723563478243e-01
7.469602854050091389e-01 9.561008435484793511e-01
8.753226197895305205e-01 9.814091240560450791e-01
1.000000000000000000e+00 1.000000000000000000e+00
