1.000000000000000000e+00 2.535807006920893711e-02
5.752225673458024602e-01 0.000000000000000000e+00
2.631402361348124663e-01 6.526349370032900887e-02
1.466773869395448793e-01 1.610034052817823635e-01
1.538360167844573800e-01 1.819227371416556327e-01
0.000000000000000000e+00 3.495717882017949085e-01
2.117366993536026754e-01 4.588824336783395852e-01
3.616316828899658331e-01 4.106553181183859036e-01
4.118634219462445345e-01 3.282166065341849404e-01
2.109138961941112722e-01 4.642248459799784843e-01
4.123773709742553084e-01 5.364396274158890199e-01
5.345322851782432494e-01 4.676100069413792748e-01
5.898839744543248331e-01 3.944057187871509718e-01
4.821961270691636492e-01 5.294082819122755135e-01
6.206001918864216815e-01 6.149190963672435117e-01
7.049278214408083443e-01 5.380567092269646912e-01
7.422357040223138691e-01 4.561543907673759057e-01
7.658993229444841511e-01 5.526623584605103723e-01
7.500187069569582698e-01 7.603808391184746496e-01
7.662318069163330803e-01 8.921211545752588679e-01
7.645368202899138765e-01 1.000000000000000000e+00
