3.247214319329929655e-01 9.909749541010378637e-01
6.770927972542011286e-01 7.176591478339053864e-01
8.510294139252990719e-01 2.996683857327370193e-01
9.589006946488295435e-01 8.932096040711182128e-02
1.000000000000000000e+00 0.000000000000000000e+00
2.131650574150456834e-01 1.936788387690005497e-02
7.698812836287617367e-01 8.969345303932171887e-02
8.171540867313400458e-01 3.597167669596792461e-01
6.681166756003710239e-01 4.640279563162170717e-01
5.869159383446437978e-02 1.848658302742520465e-01
6.957296419361825857e-01 2.994891733497526132e-01
7.246987777649814833e-01 5.154123668777186307e-01
5.589029695443621382e-01 6.156834281555090271e-01
1.096594433994143095e-02 4.238715379541856398e-01
5.556531864888266670e-01 5.185823260707124183e-01
5.809412569840477492e-01 6.935319417019467636e-01
4.097285907448718900e-01 8.014526601009828166e-01
0.000000000000000000e+00 6.797486948995830058e-01
3.443236854065925279e-01 6.922307660157049902e-01
4.393437021175959911e-01 8.417240679783762891e-01
3.801056594187547377e-01 1.000000000000000000e+00
