1.000000000000000000e+00 4.694122334197412538e-01
8.407663392079270936e-01 6.511309997266557792e-01
5.512471519795325570e-01 7.798335979118230510e-01
3.346595401458004604e-01 8.785820557760767313e-01
2.053659076926275251e-01 1.000000000000000000e+00
2.784694850077343853e-01 6.124059964316441729e-01
1.248746935962012083e-01 6.460822517317170721e-01
3.419060346524586680e-01 6.540610515854616835e-01
5.173119364460212477e-01 6.502472240344718823e-01
3.004269350784516956e-01 4.774532737292100926e-01
1.715486084898458774e-01 5.087350165434064708e-01
4.298511525590442695e-01 5.388853791110269631e-01
6.028379829615774232e-01 5.463659644757267175e-01
3.663722115061651130e-01 3.433118098016987307e-01
2.158198563304827566e-01 3.497099735337488857e-01
4.460230687221573009e-01 4.082326769275842482e-01
6.151081029633705954e-01 4.435654784378750826e-01
4.557510035881647270e-01 2.183421847437300167e-01
2.534892514229545313e-01 1.258989177189415998e-01
1.348862123650377831e-01 5.781881425242450800e-02
0.000000000000000000e+00 0.000000000000000000e+00
