0.000000000000000000e+00 1.000000000000000000e+00
3.113764987439946452e-01 9.643474583289172175e-01
6.182363133093975449e-01 8.043282059041602094e-01
8.161112714067157992e-01 6.890809511752010730e-01
1.000000000000000000e+00 6.292180423437475634e-01
5.681475318424544785e-01 4.984551371814781584e-01
7.446273953129201040e-01 4.341521180109568778e-01
6.576874961988098400e-01 6.309991301875361724e-01
5.443353410443141360e-01 7.533778929045817918e-01
4.238330576681241801e-01 4.712699477805809556e-01
6.337338038583846256e-01 4.212704987261797207e-01
5.148739417845044075e-01 6.549993428411775565e-01
3.782293221912302328e-01 7.935727254438150746e-01
2.428074315545162842e-01 4.669118544976529339e-01
4.607052674409866100e-01 3.993895522766151562e-01
4.133947080061408652e-01 6.235258087341802868e-01
3.198487756021033968e-01 7.746890366483332180e-01
5.133024760312564910e-02 4.712776155801508549e-01
1.721963189530769933e-01 2.535463573010572347e-01
3.008457942403752750e-01 1.184697752948496163e-01
4.132159368825305545e-01 0.000000000000000000e+00
