1.662681005137851831e-01 1.000000000000000000e+00
4.567688980860349912e-01 9.074316082109169512e-01
6.745327736318840195e-01 7.494675616037896893e-01
8.452794119383679750e-01 6.111351461626149950e-01
1.000000000000000000e+00 5.274527436534319769e-01
4.800482363916622752e-01 5.351531047941040509e-01
5.681139205011842552e-01 4.019422929177165482e-01
5.843650831691068470e-01 5.095691007973299769e-01
5.669116228818140701e-01 6.303748061770331201e-01
3.516720073558645132e-01 4.908910368772156918e-01
4.751321626653755570e-01 3.413191133636566121e-01
4.927510419148588006e-01 5.154713720523913523e-01
4.569677527959022934e-01 6.647569306770474418e-01
1.944560103419268327e-01 4.569071052930459009e-01
3.094098706309793556e-01 2.871694612667064495e-01
3.508742730214037264e-01 4.487436047494329228e-01
3.362102432404333596e-01 5.945102644648242451e-01
2.300212724524866234e-02 4.399682973819961651e-01
0.000000000000000000e+00 2.368327137311118380e-01
8.294288299039694404e-03 1.127148466632541535e-01
2.513868078377652984e-02 0.000000000000000000e+00
