0.000000000000000000e+00 7.757555701310590024e-01
1.075516788743905300e-01 5.345359977636180426e-01
3.000027928567543523e-01 3.161127423580242235e-01
4.612056027646341816e-01 1.466147775211835980e-01
5.159812261229121955e-01 0.000000000000000000e+00
3.611058536807646990e-01 3.586772293601137584e-01
7.667521280833505815e-01 3.707128785167099205e-01
7.163879248633338026e-01 4.211763437724748704e-01
5.896801885031316415e-01 4.425099679096145544e-01
3.874977032428006951e-01 5.169371367187081123e-01
7.793765461769466274e-01 5.187615465730374131e-01
7.363499714099663862e-01 5.513587198699910763e-01
6.411958718637320587e-01 5.705362774437815476e-01
4.064673742883727625e-01 6.768985641628273431e-01
7.917513122751933530e-01 6.709472165930850940e-01
7.801354976503255267e-01 6.765162551514716238e-01
7.119760343491982058e-01 6.710579895366247660e-01
4.115716580896565668e-01 8.270768801306974671e-01
7.017144318667895009e-01 9.104273955195291146e-01
8.632191642890636452e-01 9.653944794684700126e-01
1.000000000000000000e+00 1.000000000000000000e+00
