1.000000000000000000e+00 7.242419245259390514e-01
9.886192388145994547e-01 5.045705249006591231e-01
8.663347913227412711e-01 3.035998663494686722e-01
7.735966184131982670e-01 1.518910132910609168e-01
7.150638621252035643e-01 0.000000000000000000e+00
3.292944459711917848e-01 4.101103716575931757e-01
5.180759934466705463e-01 2.948598250228435247e-01
7.529741928447368782e-01 3.859957317719725500e-01
8.739414461342041029e-01 4.621486631320724237e-01
2.783910176698308758e-01 5.478365900893741314e-01
5.098516900702046994e-01 4.398745857845529628e-01
7.864755682855444352e-01 5.025607424743009366e-01
8.778400595131756745e-01 5.634878655356964083e-01
3.306286450549609235e-01 6.938094577422151410e-01
4.251691399321915754e-01 6.200553723498779535e-01
6.769412635760523322e-01 6.328800594554314651e-01
8.065899974551314910e-01 6.644946954305084308e-01
4.467356296047557129e-01 8.351318595023674574e-01
2.800326728272550247e-01 8.918159716177008756e-01
1.492246751383552450e-01 9.463161517634111064e-01
0.000000000000000000e+00 1.000000000000000000e+00
