5.384506572265908009e-01 1.000000000000000000e+00
7.970903577750050317e-01 6.959383788614601496e-01
8.253298827728288156e-01 4.047312333813611884e-01
8.467468734584917556e-01 1.892626080441954517e-01
8.316976721411368789e-01 0.000000000000000000e+00
8.875143269593477324e-02 3.383588048000306658e-01
9.178278606766677727e-01 2.785843537404933401e-01
1.000000000000000000e+00 4.200125649076287826e-01
7.902057097466848035e-01 4.752786917158620117e-01
0.000000000000000000e+00 4.940091051337676120e-01
9.853214407480486159e-01 4.582033214418969047e-01
9.830409152569422604e-01 5.847121058165788421e-01
7.736741668601108124e-01 6.225932376610985308e-01
4.494811464469140871e-02 6.715835470498274784e-01
9.526113150335141500e-01 6.330809536941860438e-01
9.388796499144009822e-01 7.357400833826147624e-01
7.383384898296724286e-01 7.695651981553771614e-01
1.583568791167338785e-01 8.478287928102772320e-01
7.618319828511737057e-01 8.334854788306377271e-01
7.734399936163421918e-01 8.752155722268348814e-01
6.272125177726837197e-01 8.930512521402373949e-01
