7.070471696223543656e-01 1.000000000000000000e+00
4.807277245715755321e-01 9.321756370725865493e-01
3.048079380789031623e-01 7.544232125266399080e-01
1.517398830462218517e-01 6.059707794106167222e-01
0.000000000000000000e+00 5.446399514833135669e-01
3.297752773402183313e-01 4.910764633437715854e-01
2.832630641670736971e-01 3.268971442557677132e-01
3.473435105068196638e-01 4.921880283727435024e-01
3.991987140802494838e-01 6.460801379152470991e-01
4.885224745771823418e-01 4.458980349202311677e-01
4.583170907041485553e-01 3.312849980585308995e-01
5.050635058981074454e-01 5.514098666840909768e-01
5.363402612961815086e-01 6.779935255520302961e-01
6.493670467827096227e-01 4.372762960268628540e-01
6.361529510396224385e-01 3.001518246024060255e-01
6.337013626346084116e-01 5.042337260320182146e-01
6.386303906910859585e-01 6.588195855073195606e-01
8.004198173943278816e-01 4.541531119589852783e-01
8.824350367592740385e-01 2.549135901501761170e-01
9.473372445755610105e-01 1.280101598990525114e-01
1.000000000000000000e+00 0.000000000000000000e+00
