1.000000000000000000e+00 6.542951746055619688e-01
7.720233636034773417e-01 8.109706908719312990e-01
4.674550068413168002e-01 8.837311239874287017e-01
2.475984547896481203e-01 9.319808904195477917e-01
8.332031549150677174e-02 1.000000000000000000e+00
3.160111742404201340e-01 6.243728297105524128e-01
1.227227669588701331e-01 6.375055909474814930e-01
2.751643252187490618e-01 7.212841552386553001e-01
4.301390269637018204e-01 7.741158947437237758e-01
3.602247868915025575e-01 5.092230552814880351e-01
1.644595521156967111e-01 5.229654438401719618e-01
3.729822419898125574e-01 6.292892739897618659e-01
5.585705136287387740e-01 6.901780976791264122e-01
4.339948788318413464e-01 3.885163748193552480e-01
2.262006201574300879e-01 3.908042426060179264e-01
4.322465722124346765e-01 5.149384879559472106e-01
6.165189507792859791e-01 5.908168470628055724e-01
5.236076095458115365e-01 2.700997393843199701e-01
3.092794404844896872e-01 1.392361146049935772e-01
1.567302720510732328e-01 6.338476504839446468e-02
0.000000000000000000e+00 0.000000000000000000e+00
