0.000000000000000000e+00 2.149432866175889911e-01
3.269975545448690069e-01 1.173978374811361081e-01
5.877835543661866780e-01 7.686732259826803415e-02
7.731742973731614565e-01 5.358016410911038002e-02
9.174219978765886241e-01 0.000000000000000000e+00
1.000000000000000000e+00 3.320601264624588045e-01
9.130629792998560257e-01 4.086336320905250563e-01
7.550759555870443229e-01 3.987461934150813847e-01
6.525100716599383510e-01 3.523047756075661230e-01
9.000339704259912033e-01 4.682979494474704962e-01
7.703849825784696570e-01 5.366225111831108840e-01
6.319171890355516075e-01 5.015881910675746846e-01
5.438363934419417900e-01 4.531828188471254126e-01
7.057045642955239728e-01 5.720972322138503374e-01
6.335448087579290677e-01 6.389871103490428750e-01
5.094397788494102741e-01 5.869791266625918880e-01
4.293509934531613004e-01 5.267797508613835111e-01
4.733587973014807826e-01 6.451692747069673883e-01
5.971643784243124697e-01 8.130734488335488175e-01
6.547332126881099112e-01 9.183893074855173921e-01
7.174308540809182233e-01 1.000000000000000000e+00
