0.000000000000000000e+00 9.045509905517721272e-01
2.935626569984873813e-01 1.000000000000000000e+00
5.951290748550597254e-01 9.618128809989687777e-01
8.117170681905645502e-01 9.495045419267388320e-01
1.000000000000000000e+00 9.892871652765783397e-01
6.722526721362822588e-01 4.443666353304693284e-01
8.202325751930026332e-01 6.304959044318856343e-01
6.471127342222737777e-01 8.068947832518956753e-01
5.096030919073906151e-01 8.923246357167061715e-01
5.447400568335234450e-01 3.499047388710952999e-01
7.069517892782574142e-01 5.804314329387159077e-01
5.048451744086568382e-01 7.848935161399634985e-01
3.392274381200711675e-01 8.713790295252565876e-01
3.946962578438846236e-01 3.159221586996207032e-01
5.794377528531872157e-01 5.023674087151065448e-01
4.161229452703059661e-01 7.204399000885429727e-01
2.721926723522928304e-01 8.295411068965140577e-01
2.334159289620748035e-01 3.181200194575922735e-01
4.129738803403644742e-01 1.666313678978877111e-01
5.545887186763325261e-01 7.677049514835503075e-02
6.915790828986120298e-01 0.000000000000000000e+00
