1.000000000000000000e+00 4.849023221768898328e-01
7.989286225942535680e-01 7.002721191856808858e-01
5.377946503721023896e-01 8.082294322993167635e-01
3.337794874221962083e-01 8.896254404225556467e-01
1.975789998132452541e-01 1.000000000000000000e+00
3.644629074387227274e-01 5.667946418801754760e-01
2.176032491487309706e-01 6.034190959289156275e-01
3.892661114337391814e-01 6.392732898583478596e-01
5.292106478342846199e-01 6.517551624982970138e-01
3.729322668699650012e-01 4.462191067914126896e-01
2.040415452547667263e-01 4.793716522687450077e-01
4.269240534988372748e-01 5.374189729872650423e-01
5.936557432199075501e-01 5.585344855306653145e-01
4.158569164489993031e-01 3.155773547842652405e-01
2.440351207638012943e-01 3.345560459965392086e-01
4.593838820426363601e-01 4.104676293611476678e-01
6.292875242717205220e-01 4.491643660556966511e-01
4.777143074597006156e-01 1.899665523718364613e-01
2.785527690867181660e-01 8.739838991887555197e-02
1.438070657248770035e-01 3.773234920928179859e-02
0.000000000000000000e+00 0.000000000000000000e+00
