6.752785680670070345e-01 9.909749541010378637e-01
3.229072027457989269e-01 7.176591478339053864e-01
1.489705860747009281e-01 2.996683857327370193e-01
4.109930535117040790e-02 8.932096040711182128e-02
0.000000000000000000e+00 0.000000000000000000e+00
7.868349425849543444e-01 1.936788387690005497e-02
2.301187163712383188e-01 8.969345303932171887e-02
1.828459132686599542e-01 3.597167669596792461e-01
3.318833243996289761e-01 4.640279563162170717e-01
9.413084061655355717e-01 1.848658302742520465e-01
3.042703580638174699e-01 2.994891733497526132e-01
2.753012222350185167e-01 5.154123668777186307e-01
4.410970304556378618e-01 6.156834281555090271e-01
9.890340556600585309e-01 4.238715379541856398e-01
4.443468135111732775e-01 5.185823260707124183e-01
4.190587430159522508e-01 6.935319417019467636e-01
5.902714092551281100e-01 8.014526601009828166e-01
1.000000000000000000e+00 6.797486948995830058e-01
6.556763145934074721e-01 6.922307660157049902e-01
5.606562978824040089e-01 8.417240679783762891e-01
6.198943405812452623e-01 1.000000000000000000e+00
