4.641091893438468730e-01 1.000000000000000000e+00
1.980200037190882889e-01 7.215174685164158497e-01
1.211073703364745346e-01 4.032909168749814754e-01
7.470884836307567500e-02 1.547871747071261073e-01
0.000000000000000000e+00 0.000000000000000000e+00
6.977994107368405974e-01 2.591957268485963750e-01
4.579098509297613306e-01 1.851231134322326166e-01
2.979139861098272224e-01 3.603382433900241821e-01
2.408757401983041835e-01 4.996224286615146282e-01
8.913232640554834552e-01 4.043148255304378491e-01
5.449122807770105936e-01 3.979582490063894307e-01
3.660425790569001303e-01 5.888953182627084670e-01
3.473999519135181346e-01 7.180466779681399236e-01
9.833368114887656164e-01 5.998359817785504644e-01
6.544394310867308606e-01 6.067223901879392756e-01
4.909415320284495343e-01 7.373808213043706594e-01
4.731448151640999522e-01 8.443783383995341341e-01
1.000000000000000000e+00 8.000951594939271772e-01
8.518974964358737578e-01 8.279789267117895202e-01
7.987334080725664309e-01 9.027026983595365373e-01
8.383597147669468175e-01 9.800874808485826595e-01
