1.000000000000000000e+00 9.045509905517721272e-01
7.064373430015126187e-01 1.000000000000000000e+00
4.048709251449402746e-01 9.618128809989687777e-01
1.882829318094354498e-01 9.495045419267388320e-01
0.000000000000000000e+00 9.892871652765783397e-01
3.277473278637177967e-01 4.443666353304693284e-01
1.797674248069973668e-01 6.304959044318856343e-01
3.528872657777262223e-01 8.068947832518956753e-01
4.903969080926094404e-01 8.923246357167061715e-01
4.552599431664764995e-01 3.499047388710952999e-01
2.930482107217425303e-01 5.804314329387159077e-01
4.951548255913432173e-01 7.848935161399634985e-01
6.607725618799288325e-01 8.713790295252565876e-01
6.053037421561153764e-01 3.159221586996207032e-01
4.205622471468127288e-01 5.023674087151065448e-01
5.838770547296939784e-01 7.204399000885429727e-01
7.278073276477071696e-01 8.295411068965140577e-01
7.665840710379252521e-01 3.181200194575922735e-01
5.870261196596354702e-01 1.666313678978877111e-01
4.454112813236674184e-01 7.677049514835503075e-02
3.084209171013879702e-01 0.000000000000000000e+00
