7.935637505658487134e-01 7.528829946884353364e-01
8.973913949596505901e-01 8.765801056698407923e-01
9.874389164395985796e-01 9.410622193473828778e-01
9.611650675994077853e-01 9.546778067990989713e-01
1.000000000000000000e+00 1.000000000000000000e+00
9.357024544764991347e-01 1.520951496443556095e-01
6.604900459691318559e-01 4.184521017583957558e-01
6.719618985966951952e-01 6.147526825877140944e-01
7.471076810363547205e-01 6.446797991719370735e-01
7.629218260681359665e-01 4.589670619050905537e-02
5.185674217799437491e-01 4.150303671151649998e-01
6.250583245738670080e-01 6.906548746267224814e-01
7.486152430236672206e-01 6.189622037904990437e-01
6.072077486081057796e-01 5.265985672850820309e-02
3.840257668376688138e-01 3.198487512189149840e-01
4.751164840992267990e-01 5.248894544992340760e-01
5.950182472276757117e-01 5.513135429496709428e-01
4.975707536186216307e-01 1.268383148502737756e-01
2.547524602487361567e-01 8.144827959970071807e-02
1.069583915389533263e-01 5.553300652180439417e-02
0.000000000000000000e+00 0.000000000000000000e+00
