1.000000000000000000e+00 8.189662649418939511e-01
7.010277788564549528e-01 1.000000000000000000e+00
3.976862298100182769e-01 9.278232982255211203e-01
1.871710611975448690e-01 8.401294415527552628e-01
0.000000000000000000e+00 7.730958653314621287e-01
3.174919765452431375e-01 7.737939113251691980e-02
1.181785330040956705e-01 4.634406248138631113e-01
2.622607297289271666e-01 7.942791577886989529e-01
3.807039625016275242e-01 8.930991674652047907e-01
4.044971549571815816e-01 2.291116528746850716e-03
2.096596684628545537e-01 4.826060627593507513e-01
3.848072200813652533e-01 7.728139822374463508e-01
5.007917693630804523e-01 9.072353825720487208e-01
4.925794065041950165e-01 0.000000000000000000e+00
2.784044917641093075e-01 4.593539730625305073e-01
4.352341249808693302e-01 7.314202728022262123e-01
5.659431813769048025e-01 8.277571510527641507e-01
5.698675359028185783e-01 6.927636246978705059e-02
3.224859118413628822e-01 8.744867846726656069e-02
1.459021104255800172e-01 8.452221468676231197e-02
3.080092923598436758e-04 4.201090017628796025e-02
