3.563771118171242536e-02 1.000000000000000000e+00
0.000000000000000000e+00 6.777246710332212043e-01
7.136153163303687874e-02 3.931261186837394783e-01
1.139437520012353683e-01 1.769420841446863735e-01
1.323589312347984437e-01 0.000000000000000000e+00
3.833719440744025042e-01 4.357202684185336183e-01
3.992977517852841496e-01 2.807474938206040993e-01
2.607786176445012760e-01 3.623430564570589429e-01
1.722310827003256661e-01 4.599943942880745928e-01
4.607056112224109379e-01 5.826698268457871643e-01
4.263538606192646685e-01 4.522034381699809313e-01
2.505266141208014607e-01 5.563333890626331879e-01
1.567131074750473807e-01 6.668456560649869136e-01
5.106309351619235937e-01 7.484964562721687642e-01
5.177181687677272492e-01 6.128077404719288745e-01
3.227850890612242174e-01 6.672747716737803536e-01
1.942420867191537726e-01 7.473030297069950256e-01
5.386412804787403807e-01 9.164070336932790273e-01
7.487729005314196495e-01 9.157741783206466701e-01
8.778569674179813598e-01 9.106195459045520746e-01
1.000000000000000000e+00 8.916804350819220737e-01
