2.501535936606880117e-01 1.000000000000000000e+00
4.155860573828151217e-01 8.989774493384679044e-01
6.264049889327966136e-01 6.517699436995004758e-01
8.420164896302531066e-01 4.382497743387086531e-01
9.827496242162891971e-01 3.029758722742096899e-01
2.255835561485589405e-02 3.476922414025770403e-01
7.406700530430858631e-01 2.766189175423618973e-01
9.870765838982127338e-01 3.635964893589987978e-01
1.000000000000000000e+00 3.977068172516814437e-01
0.000000000000000000e+00 3.739170112548914071e-01
9.512145990355482805e-01 3.579495513053316258e-01
9.788000045331878285e-01 5.808424572466749369e-01
8.373118707109299397e-01 7.033259925348293029e-01
5.762735185055420373e-02 4.259723638112996591e-01
9.201622625842650338e-01 4.388281522384700484e-01
8.670179780801214875e-01 6.544082749786412911e-01
7.173161548926424436e-01 7.731740612072023344e-01
1.605447614785023847e-01 5.088784835056155975e-01
5.848308681996396974e-01 2.916224932419987370e-01
7.514149850907603234e-01 1.458710257530868581e-01
9.055555014623520860e-01 0.000000000000000000e+00
