0.000000000000000000e+00 8.276165138498549068e-01
4.139526238457830187e-02 5.725380528476408104e-01
2.110187032160381615e-01 3.364430278589143897e-01
3.350056404424366363e-01 1.627246800793402115e-01
3.903804471108174301e-01 0.000000000000000000e+00
4.835635840771970173e-01 4.120743855175191817e-01
6.093686686558444920e-01 2.956757926406410331e-01
4.390292154180829298e-01 3.426939848143364387e-01
2.930771854503937957e-01 4.134266009624252280e-01
5.255858025986365201e-01 5.550196064840612342e-01
6.210080686252344995e-01 4.544105797049738937e-01
4.113506540992155625e-01 5.010616286202606018e-01
2.646341396700007120e-01 5.612300200121742577e-01
5.383722473184202606e-01 7.187105203897349304e-01
6.573978597742881069e-01 6.395221424703202429e-01
4.514899686381986244e-01 6.511880017665058196e-01
2.993191393754789376e-01 6.772144249214304690e-01
5.304887319010626046e-01 8.862333000880642242e-01
7.347345786029081394e-01 9.364621016985802404e-01
8.640634925400744182e-01 9.771124162249676948e-01
1.000000000000000000e+00 1.000000000000000000e+00
