4.038719718976415129e-01 1.907135465923267825e-01
5.788939049881653975e-01 4.492390134384331435e-01
7.241792654207224178e-01 6.353283335613431060e-01
8.504040441441287346e-01 7.664344450630378169e-01
1.000000000000000000e+00 7.826436934532695622e-01
6.544547623205556608e-01 1.089832752997057091e-01
6.290480915654366179e-01 8.198961717662995863e-01
6.247698194548824135e-01 7.902844422882511211e-01
6.253555769500761530e-01 5.938309018851095633e-01
4.780274487821795648e-01 0.000000000000000000e+00
4.545271424764044110e-01 8.408141966239990328e-01
4.690561160602727542e-01 7.954774216493770700e-01
4.764003446288635479e-01 6.018715126391795955e-01
3.202616799142113946e-01 2.074976095552158104e-02
2.987538241733203592e-01 8.106395669117083536e-01
3.107428745007183024e-01 8.576401687948218555e-01
2.976350328267579060e-01 7.770695597746015704e-01
1.845623967643434116e-01 1.118118855558817432e-01
1.116268924930446105e-01 7.766668760385201375e-01
5.752598020445944677e-02 9.526490747627870403e-01
0.000000000000000000e+00 1.000000000000000000e+00
