0.000000000000000000e+00 0.000000000000000000e+00
2.559778335832546547e-01 1.332130696400884995e-01
5.251498214069880710e-01 3.167692146339335935e-01
6.246738704017696930e-01 4.894772672008467218e-01
6.586020872751250366e-01 5.963572849851308533e-01
1.000000000000000000e+00 4.048603520885666884e-01
7.153328149836715166e-01 6.777680840074037372e-01
5.421228406444931203e-01 7.987667112392096147e-01
4.750830018248863307e-01 8.791524925056425355e-01
9.856700613771390840e-01 4.482412711212078182e-01
5.844831884033466762e-01 6.577714127259447485e-01
3.334661575781448506e-01 5.902551691775249632e-01
2.813884672759978667e-01 5.150669733210939683e-01
8.206290065759425101e-01 4.814495416885530288e-01
4.716281244066606315e-01 6.775166067609161846e-01
2.549025969500842148e-01 5.907521430631299530e-01
2.271312864843029466e-01 5.048372173488375747e-01
5.698918662895493537e-01 5.059636136930235617e-01
5.374414714611039923e-01 7.539543119522730263e-01
4.900442364140561446e-01 8.921034248312775805e-01
4.862310991061553067e-01 1.000000000000000000e+00
