4.160585162761977762e-01 5.136331915130672998e-01
3.956413376902812029e-01 6.268552532025688517e-01
3.938419812775126316e-01 7.647220047611149596e-01
2.966537833079344044e-01 8.790194785965675939e-01
2.873860055034257455e-01 1.000000000000000000e+00
1.000000000000000000e+00 5.914691066518189544e-01
5.321345643176590423e-01 6.426821020434387854e-01
4.632260162547669480e-01 6.521154681032311773e-01
5.801876396630472055e-01 6.545550156685601140e-01
9.488259109535648328e-01 4.186159695190355134e-01
3.706594017686066778e-01 4.815884845949597870e-01
2.840065780068152801e-01 5.306902068280234808e-01
4.737233681009807573e-01 5.317571617635463710e-01
7.628361418723538234e-01 3.037499691795689793e-01
3.315173853446056751e-01 3.391104495693176291e-01
2.572811439781013121e-01 4.045348403829862605e-01
2.921455755935705167e-01 4.373710748761018841e-01
5.389332390931819150e-01 2.487379191273572654e-01
2.467485350329743643e-01 1.692286123669998477e-01
1.086261539095421808e-01 8.432381573177465117e-02
0.000000000000000000e+00 0.000000000000000000e+00
