8.705597978983833363e-01 1.000000000000000000e+00
9.415336037715726913e-01 6.782474775244701215e-01
9.429283301809062712e-01 4.068880121962494822e-01
9.358783276062937473e-01 1.631403902258339589e-01
1.000000000000000000e+00 0.000000000000000000e+00
6.876413264583572937e-01 3.005036742267245264e-01
5.366543498833452608e-01 1.749669848125817440e-01
5.898802364837826273e-01 2.683249195610341031e-01
6.558864866529323656e-01 3.492989259155035997e-01
5.575553176869321170e-01 4.210838659207514767e-01
4.413032386310929978e-01 2.950017670505981071e-01
4.950966971096648073e-01 3.788195295526611273e-01
5.459540687845173546e-01 4.417476720872540175e-01
4.569966749892113711e-01 5.666717263551492856e-01
3.473042971471814733e-01 4.211800096028470719e-01
3.978159443276851337e-01 4.839652327394295961e-01
4.579280354343821524e-01 5.548117781483095090e-01
3.794262040524079005e-01 7.139632712700615391e-01
1.972742021449447047e-01 5.647900982952498428e-01
9.042501934495043858e-02 4.975380823166191679e-01
0.000000000000000000e+00 4.451957105746817134e-01
