1.000000000000000000e+00 9.499413199568873534e-01
6.969072489544407834e-01 1.000000000000000000e+00
3.980015343571596254e-01 8.602564066796674069e-01
1.809679428402041490e-01 6.900898613718854380e-01
0.000000000000000000e+00 5.915667896994670771e-01
3.730067947908651260e-01 8.805063687840769537e-02
7.293869713264125587e-02 4.808073946153853528e-01
2.030280707493775927e-01 7.422746467805487747e-01
3.356367889391125847e-01 7.909644358020799793e-01
4.931286064688743531e-01 0.000000000000000000e+00
1.603867839474601709e-01 5.922582098588051736e-01
3.435900271392302585e-01 8.579457056158940054e-01
4.769552686507332884e-01 9.189455168354067061e-01
5.942040003870450171e-01 5.703972201840749184e-02
2.716764426259470899e-01 6.238611561363422986e-01
4.588720478215660981e-01 8.754609080248446640e-01
6.018327811797808957e-01 9.505925196429352297e-01
6.967853374433831126e-01 2.264265016185834367e-01
4.305375088121863869e-01 4.002044037000975774e-01
2.366960943775563153e-01 4.899159368859403174e-01
5.813028827176706242e-02 5.166133803517640732e-01
