0.000000000000000000e+00 7.649583843241061221e-01
2.994786078085114323e-01 8.778465512564460616e-01
6.135404884721538110e-01 9.094782883326878453e-01
8.314554568882885910e-01 9.429141023078532191e-01
1.000000000000000000e+00 1.000000000000000000e+00
6.972179936466009753e-01 5.769000689419265804e-01
8.749204061639203056e-01 6.342366115407527261e-01
6.866251969328530658e-01 7.380468347792340511e-01
5.267988749562183548e-01 7.808625491736527202e-01
6.068457888586806792e-01 4.777154062444567417e-01
7.721017194981634191e-01 5.576223186086600725e-01
5.554472298632003868e-01 6.881919052024144667e-01
3.784294532056070026e-01 7.407965151944831961e-01
4.941744230243840241e-01 3.911282948320460306e-01
6.823635523580259266e-01 4.355815726097844731e-01
4.939876301615263032e-01 5.900128208743142810e-01
3.271353462830390857e-01 6.682535985015949365e-01
3.627779205138716434e-01 3.138545284116913692e-01
5.426743691705230299e-01 1.601397297458153346e-01
6.787858653827110178e-01 7.942274037348423521e-02
8.152868186096153824e-01 0.000000000000000000e+00
