1.000000000000000000e+00 7.525606570289464781e-01
6.812474255496016040e-01 6.405075179002692742e-01
3.751976059878991410e-01 3.885072190425779559e-01
1.604971971275567511e-01 2.147338016122168902e-01
0.000000000000000000e+00 4.566886068725232312e-02
3.358434796036025016e-01 0.000000000000000000e+00
2.794209492372173170e-02 3.900910473773109288e-01
1.079735571862341786e-01 5.549371921791467210e-01
2.016009301984139079e-01 5.522727202669991398e-01
4.340308555746862362e-01 1.145157793484931630e-01
1.290887967934706004e-01 5.664138559585192301e-01
2.374676563244252636e-01 7.145317497398573359e-01
3.428925339848547527e-01 7.078178735394541343e-01
5.305351439463200647e-01 3.315600033878366992e-01
2.056429843246997680e-01 7.207017812711051796e-01
3.033271778567099841e-01 8.386213970657635519e-01
4.083532222591147454e-01 8.356469116741945813e-01
6.170396306095243810e-01 6.001309043659791564e-01
3.459180977059915230e-01 8.189383300695314283e-01
1.984904245563155756e-01 9.305760628787188571e-01
7.124461430953539509e-02 1.000000000000000000e+00
