7.785483781969403383e-01 1.000000000000000000e+00
8.649600559297423441e-01 8.753751780649849934e-01
9.306648021537579085e-01 7.030465230054716574e-01
9.286975519306782667e-01 5.112247518914938560e-01
1.000000000000000000e+00 3.660937945676581151e-01
7.323278765424885428e-01 0.000000000000000000e+00
6.113056487318080379e-01 2.840228795125990802e-01
6.960918753835890760e-01 5.458023139862269169e-01
7.729803826767388530e-01 6.150290034879863921e-01
5.866851029341805246e-01 5.178593498949449897e-02
4.807529121018770391e-01 4.113907299476771140e-01
6.173692671202631876e-01 6.754862688169986917e-01
6.864935571143967463e-01 6.652489331524458205e-01
4.812787352246313266e-01 2.159831870871498916e-01
3.665490973581410072e-01 5.002226133636704652e-01
4.958516281253558811e-01 6.799115962745730934e-01
5.890767090697996977e-01 7.156812966318444325e-01
4.192218692743880926e-01 4.276368784280144553e-01
2.376486251193015986e-01 4.446077285190442874e-01
1.159455509168529075e-01 4.741070325052527679e-01
0.000000000000000000e+00 4.725924390424972588e-01
