1.000000000000000000e+00 8.426505501231816853e-01
7.020365055720642067e-01 9.413634276947573376e-01
3.840128697906364241e-01 9.403039712885936652e-01
1.733949100065463600e-01 9.584574212382335201e-01
0.000000000000000000e+00 1.000000000000000000e+00
2.996992659104644741e-01 5.288962650865027815e-01
1.378512116247782859e-01 6.405063465532485623e-01
3.096391737367091834e-01 7.848447349218619085e-01
4.545015032606165573e-01 8.584809898625392899e-01
4.092055997141018087e-01 4.305958138383743639e-01
2.512243022215033261e-01 5.759305793305624643e-01
4.600246609057158653e-01 7.470546354169997905e-01
6.345486556992211424e-01 8.237883685148765789e-01
5.435770717510499672e-01 3.635295466410282117e-01
3.716262700666986274e-01 4.714861469137157091e-01
5.466609144589518188e-01 6.581458135185496161e-01
7.018182021855474684e-01 7.552576975668224835e-01
6.935807329092218421e-01 3.161248261260414805e-01
5.207005708128098487e-01 1.581787308664839853e-01
3.834714828564902422e-01 7.488465397175603222e-02
2.507797720464562952e-01 0.000000000000000000e+00
