4.753691275069756306e-01 8.484063050489361046e-01
6.048148012363381287e-01 8.632107129417555536e-01
7.652323689309544763e-01 7.880513455738873407e-01
8.846306894270282717e-01 8.820918664834689338e-01
1.000000000000000000e+00 1.000000000000000000e+00
6.756835433553105563e-01 1.149157475402212830e-01
6.702278358566010619e-01 5.043503084814475734e-01
6.499839013905274188e-01 7.401059492258023065e-01
6.448361440049708015e-01 7.310054114812576387e-01
5.220915621133430662e-01 0.000000000000000000e+00
5.058358859111289352e-01 5.825250359981883896e-01
5.284067547262796261e-01 7.920275792178187446e-01
5.328770705506649108e-01 6.895875519125892472e-01
3.980079693107385075e-01 7.004974121083674954e-02
3.681870054205549359e-01 5.522775169429204878e-01
3.967400425365527061e-01 6.764175011290316508e-01
4.024480987208701732e-01 6.683376122729731694e-01
3.156085038244969554e-01 2.472871863041597451e-01
1.974931546219708955e-01 5.853495828804975432e-01
9.770125099803832203e-02 7.782616890143675414e-01
0.000000000000000000e+00 9.041345214384129969e-01
