7.520568134096254909e-01 1.000000000000000000e+00
8.370833411807938607e-01 9.310716304301308588e-01
9.210823428400465307e-01 7.984659581900558356e-01
9.287041079910247632e-01 6.846250287503713450e-01
1.000000000000000000e+00 6.205492791378030004e-01
7.828633315510612478e-01 1.781605960428948171e-02
6.215411568992260660e-01 3.194920455022191574e-01
6.934214031661951605e-01 5.840521716728679369e-01
7.740879537623313045e-01 6.310583699472341879e-01
6.409031303244420164e-01 0.000000000000000000e+00
4.904062818406217383e-01 3.851687507128300214e-01
6.095308761748366999e-01 6.564097147689103018e-01
6.802148100341871562e-01 6.002316473546390752e-01
5.281987411187712977e-01 1.152972635549436159e-01
3.711625019534785519e-01 4.226031571755129446e-01
4.890689307992002188e-01 6.153003204230199641e-01
5.867546464034932852e-01 6.292217192795825920e-01
4.523216813760425059e-01 3.007346813489094606e-01
2.544857402177631012e-01 2.910713943134242698e-01
1.214575544878536417e-01 3.051791567133987915e-01
0.000000000000000000e+00 2.802469190459114246e-01
