7.312352625703621989e-01 1.418545656900048191e-01
5.177860936736861097e-01 1.306620579788394798e-01
3.172955055726387474e-01 2.161819658384631082e-01
1.548815324089046763e-01 2.926244165599544700e-01
0.000000000000000000e+00 3.345314030141452455e-01
3.882966743294615219e-01 0.000000000000000000e+00
3.513227810353669600e-01 5.017015538048587020e-01
3.804369912432442602e-01 4.757392975895767262e-01
4.266859236345954542e-01 3.592951722965788686e-01
5.592349929217231841e-01 2.350902286666335661e-02
5.188108063967075134e-01 6.235297602928775440e-01
5.361826685133367354e-01 5.353416647438301590e-01
5.642941378122466878e-01 3.570507735922298642e-01
7.258961716239349382e-01 7.954152068061039194e-02
6.947871960959858262e-01 6.531628608412997083e-01
6.953007498315594281e-01 5.747726080714068431e-01
7.137231879509684518e-01 4.093174326927263018e-01
8.760746581886197371e-01 1.609855715636617501e-01
9.028738055146020569e-01 5.602797758355159141e-01
9.504159018938745929e-01 8.154455299024366832e-01
1.000000000000000000e+00 1.000000000000000000e+00
