3.777847099213509086e-02 1.000000000000000000e+00
0.000000000000000000e+00 6.627439123367703244e-01
8.388690270171576813e-02 3.827197240068860307e-01
1.377118255156685733e-01 1.822156120849969807e-01
1.623461570332808690e-01 0.000000000000000000e+00
5.813631591287712341e-01 4.346809912819658006e-01
4.153630533900971034e-01 2.998026377964004285e-01
2.243290559742669443e-01 3.934666391628024451e-01
1.414723235969401471e-01 4.888629758113561263e-01
6.592975419695964456e-01 5.847608812162736758e-01
4.159175734028205396e-01 4.850329999274726744e-01
2.109039504281345068e-01 5.853848986831111656e-01
1.528135781428779649e-01 6.756245747654557876e-01
6.544831315834412910e-01 7.590534337915112451e-01
5.216424655780370623e-01 6.296248328496609759e-01
2.788078676754035534e-01 6.920441619123599564e-01
1.596583332122106236e-01 7.611371026814069962e-01
5.998779662202575746e-01 9.214194819666016167e-01
7.632877639796979974e-01 9.363714114286091350e-01
8.780452057731926718e-01 9.570949137631408199e-01
1.000000000000000000e+00 9.660209538001015561e-01
