1.000000000000000000e+00 5.199056666255233994e-01
8.137183948952338985e-01 6.774449985399174645e-01
5.336559994005093399e-01 7.863410030315528543e-01
3.072437046632059965e-01 8.806468128053754896e-01
1.580916843986948372e-01 1.000000000000000000e+00
2.537824799844052848e-01 6.380953035014886865e-01
8.352579855536355902e-02 6.531859904326962063e-01
2.979036332006636534e-01 6.647731377926562324e-01
4.724628054786344511e-01 6.662579627182221298e-01
2.807806391065265084e-01 5.051488606840411899e-01
1.515620159583689341e-01 5.090883553148509710e-01
4.146497962818798122e-01 5.487708024132003093e-01
5.999201342978627283e-01 5.681536804616871272e-01
3.523636770720290912e-01 3.757755747757945408e-01
2.187894520510771934e-01 3.561565622431684952e-01
4.476574677543472269e-01 4.308309412565139440e-01
6.210491933389813424e-01 4.843757996586116055e-01
4.414829792861197921e-01 2.603920340455124216e-01
2.471540582340800429e-01 1.494086383450792255e-01
1.270833110308526026e-01 6.952076741637640278e-02
0.000000000000000000e+00 0.000000000000000000e+00
