1.000000000000000000e+00 9.557198859039250927e-01
9.688220655616267551e-01 6.430797769437708311e-01
8.007649322899239586e-01 3.653073320182263495e-01
6.726780973124101282e-01 1.736977891581697742e-01
6.014984234253782924e-01 0.000000000000000000e+00
5.157924047735997775e-01 4.572521380727150309e-01
3.933413303097865743e-01 3.145023409600116726e-01
5.692550324003311513e-01 3.626523651344707999e-01
7.122230986382526163e-01 4.390800558562089617e-01
4.695240446893055863e-01 6.130530713849968727e-01
3.756161359193136984e-01 4.830050787866203010e-01
6.020842916981004045e-01 5.309792468258351938e-01
7.510946392920195835e-01 6.007996616190068861e-01
4.509891741462663806e-01 7.906699181877326899e-01
3.344805664438389448e-01 6.783926104176867256e-01
5.526772187314176188e-01 6.853585099932361091e-01
7.074141076371538439e-01 7.224557072918400547e-01
4.530660616739057844e-01 9.719471835680026928e-01
2.437658390351055138e-01 9.926017554281950650e-01
1.229609525660144698e-01 1.000000000000000000e+00
0.000000000000000000e+00 9.973529428026768340e-01
