1.000000000000000000e+00 9.117718159998182692e-01
9.571554199397775964e-01 6.218760527042407338e-01
7.941096073675110167e-01 3.637647262291686112e-01
6.682136773329135915e-01 1.778612963049619466e-01
5.938116890987613639e-01 0.000000000000000000e+00
5.101678723047914366e-01 4.471501491812748807e-01
3.904680739346284568e-01 3.155716900652631995e-01
5.547790395499263560e-01 3.859639069704310921e-01
7.023050379294440981e-01 4.758823833648169743e-01
4.596238640404325948e-01 6.084344955598628424e-01
3.618198136395116005e-01 4.888217347389183787e-01
5.814998966452195051e-01 5.498884458466362091e-01
7.365513049609792029e-01 6.211085141555967581e-01
4.406308514271258248e-01 7.881772026711698631e-01
3.177289408976626817e-01 6.842111946022730873e-01
5.269036768651765845e-01 7.089473463848819934e-01
6.842312793310053598e-01 7.491547853899497289e-01
4.459280982670094096e-01 9.687684492618106047e-01
2.327904231611273300e-01 9.929570785372435759e-01
1.135034152342431768e-01 1.000000000000000000e+00
0.000000000000000000e+00 9.854411773156893650e-01
