0.000000000000000000e+00 9.004174564863942631e-01
8.605531438815040846e-02 6.441208126948684276e-01
2.617691521415995148e-01 4.032780558679067151e-01
3.834373859043256338e-01 1.953334601902725065e-01
3.725052517081423598e-01 0.000000000000000000e+00
2.267260928510741735e-01 4.772771274079336545e-01
5.795163022085126903e-01 4.009027165617206623e-01
5.186445704205115970e-01 4.481960196129559648e-01
3.974526771115708956e-01 4.867977622140772787e-01
2.684702420076375273e-01 6.737952826005807472e-01
6.325740260212332489e-01 5.700176975576226601e-01
5.531802310774588394e-01 6.220343308820673878e-01
4.416828610151055656e-01 6.601000829304949358e-01
3.230018489969703199e-01 8.530656289117233282e-01
6.891750280271314866e-01 7.328072798050547787e-01
6.282860416948011784e-01 7.663474120861580863e-01
5.156058151035237680e-01 8.021993783395066080e-01
3.783847952035127582e-01 1.000000000000000000e+00
6.859645324789189758e-01 9.948190347023213587e-01
8.629645239666771106e-01 9.956286931211040248e-01
1.000000000000000000e+00 9.898040964214813719e-01
