7.374369497551026553e-01 1.000000000000000000e+00
8.799736310440847697e-01 7.603949294523448810e-01
9.147755549319894763e-01 4.393891767219846312e-01
9.373190986935446833e-01 1.843115191655793350e-01
1.000000000000000000e+00 0.000000000000000000e+00
7.193627044627544098e-01 2.828589438990168903e-01
6.591033883056630627e-01 4.619228924770329286e-02
7.252131887432662349e-01 2.127720898158921847e-01
7.808016998131298569e-01 3.952971957122256019e-01
5.990390785531080065e-01 3.566046936824278646e-01
5.534182431631996524e-01 1.799835644682665492e-01
6.481717820912252792e-01 4.014021475653571924e-01
7.034531032968645015e-01 5.746460552847972858e-01
4.837355163922967827e-01 4.600458491160513419e-01
4.164502728555905531e-01 2.719537604094949823e-01
5.220487971756645473e-01 4.650555892761943921e-01
5.954791526467774210e-01 6.286192174488820505e-01
3.831957649575389868e-01 5.794760800925780053e-01
2.131942940103527251e-01 4.400794955376082229e-01
1.016158654289286423e-01 3.470920650927093454e-01
0.000000000000000000e+00 2.412365593256709240e-01
