1.000000000000000000e+00 5.854022643694244410e-01
7.596446049915657195e-01 7.387756956603228620e-01
4.702688382085907781e-01 8.401926519434291807e-01
2.453231276523369087e-01 9.203584135748573702e-01
8.218489418059078677e-02 1.000000000000000000e+00
2.581970208382257659e-01 5.828098895903478516e-01
9.339127789907779309e-02 5.850649307063302551e-01
2.816161783348442582e-01 6.353277153509707675e-01
4.490110481234741435e-01 6.702673593021737375e-01
3.179759992562574689e-01 4.650436786855552951e-01
1.730167358193178406e-01 4.811363531924758852e-01
4.219965080642864574e-01 5.576735061066858679e-01
6.144345165324186508e-01 6.035755302979843862e-01
3.990717458979965437e-01 3.500470459983708316e-01
2.293474411548644953e-01 3.429592526751333859e-01
4.486849890292601284e-01 4.351777395581032382e-01
6.290566614665592526e-01 4.952597563865782093e-01
4.967582175758614715e-01 2.412289203033731178e-01
2.752134901139742240e-01 1.215016993183278410e-01
1.379901701311061213e-01 5.689975562241417206e-02
0.000000000000000000e+00 0.000000000000000000e+00
