1.000000000000000000e+00 9.135102466604682059e-01
9.549790115262537515e-01 6.075556633031897746e-01
7.726339434509033044e-01 3.528627358147681248e-01
6.430014790303238970e-01 1.742262246155052430e-01
5.785662155621369429e-01 0.000000000000000000e+00
5.105042679120215254e-01 4.534951526885043216e-01
3.826165299045500290e-01 3.172176702229729250e-01
5.466758570089734759e-01 3.509375122500560384e-01
6.873065547865842007e-01 4.213837358836538538e-01
4.738460469867349367e-01 6.026293805724672881e-01
3.629435552598131998e-01 4.681070005050353422e-01
5.769068794213489948e-01 5.052600931898632020e-01
7.224767258823899807e-01 5.772549141991802912e-01
4.615189960059606356e-01 7.786971002143070475e-01
3.306926693673482576e-01 6.671026386287700616e-01
5.322216357202091963e-01 6.704405148696175321e-01
6.785830070154894589e-01 7.111864752530789868e-01
4.661805630835177405e-01 9.617386459344656746e-01
2.547804643915820844e-01 9.830833338724943582e-01
1.283634115580158941e-01 9.937532421022104989e-01
0.000000000000000000e+00 1.000000000000000000e+00
