0.000000000000000000e+00 5.389317123819871158e-01
2.585217862869167438e-01 3.837240165304031669e-01
5.764801016000510314e-01 2.442398868176223481e-01
8.533976439028024830e-01 1.493766288016832866e-01
1.000000000000000000e+00 0.000000000000000000e+00
2.515850941429866872e-01 2.012234492432733446e-01
7.592411086585021396e-01 2.167011050065667799e-01
7.368289132295774424e-01 3.028312784932853940e-01
6.012775593169094046e-01 3.249566369156082768e-01
1.923129307243531816e-01 3.640130665135564159e-01
7.916161417722891169e-01 4.033463923976648435e-01
7.346869904799867568e-01 4.772126776640147616e-01
5.623865529679757946e-01 4.706687627639604132e-01
1.717116093104381347e-01 5.355372724834799314e-01
7.366003701613313970e-01 5.720809639067860886e-01
6.816213223195303206e-01 6.215036203233192946e-01
5.471745338131430714e-01 6.009429859244029837e-01
1.694097777213650069e-01 6.929210301934277672e-01
5.123238551543236596e-01 8.557317488258875393e-01
5.849219334672265402e-01 9.561691615840032243e-01
6.087604729593617536e-01 1.000000000000000000e+00
