2.214516218030596340e-01 1.000000000000000000e+00
1.350399440702576559e-01 8.753751780649849934e-01
6.933519784624203597e-02 7.030465230054716574e-01
7.130244806932171941e-02 5.112247518914938560e-01
0.000000000000000000e+00 3.660937945676581151e-01
2.676721234575114017e-01 0.000000000000000000e+00
3.886943512681919621e-01 2.840228795125990802e-01
3.039081246164109240e-01 5.458023139862269169e-01
2.270196173232611192e-01 6.150290034879863921e-01
4.133148970658194754e-01 5.178593498949449897e-02
5.192470878981230165e-01 4.113907299476771140e-01
3.826307328797368124e-01 6.754862688169986917e-01
3.135064428856032537e-01 6.652489331524458205e-01
5.187212647753686179e-01 2.159831870871498916e-01
6.334509026418589928e-01 5.002226133636704652e-01
5.041483718746441189e-01 6.799115962745730934e-01
4.109232909302003023e-01 7.156812966318444325e-01
5.807781307256119074e-01 4.276368784280144553e-01
7.623513748806983736e-01 4.446077285190442874e-01
8.840544490831471203e-01 4.741070325052527679e-01
1.000000000000000000e+00 4.725924390424972588e-01
