9.383062463666250741e-01 1.000000000000000000e+00
1.000000000000000000e+00 6.770101505222458904e-01
9.192669310045619158e-01 4.033105385686017175e-01
8.732141262420515249e-01 1.915687458876929872e-01
8.632008339018394372e-01 0.000000000000000000e+00
4.404356531907152039e-01 4.183205543885077371e-01
7.090598750672550965e-01 3.076676868895919514e-01
8.815076313482733683e-01 4.147587136718913214e-01
9.255772868520476537e-01 5.064511601924719386e-01
3.602730994081550508e-01 5.616548913863339543e-01
6.986319197726205132e-01 4.803609626524048548e-01
8.647444724111980063e-01 6.042928294775042897e-01
8.807382107668694227e-01 6.960481320107311243e-01
3.638200606335400544e-01 7.313069265954532661e-01
6.007466147339551865e-01 6.249841145713493917e-01
8.062565763625633153e-01 7.066922072867870552e-01
8.835130452153602265e-01 7.739994922757960083e-01
4.260418914141519964e-01 8.895512431166952005e-01
2.793922967407319602e-01 8.729007234612772281e-01
1.451950145974644779e-01 8.835545509429316713e-01
0.000000000000000000e+00 8.833134886107952832e-01
