0.000000000000000000e+00 7.854973698257090575e-01
4.714186233717908986e-02 5.386721596744052931e-01
2.107834151165353387e-01 3.201144306118867133e-01
3.321334092902286650e-01 1.559682951594735245e-01
3.863670841780388332e-01 0.000000000000000000e+00
4.702309600249999222e-01 4.000491317919734335e-01
5.943590417950895821e-01 2.938913396213194695e-01
4.256236153608420891e-01 3.402448435176683716e-01
2.815680792791280806e-01 4.078304469882799155e-01
5.076398300227770166e-01 5.420777971043591048e-01
5.991081502156743177e-01 4.481949291251042244e-01
3.929169105683616992e-01 4.926296247538395345e-01
2.494292091262601818e-01 5.525581886584305380e-01
5.174760380140215332e-01 6.987108082758239913e-01
6.317308325949680947e-01 6.338453669681158864e-01
4.321448004476600158e-01 6.377058420089136703e-01
2.813476244326481579e-01 6.579772312490512753e-01
5.085113100169750266e-01 8.543502675051601880e-01
7.204953424308492282e-01 9.182189846699665425e-01
8.589170984600664749e-01 9.696308425990363133e-01
1.000000000000000000e+00 1.000000000000000000e+00
