0.000000000000000000e+00 9.557198859039250927e-01
3.117793443837330036e-02 6.430797769437708311e-01
1.992350677100760692e-01 3.653073320182263495e-01
3.273219026875898718e-01 1.736977891581697742e-01
3.985015765746217076e-01 0.000000000000000000e+00
4.842075952264002225e-01 4.572521380727150309e-01
6.066586696902134257e-01 3.145023409600116726e-01
4.307449675996689042e-01 3.626523651344707999e-01
2.877769013617473837e-01 4.390800558562089617e-01
5.304759553106943581e-01 6.130530713849968727e-01
6.243838640806863571e-01 4.830050787866203010e-01
3.979157083018995400e-01 5.309792468258351938e-01
2.489053607079804165e-01 6.007996616190068861e-01
5.490108258537336194e-01 7.906699181877326899e-01
6.655194335561610552e-01 6.783926104176867256e-01
4.473227812685823812e-01 6.853585099932361091e-01
2.925858923628461561e-01 7.224557072918400547e-01
5.469339383260941601e-01 9.719471835680026928e-01
7.562341609648944862e-01 9.926017554281950650e-01
8.770390474339855302e-01 1.000000000000000000e+00
1.000000000000000000e+00 9.973529428026768340e-01
