1.000000000000000000e+00 4.941678603348723664e-01
8.322172678841438520e-01 6.730548122205461947e-01
5.468036586134804589e-01 7.918136236676014406e-01
3.369135517802853697e-01 8.821330211173791236e-01
2.112561214889142613e-01 1.000000000000000000e+00
3.194239587750716813e-01 6.326426578806451095e-01
1.601416117829311814e-01 6.530387018935784882e-01
3.455412811823483366e-01 6.524979292749936155e-01
5.073896772007996381e-01 6.458452772168805645e-01
3.345797824267368603e-01 4.952219551853119794e-01
1.932117154263375269e-01 5.102427051359774701e-01
4.301689722574926211e-01 5.340988195622029533e-01
6.045868976337455125e-01 5.436864263022692656e-01
3.883649674653913975e-01 3.540713549419388650e-01
2.261158387846163298e-01 3.481320062664149395e-01
4.376558576513511212e-01 4.025936243731780273e-01
6.081335285121366452e-01 4.402688734879793286e-01
4.590906505809000948e-01 2.224859944568519099e-01
2.572337422774349514e-01 1.200334244042274845e-01
1.313313597030776603e-01 5.249540790613838742e-02
0.000000000000000000e+00 0.000000000000000000e+00
