1.547828651374745790e-01 0.000000000000000000e+00
5.462844798178123629e-01 1.098662756566919224e-01
7.269898055810577464e-01 2.840408627801913055e-01
6.770372112772700124e-01 4.320578845307568860e-01
5.310380043303899456e-01 5.102893781514784566e-01
1.000000000000000000e+00 4.119124535380032648e-01
6.663957491104482989e-01 5.768530029075263910e-01
4.751977805435164126e-01 5.536286480924214048e-01
4.271470703942893965e-01 5.018359744180401760e-01
8.226426222947009759e-01 4.621127075571654363e-01
5.039407874475255733e-01 6.136024985374635143e-01
3.578625872607114622e-01 5.462045191201614358e-01
3.477785638092764087e-01 4.715993276845920623e-01
5.583630338163233509e-01 4.927398302376893580e-01
2.956168894178510254e-01 6.415807168202568578e-01
2.154514288121698873e-01 5.625919211022433197e-01
2.275849855110794462e-01 4.777865468512011993e-01
2.593102310288957213e-01 5.038758329719110751e-01
1.218955412899615648e-01 7.415646832751815465e-01
4.085081765805133325e-02 8.846520574496796741e-01
0.000000000000000000e+00 1.000000000000000000e+00
