0.000000000000000000e+00 5.208451980269314108e-01
2.051401743436880865e-01 6.913815203608447701e-01
4.497729420748433626e-01 8.189573288681198937e-01
6.526954163026189581e-01 9.127879044563805833e-01
7.987855280530323787e-01 1.000000000000000000e+00
6.838564152310260269e-01 5.700987216846489236e-01
8.533563001119698344e-01 5.693884451180920570e-01
6.576562603255345918e-01 5.970897718620051808e-01
4.991336624610085981e-01 6.193493393583168194e-01
6.523235885703204673e-01 4.471889774267889806e-01
7.813742202497209188e-01 4.536970300775431397e-01
5.358889391850265582e-01 5.027835610239417274e-01
3.639502908848396556e-01 5.353297714078607550e-01
5.957565516505171077e-01 3.270424860950352786e-01
7.493278522528433738e-01 3.114247140967866812e-01
5.296199409762220034e-01 3.792811987630239634e-01
3.621678982607909880e-01 4.262018254580827725e-01
5.239616874854241546e-01 2.119018564034338414e-01
7.381440080500270007e-01 1.098459943341420775e-01
8.672977943387213395e-01 5.171739264568424310e-02
1.000000000000000000e+00 0.000000000000000000e+00
