0.000000000000000000e+00 7.242419245259390514e-01
1.138076118540050710e-02 5.045705249006591231e-01
1.336652086772587011e-01 3.035998663494686722e-01
2.264033815868017052e-01 1.518910132910609168e-01
2.849361378747963802e-01 0.000000000000000000e+00
6.707055540288082707e-01 4.101103716575931757e-01
4.819240065533294537e-01 2.948598250228435247e-01
2.470258071552631773e-01 3.859957317719725500e-01
1.260585538657959248e-01 4.621486631320724237e-01
7.216089823301691242e-01 5.478365900893741314e-01
4.901483099297952450e-01 4.398745857845529628e-01
2.135244317144555926e-01 5.025607424743009366e-01
1.221599404868243394e-01 5.634878655356964083e-01
6.693713549450390765e-01 6.938094577422151410e-01
5.748308600678084801e-01 6.200553723498779535e-01
3.230587364239477233e-01 6.328800594554314651e-01
1.934100025448684534e-01 6.644946954305084308e-01
5.532643703952442316e-01 8.351318595023674574e-01
7.199673271727449197e-01 8.918159716177008756e-01
8.507753248616447550e-01 9.463161517634111064e-01
1.000000000000000000e+00 1.000000000000000000e+00
