0.000000000000000000e+00 6.757851150562488307e-01
3.089589659314453951e-01 6.542356370262943921e-01
5.599591027760552064e-01 5.137608321136902800e-01
7.708314686714196062e-01 3.708214811504166875e-01
9.283826816365629009e-01 3.144571401725866355e-01
6.150191274245228046e-01 9.664145300937596527e-04
9.573507541042082236e-01 3.460235615066418746e-01
8.795081977318314204e-01 6.089540133202846484e-01
7.739431425029084100e-01 6.919101437885861738e-01
5.213266776717677686e-01 0.000000000000000000e+00
8.929256268037907285e-01 5.188051235630006808e-01
7.940560947835902939e-01 7.708342970778785386e-01
6.952409718515157877e-01 8.570865688900201063e-01
4.421673720533718654e-01 1.372706430481603346e-01
8.068506137665677480e-01 6.450553289868379281e-01
7.177160346952453640e-01 8.980989767597915563e-01
6.199941892408904476e-01 1.000000000000000000e+00
3.672830427337361314e-01 3.565314520319814995e-01
6.536084855164568941e-01 6.473485160073993994e-01
8.371877898444861632e-01 7.971022684011608295e-01
1.000000000000000000e+00 8.801762982021521520e-01
