0.000000000000000000e+00 8.058305474596719753e-01
1.764042653220001741e-02 5.469951870779826697e-01
1.338472316080623614e-01 3.256065635829424876e-01
2.205004777615519052e-01 1.585736473110148925e-01
2.549098097532301876e-01 0.000000000000000000e+00
5.372664906982609345e-01 4.096175805660768332e-01
5.504171671622588580e-01 3.079567452512783077e-01
3.307880123554308160e-01 3.839710281327229913e-01
1.721586956861985152e-01 4.549562956357063315e-01
5.890262044732270663e-01 5.605542227970086167e-01
5.547662534519585131e-01 4.746575383370708057e-01
2.993793755598071482e-01 5.299172300268123470e-01
1.419360922849483564e-01 5.831049605553441095e-01
5.866374957726572248e-01 7.147103270322556767e-01
6.198682237948829332e-01 6.558200718678011132e-01
3.763994312428516342e-01 6.652907625755549725e-01
2.090623332713223981e-01 6.774412303451631256e-01
5.447393034607054263e-01 8.607490968382238705e-01
7.420376871942667707e-01 9.220462395915944853e-01
8.662556906918419397e-01 9.720636257833383809e-01
1.000000000000000000e+00 1.000000000000000000e+00
