7.498464063393119883e-01 1.000000000000000000e+00
5.844139426171849339e-01 8.989774493384679044e-01
3.735950110672033864e-01 6.517699436995004758e-01
1.579835103697469212e-01 4.382497743387086531e-01
1.725037578371075436e-02 3.029758722742096899e-01
9.774416443851441372e-01 3.476922414025770403e-01
2.593299469569141369e-01 2.766189175423618973e-01
1.292341610178730435e-02 3.635964893589987978e-01
0.000000000000000000e+00 3.977068172516814437e-01
1.000000000000000000e+00 3.739170112548914071e-01
4.878540096445166396e-02 3.579495513053316258e-01
2.119999546681219579e-02 5.808424572466749369e-01
1.626881292890700603e-01 7.033259925348293029e-01
9.423726481494457685e-01 4.259723638112996591e-01
7.983773741573498006e-02 4.388281522384700484e-01
1.329820219198784570e-01 6.544082749786412911e-01
2.826838451073575564e-01 7.731740612072023344e-01
8.394552385214976153e-01 5.088784835056155975e-01
4.151691318003603026e-01 2.916224932419987370e-01
2.485850149092396766e-01 1.458710257530868581e-01
9.444449853764788627e-02 0.000000000000000000e+00
