1.190168671887602836e-01 1.000000000000000000e+00
7.216487638300408403e-01 8.386250754154901399e-01
8.149388571360702826e-01 6.437121972766230993e-01
8.974137318006787378e-01 4.972375802022175884e-01
8.604656686942132593e-01 3.997381443104436882e-01
7.837222374985210183e-02 4.428728157596245607e-01
8.351672158366625354e-01 3.601961922676732986e-01
9.470015498636182860e-01 5.145652275839092127e-01
8.217745540026517581e-01 6.403243069535224929e-01
0.000000000000000000e+00 4.558078011792364714e-01
9.963593464563839097e-01 4.192234111287732046e-01
1.000000000000000000e+00 6.172182323523791592e-01
8.010112826282824727e-01 7.404909142384805687e-01
4.523860818668963557e-02 4.684954648435437630e-01
9.759406562647851002e-01 4.342297342544303995e-01
9.470271078047487467e-01 6.062690951444775767e-01
7.235015642211676257e-01 7.263997680332238138e-01
1.511438005530437723e-01 4.829603304979197542e-01
5.272818242596879479e-01 2.746894127779209716e-01
6.985146175637478860e-01 1.267444772310219181e-01
8.326914030452737814e-01 0.000000000000000000e+00
