0.000000000000000000e+00 9.370725267412757242e-01
4.265188606919654429e-02 6.286606087223208794e-01
2.201199208368558313e-01 3.747285998713857924e-01
3.576710613095054891e-01 1.863744935909438516e-01
4.424806071134587127e-01 0.000000000000000000e+00
5.100587075943002757e-01 4.615812748456294967e-01
6.419298247183989892e-01 3.316820924169747165e-01
4.826818157819278143e-01 3.914014192182269092e-01
3.226818566904707253e-01 4.788926457136871706e-01
5.669082870097350568e-01 6.221428294788837743e-01
6.706694823675870554e-01 5.044406561554518609e-01
4.489543840343161452e-01 5.647144964753523233e-01
2.946076020601031131e-01 6.402944659573721609e-01
5.960158658670239307e-01 8.047293201153968845e-01
7.313498911513159895e-01 6.995373104418162180e-01
5.193408559882500830e-01 7.253822284624300565e-01
3.601190540871022083e-01 7.761636074030557886e-01
6.006167985562352873e-01 9.914388787717202112e-01
8.158034047924613841e-01 1.000000000000000000e+00
9.138770342891572307e-01 9.883946321626879694e-01
1.000000000000000000e+00 9.725775244852929990e-01
