0.000000000000000000e+00 4.694122334197412538e-01
1.592336607920729064e-01 6.511309997266557792e-01
4.487528480204674430e-01 7.798335979118230510e-01
6.653404598541995396e-01 8.785820557760767313e-01
7.946340923073724749e-01 1.000000000000000000e+00
7.215305149922656147e-01 6.124059964316441729e-01
8.751253064037988194e-01 6.460822517317170721e-01
6.580939653475412765e-01 6.540610515854616835e-01
4.826880635539786968e-01 6.502472240344718823e-01
6.995730649215482488e-01 4.774532737292100926e-01
8.284513915101541226e-01 5.087350165434064708e-01
5.701488474409557305e-01 5.388853791110269631e-01
3.971620170384225212e-01 5.463659644757267175e-01
6.336277884938349425e-01 3.433118098016987307e-01
7.841801436695172711e-01 3.497099735337488857e-01
5.539769312778427546e-01 4.082326769275842482e-01
3.848918970366294046e-01 4.435654784378750826e-01
5.442489964118353285e-01 2.183421847437300167e-01
7.465107485770454687e-01 1.258989177189415998e-01
8.651137876349622724e-01 5.781881425242450800e-02
1.000000000000000000e+00 0.000000000000000000e+00
