7.551431806408319680e-01 5.414227792469408218e-01
7.584640895389935800e-01 6.547058023863331355e-01
6.804405583400182644e-01 7.665588915060311814e-01
6.820764908775757140e-01 8.846807623825809763e-01
6.212926148472455168e-01 1.000000000000000000e+00
0.000000000000000000e+00 5.734500185800425198e-01
3.624421856659795771e-01 6.069659575095964765e-01
6.398553603395854550e-01 6.419751884251033713e-01
6.706544713758937348e-01 6.665414106604413691e-01
8.658338597461415209e-02 4.163856202249514027e-01
4.964367408453351782e-01 4.452748968211267533e-01
7.503916675227705335e-01 5.172643441904083428e-01
7.895664799267321232e-01 5.565454328282456453e-01
2.864265823531854660e-01 3.060153626484548584e-01
5.791037248168848794e-01 3.026245633562441029e-01
8.598119886600844586e-01 3.815733517924712603e-01
1.000000000000000000e+00 4.370010693038774985e-01
5.314239757901110250e-01 2.385690641590405836e-01
6.828370116655992916e-01 1.462462594881211997e-01
8.215091726976452291e-01 7.095828583789146049e-02
9.205965477520169360e-01 0.000000000000000000e+00
