2.225460579103678282e-01 1.000000000000000000e+00
4.836685771223279695e-01 9.256665223451997493e-01
6.932444152029876294e-01 7.546566406302473995e-01
8.507968870708111364e-01 6.105291982305293130e-01
1.000000000000000000e+00 5.232477083369930781e-01
5.124904184160398168e-01 5.338353929281103305e-01
6.012501086735529965e-01 4.049603873739727189e-01
6.134921531439310183e-01 5.423706815934330461e-01
5.925321126652787207e-01 6.754509184735266736e-01
3.910496393493844702e-01 5.006905730526677312e-01
5.096569673520762178e-01 3.693357871427139782e-01
5.166814074484159525e-01 5.588296321249252019e-01
4.745019202747612908e-01 7.119897039205494993e-01
2.383025061361034591e-01 4.808316636476269168e-01
3.567553368552587312e-01 3.233505244655886512e-01
4.120104077304326262e-01 5.014540990568816525e-01
4.039317829891848621e-01 6.531357885893730453e-01
6.613539193836268093e-02 4.728605720296730208e-01
1.674703239879916233e-02 2.614864215543938886e-01
3.219512297205823648e-03 1.263185005998468668e-01
0.000000000000000000e+00 0.000000000000000000e+00
