5.886391206068933846e-01 5.256612466272196915e-01
4.092644482975552611e-01 3.927638069952734678e-01
2.795778602482383857e-01 2.171751133561325986e-01
1.373863913638970757e-01 1.196047697565889717e-01
0.000000000000000000e+00 0.000000000000000000e+00
7.108689606670195449e-01 1.288449168650002696e-01
3.766342708640111892e-01 3.286524115598801754e-01
3.609643046423882673e-01 3.595114649717345845e-01
4.548706235442327439e-01 3.017636372430800851e-01
8.976598191352722633e-01 2.786984879553571215e-01
4.769198450885305252e-01 5.071523653972307422e-01
4.467513130511555630e-01 5.009046243817694144e-01
5.572018082053583621e-01 4.042959335668283027e-01
9.849198375127801164e-01 4.401532783669592774e-01
6.030764491068979494e-01 6.337517903009058928e-01
5.613552133631186658e-01 6.153187229052076157e-01
6.382970596934409713e-01 5.566324525374368726e-01
1.000000000000000000e+00 5.828824101665993629e-01
7.567986835871052254e-01 8.086957078907303087e-01
7.033615498470171534e-01 9.300247270942804123e-01
7.434636267705554413e-01 1.000000000000000000e+00
