7.487976304152484941e-01 6.057442650113823435e-01
5.419277974912455331e-01 7.558164818279655695e-01
3.094827634751228240e-01 8.186427336928500109e-01
1.393480906807005593e-01 8.953444213378279892e-01
0.000000000000000000e+00 1.000000000000000000e+00
1.577333686218261588e-01 2.889441121978905680e-01
2.241222858898854198e-01 5.247291823636544006e-01
4.009268860506143284e-01 6.434214999361447251e-01
4.634476911109198238e-01 6.313096401674068714e-01
3.133742851465746160e-01 1.111126073692257216e-01
4.141406031918924424e-01 3.978247497111876418e-01
5.287995128257314548e-01 5.610234844623149808e-01
5.525058181768451870e-01 5.438539225971853464e-01
5.070419045489172882e-01 4.087153457167395226e-02
5.909525238378326994e-01 2.491686192225174568e-01
6.580572397587618472e-01 4.058565331610034521e-01
6.760783436718427186e-01 4.287518438433471357e-01
6.951814313881490293e-01 4.180879797331838593e-02
7.877123644604118180e-01 6.616322866804526248e-02
9.072935361724481229e-01 6.111233291970741277e-02
1.000000000000000000e+00 0.000000000000000000e+00
