1.000000000000000000e+00 8.725510343279463399e-01
9.622545943669901236e-01 6.069835608498204138e-01
7.889260713326701202e-01 3.543774507695622855e-01
6.632911683484998822e-01 1.704293355394390364e-01
6.045468288558313308e-01 0.000000000000000000e+00
5.190906235333384577e-01 4.186740650976552569e-01
3.896110910681985784e-01 3.042068595668311337e-01
5.581585940076214669e-01 3.506611527659830307e-01
7.026205099892918193e-01 4.216771588688704719e-01
4.767004985237208170e-01 5.680779376040325790e-01
3.704454319506130244e-01 4.634871874646501189e-01
5.825141085281266840e-01 5.104883292845703302e-01
7.309641073215411566e-01 5.752510006761605288e-01
4.638274003749707219e-01 7.384297768817856822e-01
3.372344483988810038e-01 6.517196414786582404e-01
5.387435961557448527e-01 6.665482443488948139e-01
6.877418727772169893e-01 7.012358892460244242e-01
4.717146596937384917e-01 9.119625422614556776e-01
2.628352461223983361e-01 9.565338012956079439e-01
1.333879338368638701e-01 9.864466765211155064e-01
0.000000000000000000e+00 1.000000000000000000e+00
