1.000000000000000000e+00 1.000000000000000000e+00
9.082922468792741233e-01 7.151283676133238787e-01
7.229512241567950248e-01 4.207212948750778114e-01
6.065826448565772022e-01 1.885234595217822329e-01
6.715731645032605446e-01 0.000000000000000000e+00
9.773392740655175714e-01 3.994137419364632846e-01
5.048970979438973661e-01 3.067639654780141556e-01
5.129903594023588198e-01 4.277532347395905932e-01
6.270974260570748582e-01 4.708179472261172505e-01
9.394036455768458582e-01 5.736470606213881496e-01
3.888246383402823581e-01 5.033004161374590169e-01
4.484563883901510062e-01 5.922477243943656822e-01
5.879732572898936915e-01 6.232172952161032509e-01
8.445938355596002145e-01 7.531675801060335740e-01
3.504512917714077691e-01 6.829772724462228606e-01
4.034046565191517497e-01 7.505122670116332051e-01
5.241376783052722477e-01 7.690150066259667794e-01
7.504988481516102761e-01 9.187722120192756137e-01
3.484037459141620108e-01 9.047085333665511042e-01
1.537781522555542457e-01 9.136198328794538082e-01
0.000000000000000000e+00 9.059833571156328258e-01
