9.814063933822063379e-02 1.000000000000000000e+00
0.000000000000000000e+00 6.842123036076996900e-01
1.026937993856039538e-01 4.023088448529883454e-01
1.588353449469643019e-01 1.925156181419470647e-01
1.616608292562978222e-01 0.000000000000000000e+00
8.607887347766236541e-01 4.004683833656746406e-01
4.296633968217259403e-01 2.801550657703010261e-01
1.321346284455066633e-01 3.836033416323700318e-01
7.457923851203851484e-02 4.736472460425497077e-01
9.882521657069692766e-01 5.467287402204662472e-01
4.376091821526547077e-01 4.344050152499814854e-01
1.682773403533228129e-01 5.401617422510460731e-01
1.828039650168208352e-01 6.255125758684970672e-01
1.000000000000000000e+00 7.059316874422726373e-01
5.001680380589670349e-01 6.023262288400497155e-01
2.538122194230352791e-01 6.961728804198989984e-01
2.850328290454736679e-01 7.695935743453539146e-01
9.312611111033176625e-01 8.624826680664713363e-01
7.596460559353307440e-01 8.151736918492951123e-01
6.265242414689873307e-01 8.485978898292848571e-01
6.209798873373453265e-01 8.861780418589145780e-01
