9.617676232384692048e-01 1.000000000000000000e+00
1.000000000000000000e+00 7.225741048226496099e-01
9.105147745676789306e-01 4.204510153607428635e-01
8.518970178955722616e-01 1.783377354558209060e-01
9.073944780963203449e-01 0.000000000000000000e+00
9.408408330156341481e-01 4.783478798243460672e-01
6.142218561522508891e-01 2.941617869376225713e-01
6.598396757032952697e-01 3.737736013840140537e-01
7.590903966867897923e-01 4.327490749120290747e-01
8.177859023155876761e-01 6.397017208207662620e-01
4.992278919637885282e-01 4.523075437725290193e-01
5.567796806996216930e-01 5.152737497592225768e-01
6.567984027616882159e-01 5.830440275596223687e-01
6.921073337800948133e-01 7.873823533576780331e-01
3.993796794533724381e-01 5.910470762397990185e-01
4.513829684183454649e-01 6.434089689799740164e-01
5.521172924442742103e-01 6.982122485116547539e-01
5.857806080223327827e-01 9.118473853192825551e-01
2.907382582081088906e-01 8.150109384930669387e-01
1.262960283736957456e-01 7.566956122473851298e-01
0.000000000000000000e+00 7.055873676237556236e-01
