1.000000000000000000e+00 1.000000000000000000e+00
6.429833304481843426e-01 7.519769237936075879e-01
5.413333048631410183e-01 4.048472444168885742e-01
4.758330009692575135e-01 1.454451771262549320e-01
4.470996627044801497e-01 0.000000000000000000e+00
9.598696878624706219e-01 1.135348010895290277e-01
3.377503311566346089e-01 7.600352451007170995e-02
3.224743444166267015e-01 3.009993654962556664e-01
4.573196483219490460e-01 3.946085568018748435e-01
9.937994971452277504e-01 2.272733540780169093e-01
3.106132555690365171e-01 2.201481369120829590e-01
3.157743422051028093e-01 4.279232740181058703e-01
4.227944053021666093e-01 5.179984969209154855e-01
9.327542699569058016e-01 3.959662250951976881e-01
2.827288374324055109e-01 3.698770540710690224e-01
3.066372406892938773e-01 5.366404255435756054e-01
4.352536732267582309e-01 6.238683372024095286e-01
8.149454783106703237e-01 5.896120298656970515e-01
3.947466394369612552e-01 4.765051519617904408e-01
1.742921789077054862e-01 3.895431343212074071e-01
0.000000000000000000e+00 2.927024644167860457e-01
