1.000000000000000000e+00 5.830808455963173431e-01
8.187849901155400678e-01 3.819080886242647299e-01
5.629552636764115769e-01 2.529868500386300845e-01
3.452821237620444794e-01 1.486072125809035638e-01
2.434372155278544114e-01 0.000000000000000000e+00
5.575087190941601101e-01 2.640319844315360265e-01
2.030876497606587117e-01 3.335378524235673159e-01
2.943215013348250975e-01 3.611454466845446243e-01
4.245798854737539707e-01 3.486420102534505405e-01
5.734702667531903497e-01 4.443956596524619163e-01
2.228773523635776133e-01 5.016835811035211812e-01
3.358033270243492296e-01 5.208216113042041240e-01
4.523337756771810825e-01 5.016220138683989971e-01
5.890310804615954687e-01 6.238948187010453506e-01
2.319002609433474249e-01 6.596303915184167366e-01
3.244879218281035427e-01 6.687171452703052354e-01
4.519053314001827970e-01 6.432725427006019681e-01
6.018032761332691161e-01 7.824659916892968692e-01
3.129062044086862726e-01 8.845665379272330542e-01
1.402803299180800101e-01 9.551884327533828323e-01
0.000000000000000000e+00 1.000000000000000000e+00
