3.234570394390143266e-01 7.712810094635926816e-01
3.901244754222586431e-01 5.284588560556666703e-01
4.461022575594970063e-01 3.296703164960952392e-01
5.291403656561692870e-01 1.676011315824222359e-01
5.154878813406110760e-01 0.000000000000000000e+00
0.000000000000000000e+00 4.523949104823286049e-01
5.228800520058006773e-01 3.690505733696894941e-01
5.267858722703686603e-01 4.061863161624709173e-01
3.698200953183239936e-01 4.374492092093326678e-01
3.503486927388054645e-02 6.412475083076393245e-01
6.584013216858803919e-01 5.359970871240711254e-01
5.927632312834892891e-01 5.757656018604864201e-01
4.067282504587050318e-01 6.031441179961373189e-01
1.624386950852210465e-01 8.005166381424729805e-01
7.562578133714914497e-01 6.998262344827445025e-01
6.890258913494197168e-01 7.367414735267908688e-01
5.242503971596832457e-01 7.744800692869876491e-01
3.199751126087140296e-01 9.312983962912211311e-01
8.535592431463508989e-01 8.956615651946949752e-01
9.760211715922160192e-01 9.441204966069824955e-01
1.000000000000000000e+00 1.000000000000000000e+00
