4.113608793931066154e-01 5.256612466272196915e-01
5.907355517024447389e-01 3.927638069952734678e-01
7.204221397517616143e-01 2.171751133561325986e-01
8.626136086361029243e-01 1.196047697565889717e-01
1.000000000000000000e+00 0.000000000000000000e+00
2.891310393329804551e-01 1.288449168650002696e-01
6.233657291359888664e-01 3.286524115598801754e-01
6.390356953576117327e-01 3.595114649717345845e-01
5.451293764557672006e-01 3.017636372430800851e-01
1.023401808647277228e-01 2.786984879553571215e-01
5.230801549114694193e-01 5.071523653972307422e-01
5.532486869488444370e-01 5.009046243817694144e-01
4.427981917946415824e-01 4.042959335668283027e-01
1.508016248721986627e-02 4.401532783669592774e-01
3.969235508931020506e-01 6.337517903009058928e-01
4.386447866368813342e-01 6.153187229052076157e-01
3.617029403065590287e-01 5.566324525374368726e-01
0.000000000000000000e+00 5.828824101665993629e-01
2.432013164128948024e-01 8.086957078907303087e-01
2.966384501529827911e-01 9.300247270942804123e-01
2.565363732294445587e-01 1.000000000000000000e+00
