0.000000000000000000e+00 9.167050802188130287e-01
4.934747942390986519e-02 6.043521286828391625e-01
2.333134035737542966e-01 3.462683647817359489e-01
3.634427251504142031e-01 1.708165918067658939e-01
4.404196848728601510e-01 0.000000000000000000e+00
4.946898041428590687e-01 4.520967204656239358e-01
6.113444865674443340e-01 3.120301053334447183e-01
4.517720550306918992e-01 3.504166537081037092e-01
3.132565641794531341e-01 4.173145386083365049e-01
5.308221728564428421e-01 6.001342944277929803e-01
6.337203131530112499e-01 4.634167215297874121e-01
4.236500926564193970e-01 5.006544979827732833e-01
2.730992025457534833e-01 5.645793950230875158e-01
5.435377741102568327e-01 7.756401748675322283e-01
6.621049541742076716e-01 6.551008838177088123e-01
4.547444755498036839e-01 6.620089532116565367e-01
3.018760844985188263e-01 7.007167740260188404e-01
5.388033388297682746e-01 9.598867340412018390e-01
7.435514896189431289e-01 9.884745104754525391e-01
8.711263986709042451e-01 1.000000000000000000e+00
1.000000000000000000e+00 9.965960259491007944e-01
