0.000000000000000000e+00 3.627862697560553240e-01
2.824331497624596454e-01 2.151942777508126237e-01
5.143977316018286672e-01 1.309508196587356454e-01
6.862158909256603767e-01 7.906954617658738804e-02
7.789275856788574481e-01 0.000000000000000000e+00
9.723709961754511966e-01 3.475723605615941292e-01
8.563358329224931564e-01 4.345481336033116260e-01
7.110906313493485786e-01 4.395679407289741492e-01
6.037498739467550557e-01 4.031121864484614181e-01
9.236122004601410307e-01 4.926550618482401500e-01
7.774371227739930168e-01 5.491517929370928197e-01
6.361851245966295698e-01 5.216756366634471842e-01
5.350897218985299908e-01 4.801278617782941960e-01
7.800493428424166709e-01 6.127469966546875701e-01
7.232310761398947907e-01 6.650627511639954914e-01
5.812652431053543234e-01 6.281537985719912731e-01
4.835712938478546885e-01 5.811995118491389833e-01
5.907090821829807936e-01 7.098472628742231727e-01
7.712696176198159392e-01 8.553209587825481020e-01
8.830506005736823427e-01 9.404111122550870006e-01
1.000000000000000000e+00 1.000000000000000000e+00
