0.000000000000000000e+00 1.000000000000000000e+00
3.643232172097605193e-01 9.130593757053681037e-01
6.499609691008828571e-01 7.160919641615758335e-01
8.218669947507725171e-01 5.691879560243136016e-01
1.000000000000000000e+00 5.042813718995772243e-01
5.175324671487470107e-01 3.527037302829302834e-01
7.509264889505031793e-01 3.533617829534152488e-01
6.570404237201499242e-01 5.770830650938467699e-01
5.354074961781628561e-01 6.974803055369642735e-01
3.761104896501637485e-01 3.594069200361935112e-01
6.728579541190451430e-01 3.632841003750519326e-01
5.426082095483584222e-01 6.093944030748383867e-01
4.214733174609646693e-01 7.437484520373837116e-01
2.183035711647635657e-01 3.999244349932484788e-01
5.216253636432935936e-01 4.000356757195127066e-01
4.587948936592664562e-01 6.228382224150761370e-01
3.600453597549769791e-01 7.605972656103007212e-01
6.581915545525510169e-02 4.562796976409795313e-01
2.433686768318373828e-01 2.558331102278835756e-01
4.021481472289243353e-01 1.193191001469227908e-01
5.370280614732229063e-01 0.000000000000000000e+00
