0.000000000000000000e+00 8.426505501231816853e-01
2.979634944279358488e-01 9.413634276947573376e-01
6.159871302093635759e-01 9.403039712885936652e-01
8.266050899934536123e-01 9.584574212382335201e-01
1.000000000000000000e+00 1.000000000000000000e+00
7.003007340895355259e-01 5.288962650865027815e-01
8.621487883752216863e-01 6.405063465532485623e-01
6.903608262632908721e-01 7.848447349218619085e-01
5.454984967393834427e-01 8.584809898625392899e-01
5.907944002858982468e-01 4.305958138383743639e-01
7.487756977784966184e-01 5.759305793305624643e-01
5.399753390942840792e-01 7.470546354169997905e-01
3.654513443007789131e-01 8.237883685148765789e-01
4.564229282489500328e-01 3.635295466410282117e-01
6.283737299333013171e-01 4.714861469137157091e-01
4.533390855410481257e-01 6.581458135185496161e-01
2.981817978144524761e-01 7.552576975668224835e-01
3.064192670907781579e-01 3.161248261260414805e-01
4.792994291871900958e-01 1.581787308664839853e-01
6.165285171435097578e-01 7.488465397175603222e-02
7.492202279535437048e-01 0.000000000000000000e+00
