1.000000000000000000e+00 7.249244141346894432e-01
7.108471326743489582e-01 8.235099763331823475e-01
4.247078514142893502e-01 8.753510264131790786e-01
1.911798596272744066e-01 9.256165131810273339e-01
0.000000000000000000e+00 1.000000000000000000e+00
2.886578557227059139e-01 4.361344797688601616e-01
2.651636809228022917e-01 6.165967200849882257e-01
4.744144900357420980e-01 7.126219472120149945e-01
5.991174518535653526e-01 7.418794464661518928e-01
4.551740720357638215e-01 3.048973610655198452e-01
4.589280140927968765e-01 5.219548330175195483e-01
6.397174331981697604e-01 6.621248510880545224e-01
7.264070005956854148e-01 6.831700796224939864e-01
6.716458256823316653e-01 2.535945480099024429e-01
6.547214817648311369e-01 3.826534543072636629e-01
7.747604025684502460e-01 5.369431819407386453e-01
8.600090279818445316e-01 6.065899088512610726e-01
8.944319792289173732e-01 2.581745977031287831e-01
9.184509450994379209e-01 1.650349836190156683e-01
9.509439947157775075e-01 8.838289298855259157e-02
9.677841876214053896e-01 0.000000000000000000e+00
