1.000000000000000000e+00 9.891929493270970042e-01
7.202102230603184552e-01 9.953628172929487317e-01
5.322236698756618312e-01 7.983875856021874773e-01
4.042916250439688719e-01 6.964693076489621992e-01
3.075206030204579166e-01 5.712130984135312950e-01
4.970096760212528442e-01 1.290667553543761448e-01
2.818070743919769416e-01 4.418793498643546203e-01
3.643695064733398215e-01 7.424630146273785147e-01
4.851912619775961555e-01 9.033439735065780241e-01
5.248021653580544621e-01 8.644614258174240784e-02
3.105355677345809084e-01 5.430057885407483242e-01
4.316450523442429410e-01 8.552781427664728486e-01
5.524285815431704272e-01 1.000000000000000000e+00
5.379020941775293219e-01 1.487738998998414663e-01
3.117837696119248880e-01 5.944185754141120270e-01
4.498423459709596783e-01 8.713124872316317937e-01
5.927530098670544811e-01 9.842732188667493443e-01
5.423655312323900635e-01 2.771039785353506812e-01
3.000350276774664815e-01 1.719942900338255476e-01
1.376874176052379217e-01 8.017172232579455882e-02
0.000000000000000000e+00 0.000000000000000000e+00
