1.000000000000000000e+00 9.977369972115147645e-01
6.819387424571319301e-01 1.000000000000000000e+00
3.977650978282695760e-01 8.399134123909016703e-01
1.847181528639081083e-01 7.714450622334836360e-01
0.000000000000000000e+00 7.301911526313392686e-01
4.052911836568381387e-01 2.512375683131722881e-01
2.177711951479406050e-01 3.443996031945414926e-01
2.640441352139265008e-01 6.695789193200325506e-01
3.247211135816329697e-01 8.615363713849500948e-01
5.328454989029222100e-01 1.994273928179953470e-01
3.399447723545180877e-01 4.418141098115028753e-01
4.548175421059497125e-01 7.978846111638447924e-01
5.751405241642933985e-01 9.801132916224456482e-01
6.738534913750775512e-01 2.210917083875306999e-01
4.671933421959438282e-01 4.613516453477752299e-01
5.572154303227329075e-01 7.789298768426576869e-01
6.586463950330295747e-01 9.555696151788789505e-01
8.189109249018345915e-01 2.935324664535594041e-01
6.417213495596298944e-01 1.009007933751119440e-01
4.946899087893742442e-01 3.443678602089704499e-02
3.605651453170093390e-01 0.000000000000000000e+00
