0.000000000000000000e+00 7.999695763148073624e-01
2.773305898252523827e-01 9.614376252544888368e-01
4.616341965833988259e-01 8.200046343055351628e-01
5.823062035105126544e-01 7.785060201751484721e-01
6.817005844752285215e-01 6.886995466517142894e-01
5.356788923940418723e-01 3.477285712011518592e-02
6.911633990637229275e-01 5.562617073701376924e-01
5.923270864520829848e-01 8.399187050830548840e-01
4.691236807431636291e-01 9.495140170054249262e-01
5.125936082546885819e-01 0.000000000000000000e+00
6.657900072172691086e-01 6.638066044160332302e-01
5.260029006373805327e-01 9.255139745537711571e-01
3.982526611677513761e-01 1.000000000000000000e+00
4.944017881619395816e-01 9.468558359526593748e-02
6.567940954775594031e-01 6.978775941940288385e-01
5.154617519062606457e-01 9.237798244977880602e-01
3.814619157478797984e-01 9.836614197601835086e-01
4.802986860176738371e-01 2.664759290279101744e-01
7.129083855330595743e-01 2.942713262073515801e-01
8.703355595351474072e-01 2.846034927098128886e-01
1.000000000000000000e+00 2.774530422800783325e-01
