1.000000000000000000e+00 9.669319560376342659e-01
6.160254321073596051e-01 9.316995966184489220e-01
3.541614828933322690e-01 7.256002713569733586e-01
1.694312179319196754e-01 5.576032091666067725e-01
0.000000000000000000e+00 4.288878385058949028e-01
3.650515059718507094e-01 0.000000000000000000e+00
1.519915901337967334e-01 5.452151226453767485e-01
2.738335395336488065e-01 7.902112276450422579e-01
3.827436943981880058e-01 8.508497674428693314e-01
4.996082146063463014e-01 3.568984885663512453e-03
2.372358361094387136e-01 6.402651436595250267e-01
4.015157377201024058e-01 8.684933097592241191e-01
5.355084997582264528e-01 9.763927441708053490e-01
6.165932620391307850e-01 1.205841716329519864e-01
3.531227625875440479e-01 7.144676946887010827e-01
5.276223085249567291e-01 9.173318922360438332e-01
6.684786501411088544e-01 1.000000000000000000e+00
7.334270032185659094e-01 3.426031949847678781e-01
4.716159824277634804e-01 4.897424427900448629e-01
3.111384414823065159e-01 5.057785988042874381e-01
1.522661563292757869e-01 5.136461824742170057e-01
