8.888482910805091119e-01 1.000000000000000000e+00
8.450391282413936000e-01 6.857578976492201273e-01
7.414543852979837979e-01 3.967106646582044815e-01
6.359266240452471353e-01 1.780813901444600611e-01
6.820858549457637920e-01 0.000000000000000000e+00
1.000000000000000000e+00 4.507092159841274426e-01
6.002863363676197439e-01 3.502243683307617594e-01
5.801039928476189322e-01 4.308692154556738596e-01
6.797095645012227738e-01 4.734829381915151014e-01
9.162437491075535734e-01 6.331584778810436243e-01
4.651975099285251547e-01 5.167465148107996953e-01
5.026056986211773214e-01 5.723753114297810418e-01
6.248121011777090228e-01 6.006111599055524719e-01
7.846421982193645395e-01 7.917366295961589806e-01
3.671108773534683123e-01 6.744061397493690269e-01
4.011903304208654930e-01 7.161985999538110770e-01
5.155319771789914629e-01 7.342636656264431849e-01
6.628374200942573902e-01 9.285796735596825169e-01
2.476258759161350798e-01 8.643049874750583506e-01
9.027597927979622017e-02 8.619175461734163157e-01
0.000000000000000000e+00 8.496050021515003658e-01
