0.000000000000000000e+00 1.000000000000000000e+00
8.656000892393513058e-02 7.197292295490188563e-01
3.608207685566183209e-01 4.114862452109349089e-01
5.723351093290143243e-01 1.868338803948824400e-01
5.943055436055724172e-01 0.000000000000000000e+00
6.397454084321675671e-02 3.787663417707628488e-01
6.955414048539462213e-01 3.410593923411215922e-01
6.221457135062288257e-01 4.425289788967338711e-01
4.414444582319626553e-01 4.615845898499557065e-01
6.678315918544880381e-02 5.401012883421943966e-01
7.793103060641684010e-01 5.257890545906425128e-01
6.478792034696121416e-01 5.916685538437473912e-01
4.450687259742286961e-01 6.028756433829417505e-01
1.430544848610888209e-01 7.076473606881273914e-01
8.039737020624926345e-01 6.882803812168878377e-01
6.795548495577593551e-01 7.523229025089135380e-01
4.991099844739093627e-01 7.605167888422805778e-01
2.347245707842297024e-01 8.627012627779053755e-01
7.619905650139371378e-01 9.169118740846982085e-01
9.036273375067718217e-01 9.710516455995740204e-01
1.000000000000000000e+00 9.923415988549408873e-01
