8.027996061431716401e-02 1.000000000000000000e+00
1.474394710076711154e-03 7.197430032317673199e-01
2.642541944616722330e-02 4.174441009274510450e-01
6.460571330315782734e-02 1.620640290442643405e-01
0.000000000000000000e+00 0.000000000000000000e+00
8.432356279296615575e-02 3.482550344936508058e-01
3.186290386681540077e-01 1.446573891110574384e-01
3.074262343037185707e-01 2.450066159231980012e-01
2.370274353399448308e-01 3.238885745032424879e-01
2.228775988792058849e-01 4.638469739682519744e-01
4.431213072542869447e-01 2.776619093707354269e-01
4.067035416293798833e-01 3.837850837427523865e-01
3.431538447812618187e-01 4.424064395695707086e-01
3.620138498747974554e-01 5.951010166198693607e-01
5.748060320005969892e-01 3.933501915280201433e-01
5.231025228141189531e-01 4.830771751966744243e-01
4.380219589781134681e-01 5.578807950137645300e-01
4.911207833014221147e-01 7.238588926622016029e-01
7.243353666020873050e-01 5.773423531904812167e-01
8.760832549747135101e-01 4.953267633863505659e-01
1.000000000000000000e+00 4.047434563618368952e-01
