2.138695772072163603e-01 1.000000000000000000e+00
8.564565523447364992e-02 7.157917915731314418e-01
6.283598257792367969e-02 4.148076339930003020e-01
5.293149788425481617e-02 1.879115897703082794e-01
0.000000000000000000e+00 0.000000000000000000e+00
4.028801051341291406e-01 2.985702067420064609e-01
3.148150982531742748e-01 1.825609795790317513e-01
1.994455652476813945e-01 3.699039177621432639e-01
1.259387588419940140e-01 5.293138317316192776e-01
5.188989416656001330e-01 4.470390023346717534e-01
4.027389235099071430e-01 3.626056364876242277e-01
2.488927798134027425e-01 5.479675675852594408e-01
1.683799342647802066e-01 6.942643711051048605e-01
5.898155270758647095e-01 6.314455236082839873e-01
5.334512045959236559e-01 5.471676247534726922e-01
3.599348981183260188e-01 6.750639248148291305e-01
2.493043176507377667e-01 7.851117656146895385e-01
6.178340099935478724e-01 8.302425303262158662e-01
7.753075978144556846e-01 8.372136338915375786e-01
8.898028603133176784e-01 8.567455006549312690e-01
1.000000000000000000e+00 8.507532633370222808e-01
