1.000000000000000000e+00 9.115736085844684533e-01
9.423260083225496464e-01 5.987164980180071927e-01
7.484804683464748587e-01 3.450500226504172874e-01
6.119060405119070012e-01 1.710144418887349915e-01
5.343688812029766533e-01 0.000000000000000000e+00
4.944905888318228415e-01 4.640338598643632406e-01
3.594213801364380956e-01 3.244440284826921039e-01
5.236939534949740516e-01 3.438068314062966424e-01
6.657488520417215172e-01 4.058637752703083135e-01
4.628506270300704606e-01 6.090439039685856537e-01
3.501861415432754310e-01 4.735345418322118860e-01
5.657904095902520636e-01 4.956603851386975901e-01
7.146027074703439341e-01 5.590141042086735901e-01
4.530376044557262172e-01 7.802767257772870169e-01
3.278165096232930620e-01 6.627363336163462071e-01
5.340256962860799872e-01 6.571324044531883235e-01
6.821263112904840664e-01 6.943638699088285904e-01
4.583183308217433360e-01 9.587465599204819666e-01
2.520693214606492538e-01 9.820272748143030750e-01
1.281915526988355314e-01 9.933329130386461259e-01
0.000000000000000000e+00 1.000000000000000000e+00
