0.000000000000000000e+00 0.000000000000000000e+00
1.978770760436523724e-01 2.612850022406114081e-01
3.993798422775128310e-01 4.501578642117068374e-01
5.015995879191686990e-01 6.011813862671042674e-01
5.531707860961158074e-01 7.065378496184832047e-01
8.338854515585465421e-01 2.507049151009779209e-01
7.669172252867644257e-01 6.332823926201150977e-01
5.815018523654491567e-01 6.179446508629743429e-01
4.693362146068500995e-01 5.244544208757754289e-01
8.176707785229723191e-01 2.477665849349572624e-01
6.996762385685307839e-01 6.478475737976422399e-01
5.189265584542946952e-01 5.952254270486458942e-01
4.311142410609223319e-01 4.973953008631321615e-01
7.286658501248168829e-01 2.959321156961467469e-01
6.606762040757258037e-01 6.635097538558851760e-01
4.884463740616143412e-01 6.015957090202576074e-01
3.924985913316653696e-01 4.940281624330903898e-01
5.987235625696299968e-01 3.693924126751191306e-01
7.719839765011083932e-01 6.613642268423572945e-01
8.896255697835900866e-01 8.476750105066381824e-01
1.000000000000000000e+00 1.000000000000000000e+00
