0.000000000000000000e+00 9.977369972115147645e-01
3.180612575428681255e-01 1.000000000000000000e+00
6.022349021717303685e-01 8.399134123909016703e-01
8.152818471360918640e-01 7.714450622334836360e-01
1.000000000000000000e+00 7.301911526313392686e-01
5.947088163431618613e-01 2.512375683131722881e-01
7.822288048520593673e-01 3.443996031945414926e-01
7.359558647860734437e-01 6.695789193200325506e-01
6.752788864183669748e-01 8.615363713849500948e-01
4.671545010970778455e-01 1.994273928179953470e-01
6.600552276454818568e-01 4.418141098115028753e-01
5.451824578940502875e-01 7.978846111638447924e-01
4.248594758357065460e-01 9.801132916224456482e-01
3.261465086249225043e-01 2.210917083875306999e-01
5.328066578040562273e-01 4.613516453477752299e-01
4.427845696772670925e-01 7.789298768426576869e-01
3.413536049669704253e-01 9.555696151788789505e-01
1.810890750981653807e-01 2.935324664535594041e-01
3.582786504403701056e-01 1.009007933751119440e-01
5.053100912106257558e-01 3.443678602089704499e-02
6.394348546829906610e-01 0.000000000000000000e+00
