1.000000000000000000e+00 9.176274763376144339e-01
6.945546120791146194e-01 9.632031669041406508e-01
4.129866235792110096e-01 9.618598212748127319e-01
1.879358022775435011e-01 9.691372730972195315e-01
0.000000000000000000e+00 1.000000000000000000e+00
3.863933197497698702e-01 5.964904313908733213e-01
2.434616279940921002e-01 6.228147736209784791e-01
4.091514464755870439e-01 7.661055590838442564e-01
5.443718962048076371e-01 8.328169235004864168e-01
5.263526593638290230e-01 5.086929719780756143e-01
3.876001375302352558e-01 5.440736816357512051e-01
5.627464975276665893e-01 7.339398516363764280e-01
6.942122915640986935e-01 8.026991408160109032e-01
6.929761248581887134e-01 4.592147016658275627e-01
5.595858440182375215e-01 4.477746553337303981e-01
6.768154860650298366e-01 6.495207743076236717e-01
7.897491477941648297e-01 7.604261477998286445e-01
8.657540014876811130e-01 4.414822541706017178e-01
8.314311439090694700e-01 2.495863675701645024e-01
8.026728760408416985e-01 1.258286633782285113e-01
7.709711868805787516e-01 0.000000000000000000e+00
