7.112341328249683903e-01 1.000000000000000000e+00
9.038727620049217260e-01 8.159806714275520401e-01
8.124667734401732622e-01 5.798412640060943701e-01
3.969931905987824639e-01 4.301473893236266166e-01
9.770327523223776289e-02 3.372942161020155982e-01
1.000000000000000000e+00 4.301122495538407531e-01
5.955103727416198867e-01 3.185651821877356626e-01
4.312004511344360025e-01 3.468981082601473864e-01
4.343019331045995801e-01 3.581850023153632656e-01
7.175160802757721834e-01 4.586671354028778458e-01
3.575046646692494612e-01 2.429041606414189536e-01
2.154298795292905744e-01 1.154712915031573250e-01
1.429286682021132793e-01 0.000000000000000000e+00
4.557415831767006598e-01 5.242119964548219713e-01
5.986680985062967086e-02 4.435105417764752533e-01
1.877853817534097247e-01 6.051166439558205434e-01
3.609347288073583848e-01 7.078788461057257120e-01
2.405867331114887875e-01 6.229018468227315308e-01
0.000000000000000000e+00 5.474077971055950620e-01
1.172061473660075681e-01 6.738910429267427338e-01
2.638310285711748526e-01 7.605935979818805315e-01
