2.064362494341512588e-01 7.528829946884353364e-01
1.026086050403494515e-01 8.765801056698407923e-01
1.256108356040141864e-02 9.410622193473828778e-01
3.883493240059217311e-02 9.546778067990989713e-01
0.000000000000000000e+00 1.000000000000000000e+00
6.429754552350085139e-02 1.520951496443556095e-01
3.395099540308681996e-01 4.184521017583957558e-01
3.280381014033048603e-01 6.147526825877140944e-01
2.528923189636452795e-01 6.446797991719370735e-01
2.370781739318640613e-01 4.589670619050905537e-02
4.814325782200562509e-01 4.150303671151649998e-01
3.749416754261329365e-01 6.906548746267224814e-01
2.513847569763327794e-01 6.189622037904990437e-01
3.927922513918942204e-01 5.265985672850820309e-02
6.159742331623311307e-01 3.198487512189149840e-01
5.248835159007732010e-01 5.248894544992340760e-01
4.049817527723242327e-01 5.513135429496709428e-01
5.024292463813784249e-01 1.268383148502737756e-01
7.452475397512638988e-01 8.144827959970071807e-02
8.930416084610466321e-01 5.553300652180439417e-02
1.000000000000000000e+00 0.000000000000000000e+00
