0.000000000000000000e+00 1.000000000000000000e+00
1.982377996429401379e-01 7.071378500278084900e-01
3.682908646386890972e-01 4.268069459547720879e-01
4.705764791337054276e-01 2.089616232448825439e-01
4.749964168778273432e-01 0.000000000000000000e+00
6.292484349061500115e-02 3.511768663160332316e-01
7.364658865896608342e-01 2.946239833216265369e-01
7.468077164449304917e-01 4.250460663415367990e-01
5.779894370949854032e-01 4.866471103647634910e-01
2.170554528161948785e-02 5.067117418878995805e-01
7.939506461447692898e-01 5.048236268009056449e-01
7.327902294172242703e-01 6.218623182889689849e-01
5.818016355735152745e-01 6.528552830715533828e-01
5.041835560435095620e-02 6.953214117485817525e-01
7.999882070056648642e-01 6.724253140662136419e-01
7.011910924278540458e-01 7.532989646840315690e-01
5.436554734104505071e-01 7.815191004218869919e-01
1.093941114344038207e-01 8.801689102133313236e-01
6.443102455030077502e-01 9.102784326864470366e-01
8.371971913888182071e-01 9.411577262434468460e-01
1.000000000000000000e+00 9.630868767135239983e-01
