1.628042433809185618e-01 1.000000000000000000e+00
4.100096732909179198e-01 9.700223792664446343e-01
6.367014843867876417e-01 8.252656124275415950e-01
8.203090474757153139e-01 7.095342863189034732e-01
1.000000000000000000e+00 6.706100402752436240e-01
6.398387938026602884e-01 5.732499137888565910e-01
7.215692942327119885e-01 4.236127132079809399e-01
6.222126102031391159e-01 5.768814710641940735e-01
5.356385712327204063e-01 7.068931424883525549e-01
4.729301033885622285e-01 5.107644488482098177e-01
5.287426177012798378e-01 4.041028138759507615e-01
4.395289114981959511e-01 6.040705912024045832e-01
3.751264688965019189e-01 7.243023094052096766e-01
2.944527161421414685e-01 4.796961525817952654e-01
3.376434239620359490e-01 3.559615818977977519e-01
2.980219919933029815e-01 5.525809277093614025e-01
2.639852962914456258e-01 6.957329434389833978e-01
1.239644102547606264e-01 4.703999112637143876e-01
7.771145101661462717e-02 2.644410094248221821e-01
3.008427940875742918e-02 1.318542506508825207e-01
0.000000000000000000e+00 0.000000000000000000e+00
