7.673272849810772733e-01 1.000000000000000000e+00
9.686038674892425426e-01 7.068346721059347582e-01
9.182029135776867967e-01 4.114315445871090660e-01
8.855942765306651365e-01 1.954535587184048906e-01
8.278575353828606653e-01 0.000000000000000000e+00
1.620241588470112404e-01 3.860355208827858653e-01
7.564493752916169322e-01 3.011511226787580986e-01
1.000000000000000000e+00 4.377124148398368053e-01
9.266894084711493340e-01 5.227204396309275136e-01
1.826865052620664509e-02 5.323569774649625774e-01
7.558102545492249025e-01 4.648926892561631719e-01
9.783134428949141759e-01 6.027342972737433913e-01
8.746350769868836972e-01 6.683892926552833513e-01
0.000000000000000000e+00 7.040123050316700049e-01
6.188416195759240956e-01 6.207883046684083972e-01
8.371063300326611056e-01 7.242811819214634017e-01
7.419814401990771913e-01 7.782899342916015373e-01
7.989755819378920043e-02 8.737020528349409565e-01
2.742224065529576538e-01 8.240352411955468304e-01
3.794946342474985745e-01 8.555956983680234051e-01
3.368518844937529177e-01 8.852063402411857185e-01
