0.000000000000000000e+00 4.696969356087723479e-01
1.877956951942614805e-01 6.708326227648591100e-01
4.442773535832987841e-01 7.917407045269548860e-01
6.433472424691549785e-01 8.870461604779339426e-01
7.781512019196777930e-01 1.000000000000000000e+00
6.358482133901931510e-01 5.760779230012252894e-01
8.022127791952914366e-01 6.238859448730853519e-01
6.350464841806462424e-01 6.528544154312524439e-01
4.831677971881600531e-01 6.592017230029351138e-01
6.258810224645313669e-01 4.557267844342982599e-01
7.852431182991239655e-01 5.022393593589630223e-01
5.720952854179005564e-01 5.496727860298713519e-01
4.026076587829960918e-01 5.629207446547627169e-01
5.852374950138560239e-01 3.255506774436093820e-01
7.558085083923421488e-01 3.511970622736961256e-01
5.474223813988300380e-01 4.205467830034120835e-01
3.767671831648704561e-01 4.544168261414804344e-01
5.272125901082137522e-01 1.972178488201263569e-01
7.238983375792973352e-01 9.601291217283665358e-02
8.577246346262176191e-01 4.103943531292085500e-02
1.000000000000000000e+00 0.000000000000000000e+00
