9.287411700149464933e-01 1.000000000000000000e+00
6.199331196650288422e-01 9.308858698637928475e-01
3.504031497172618859e-01 7.473409269182608172e-01
1.840360240707431538e-01 6.044309792186648433e-01
0.000000000000000000e+00 5.391285917917338910e-01
5.168721064409845800e-01 5.162047933640514508e-01
3.615006860325888360e-01 4.262929150881524798e-01
4.080020163518509602e-01 5.930077758753415917e-01
4.947421863952715659e-01 7.211009094840330480e-01
6.463696255753335063e-01 4.994553513482462015e-01
4.507584002192987493e-01 4.005973183476783661e-01
5.051228029703787037e-01 6.042177245095654570e-01
5.953129230393535698e-01 7.508485166658953602e-01
8.126729258191972560e-01 4.949608744286517759e-01
6.025922765712752316e-01 3.915175232454471410e-01
5.996103392808795896e-01 5.874169919437363108e-01
6.631055148526175946e-01 7.348332133894323048e-01
1.000000000000000000e+00 4.945975663659824550e-01
9.345273228223713868e-01 2.716916284476083021e-01
8.630788264233788531e-01 1.268153720285959685e-01
8.038252047842266990e-01 0.000000000000000000e+00
