3.386624576722765956e-01 1.000000000000000000e+00
5.436231567072258297e-01 8.971162701150346974e-01
7.154799808545372342e-01 7.337444849107157552e-01
8.647344186441420222e-01 6.265860835245230520e-01
1.000000000000000000e+00 6.081600539074909495e-01
5.699688538544501748e-01 3.844177830544369123e-01
6.554906498161973127e-01 3.272619807794124869e-01
6.250734740150478697e-01 5.623768069437982131e-01
5.817142364957842426e-01 7.081005631407530920e-01
4.400145548525047356e-01 3.749436698807938617e-01
5.257990136615651178e-01 3.360640472332301343e-01
5.151929274682989224e-01 6.073613245840620012e-01
4.784526768324298129e-01 7.488117569670619256e-01
3.177790374946393714e-01 4.143613406279580968e-01
3.748575733353793349e-01 3.437042789070898219e-01
4.088573067574239328e-01 5.949838437966276095e-01
4.110595842634393038e-01 7.582267002518892074e-01
2.060815886316481049e-01 4.856278778738629121e-01
1.172443973488758034e-01 2.876143047377625050e-01
5.284285638571364213e-02 1.517566461839593150e-01
0.000000000000000000e+00 0.000000000000000000e+00
