8.452171348625254765e-01 0.000000000000000000e+00
4.537155201821876926e-01 1.098662756566919224e-01
2.730101944189423091e-01 2.840408627801913055e-01
3.229627887227300431e-01 4.320578845307568860e-01
4.689619956696101100e-01 5.102893781514784566e-01
0.000000000000000000e+00 4.119124535380032648e-01
3.336042508895516456e-01 5.768530029075263910e-01
5.248022194564836429e-01 5.536286480924214048e-01
5.728529296057106590e-01 5.018359744180401760e-01
1.773573777052990519e-01 4.621127075571654363e-01
4.960592125524744267e-01 6.136024985374635143e-01
6.421374127392885933e-01 5.462045191201614358e-01
6.522214361907235913e-01 4.715993276845920623e-01
4.416369661836766491e-01 4.927398302376893580e-01
7.043831105821489746e-01 6.415807168202568578e-01
7.845485711878301682e-01 5.625919211022433197e-01
7.724150144889205816e-01 4.777865468512011993e-01
7.406897689711042787e-01 5.038758329719110751e-01
8.781044587100383936e-01 7.415646832751815465e-01
9.591491823419486806e-01 8.846520574496796741e-01
1.000000000000000000e+00 1.000000000000000000e+00
