0.000000000000000000e+00 8.725510343279463399e-01
3.774540563300988333e-02 6.069835608498204138e-01
2.110739286673299075e-01 3.543774507695622855e-01
3.367088316515001178e-01 1.704293355394390364e-01
3.954531711441686692e-01 0.000000000000000000e+00
4.809093764666615978e-01 4.186740650976552569e-01
6.103889089318014216e-01 3.042068595668311337e-01
4.418414059923785331e-01 3.506611527659830307e-01
2.973794900107081807e-01 4.216771588688704719e-01
5.232995014762791275e-01 5.680779376040325790e-01
6.295545680493870311e-01 4.634871874646501189e-01
4.174858914718732605e-01 5.104883292845703302e-01
2.690358926784588434e-01 5.752510006761605288e-01
5.361725996250292781e-01 7.384297768817856822e-01
6.627655516011189407e-01 6.517196414786582404e-01
4.612564038442551473e-01 6.665482443488948139e-01
3.122581272227829552e-01 7.012358892460244242e-01
5.282853403062615083e-01 9.119625422614556776e-01
7.371647538776017194e-01 9.565338012956079439e-01
8.666120661631361299e-01 9.864466765211155064e-01
1.000000000000000000e+00 1.000000000000000000e+00
