1.000000000000000000e+00 1.000000000000000000e+00
8.017622003570599176e-01 7.071378500278084900e-01
6.317091353613109028e-01 4.268069459547720879e-01
5.294235208662946279e-01 2.089616232448825439e-01
5.250035831221726568e-01 0.000000000000000000e+00
9.370751565093849988e-01 3.511768663160332316e-01
2.635341134103391658e-01 2.946239833216265369e-01
2.531922835550694528e-01 4.250460663415367990e-01
4.220105629050145413e-01 4.866471103647634910e-01
9.782944547183805017e-01 5.067117418878995805e-01
2.060493538552307380e-01 5.048236268009056449e-01
2.672097705827756742e-01 6.218623182889689849e-01
4.181983644264847810e-01 6.528552830715533828e-01
9.495816443956490716e-01 6.953214117485817525e-01
2.000117929943351913e-01 6.724253140662136419e-01
2.988089075721460097e-01 7.532989646840315690e-01
4.563445265895495484e-01 7.815191004218869919e-01
8.906058885655961932e-01 8.801689102133313236e-01
3.556897544969922498e-01 9.102784326864470366e-01
1.628028086111818484e-01 9.411577262434468460e-01
0.000000000000000000e+00 9.630868767135239983e-01
