0.000000000000000000e+00 9.669319560376342659e-01
3.839745678926404504e-01 9.316995966184489220e-01
6.458385171066677310e-01 7.256002713569733586e-01
8.305687820680803801e-01 5.576032091666067725e-01
1.000000000000000000e+00 4.288878385058949028e-01
6.349484940281493461e-01 0.000000000000000000e+00
8.480084098662032943e-01 5.452151226453767485e-01
7.261664604663511380e-01 7.902112276450422579e-01
6.172563056018119942e-01 8.508497674428693314e-01
5.003917853936536986e-01 3.568984885663512453e-03
7.627641638905612309e-01 6.402651436595250267e-01
5.984842622798975942e-01 8.684933097592241191e-01
4.644915002417736027e-01 9.763927441708053490e-01
3.834067379608692150e-01 1.205841716329519864e-01
6.468772374124559521e-01 7.144676946887010827e-01
4.723776914750432154e-01 9.173318922360438332e-01
3.315213498588910901e-01 1.000000000000000000e+00
2.665729967814340906e-01 3.426031949847678781e-01
5.283840175722365196e-01 4.897424427900448629e-01
6.888615585176934841e-01 5.057785988042874381e-01
8.477338436707242408e-01 5.136461824742170057e-01
