0.000000000000000000e+00 0.000000000000000000e+00
1.714963772813647147e-01 2.321716402288246939e-01
3.750906202467937933e-01 4.184457677509859641e-01
4.876901108215910274e-01 5.550838198633296638e-01
5.474285459354031325e-01 6.123799042735890152e-01
1.000000000000000000e+00 3.506046703515570129e-01
7.890109706264926137e-01 6.381895808647488622e-01
5.565371006261161657e-01 5.949342467726627115e-01
4.470857922788761263e-01 5.043304113244702069e-01
9.812147713790588810e-01 3.531929472379301549e-01
6.558513144815336648e-01 6.430315616408694979e-01
4.331036110077111090e-01 5.639319605748233100e-01
3.564601431242236385e-01 4.685890546003863566e-01
8.420083049970792377e-01 3.780232944155210162e-01
5.790794098251865751e-01 6.542207958525181333e-01
3.694230208886639666e-01 5.618910347128658334e-01
2.912674147716579065e-01 4.531020559265982461e-01
6.358176176913028499e-01 4.147691346930025280e-01
7.607505238547342952e-01 6.878777995066730488e-01
8.526312634274807456e-01 8.567831846180828936e-01
9.486071668067794782e-01 1.000000000000000000e+00
