1.799783644081781875e-01 1.000000000000000000e+00
5.451939451300819028e-01 9.477482591546433355e-01
8.751571925859774614e-01 7.797754170261368412e-01
1.000000000000000000e+00 6.138187996642882061e-01
8.437189250511242244e-01 5.379556559520936032e-01
6.771658123695366571e-01 5.178809512875953702e-01
7.624241749402125290e-01 3.223807202170597686e-01
7.262443523640491616e-01 4.372815943769253755e-01
6.749021392672011066e-01 5.552398297210445755e-01
4.578217058463283640e-01 4.970294978881227843e-01
5.146552049127224304e-01 2.479257877648884112e-01
5.192656881134317670e-01 1.200721643541700634e-01
4.964963872855820970e-01 0.000000000000000000e+00
2.395671183943225147e-01 5.293801545094904970e-01
2.663766775011066068e-01 3.776415563504338380e-01
2.733045108436357729e-01 5.296541172079645143e-01
2.689881278871693593e-01 6.488114767312459508e-01
0.000000000000000000e+00 5.884665025886739453e-01
4.508646622078939237e-02 4.709970815742498540e-01
7.124341239170657591e-02 5.940512771410174642e-01
7.604238938223220612e-02 6.981506540810573647e-01
