9.620254097054872222e-01 4.823050578557148138e-01
7.018428190770158448e-01 6.854298772887634783e-01
4.195235012610926684e-01 8.898582869293465425e-01
2.316985016984924872e-01 1.000000000000000000e+00
2.575744600261089534e-01 9.135527981892952454e-01
4.502777718946225638e-02 6.180656099819886728e-01
0.000000000000000000e+00 7.353262009043618486e-01
2.140843349788774386e-01 7.504131371846578524e-01
3.825517075627806740e-01 7.389511598382780821e-01
1.141676404567497499e-01 3.600094348811601064e-01
4.202460550374798043e-02 5.079690902397269170e-01
4.279765209925814190e-02 5.886360859853631000e-01
1.594805716216850938e-02 6.403987496099753374e-01
2.755425369004284586e-01 1.537485286372994031e-01
4.360341926934895307e-01 3.812096458659041676e-01
6.699537645389391782e-01 5.152113727050456893e-01
7.997700351362492244e-01 5.972186911351738958e-01
5.022338084569486494e-01 0.000000000000000000e+00
7.170560445736487987e-01 2.276408587310208564e-01
8.992224719749506434e-01 4.064101886811142261e-01
1.000000000000000000e+00 5.301668562447686694e-01
