9.916074685444410397e-01 1.000000000000000000e+00
6.055746865947929658e-01 9.906612204173741443e-01
2.446774278899327415e-01 9.056132930615907739e-01
1.977309860715005183e-02 8.099650433660431359e-01
1.592199685321155633e-01 6.899323387780060823e-01
2.087450743097624406e-01 5.974893862774907083e-01
5.796808971140853667e-02 4.337355778120985383e-01
1.135169255738846111e-01 5.545219616516926520e-01
1.824598261871040739e-01 6.615367080857440518e-01
4.253888374138486972e-01 5.323398056444083037e-01
2.120004917062370819e-01 2.914214567017751056e-01
9.446330888716295004e-02 1.468071775161620962e-01
0.000000000000000000e+00 0.000000000000000000e+00
6.881685158787260725e-01 5.245465706689032004e-01
6.092347098588086762e-01 3.455796285659850642e-01
7.003209895127868734e-01 5.231050744369198924e-01
7.483542138665760790e-01 6.570960261987035533e-01
9.765492937146073027e-01 5.592165169029855720e-01
9.377791114907737535e-01 4.549216253570678159e-01
9.786916341245442963e-01 5.933524415663565810e-01
1.000000000000000000e+00 7.208762788330630444e-01
