9.087804596975774807e-01 1.000000000000000000e+00
5.717313702302329048e-01 9.626192315098613950e-01
2.136732179653566821e-01 8.372243537115141576e-01
0.000000000000000000e+00 7.457710657685909794e-01
1.992621900525987921e-01 7.457717609453847762e-01
3.019708772228273941e-01 5.340153481132554614e-01
1.270808353248805700e-01 4.215693199015907999e-01
2.257012487069805229e-01 5.736593341735704010e-01
3.325039716619518915e-01 6.968388225651606094e-01
5.253676016649426739e-01 4.685473516197271593e-01
3.438210817737071823e-01 2.694691560484204773e-01
2.320397193633268185e-01 1.353274943117158957e-01
1.628246953687266241e-01 0.000000000000000000e+00
7.556252177897530009e-01 4.750369660260149174e-01
6.244487003953826942e-01 3.887078262308278909e-01
6.681216165418691899e-01 6.176901638740256439e-01
7.135245035765536148e-01 7.679124466538708171e-01
1.000000000000000000e+00 5.148070571567407994e-01
8.710734050930561967e-01 5.116887721300842351e-01
8.555961334258911366e-01 6.904013464184144411e-01
8.530172283698762570e-01 8.176225926896598661e-01
