7.804638958937163418e-01 0.000000000000000000e+00
9.943612268083275030e-01 9.897574437767557576e-02
1.000000000000000000e+00 2.573906079212608944e-01
9.108300722147543160e-01 4.242323119880050952e-01
7.890490247172337046e-01 5.159542882344084758e-01
6.478761083524612330e-01 8.480079316707718473e-02
3.991444606313721000e-01 3.582821093587782446e-01
4.606121433939328602e-01 4.747081450736835850e-01
5.380202385273415988e-01 4.946674457300109240e-01
4.730610559502289036e-01 1.294798241063018496e-01
2.193442133539708350e-01 5.226292156589493754e-01
1.050157824196749912e-01 8.039872148541410413e-01
0.000000000000000000e+00 1.000000000000000000e+00
3.658738155751459220e-01 1.829876099825326341e-01
3.301492287597454500e-01 5.310713072425466974e-01
4.964903617517326118e-01 5.492696001311870857e-01
6.097780628826787730e-01 4.910350349039406814e-01
3.101888240684922970e-01 2.372974057526440195e-01
2.990452840369691168e-01 5.028308206861465957e-01
4.666618561822423183e-01 5.352814394314628910e-01
5.722527161561110631e-01 4.784350005400834216e-01
