9.314748098597644965e-01 9.583334134321616071e-01
5.889568456061111679e-01 1.000000000000000000e+00
1.879102267945532978e-01 9.630702750502219134e-01
0.000000000000000000e+00 9.106200061241275234e-01
1.488263908964238269e-01 8.160025100684227262e-01
1.073859720647911548e-01 5.558784072325122505e-01
4.230271716915474933e-02 4.583708996837698169e-01
1.841753119259347538e-01 6.349095867312400943e-01
3.067473649979102213e-01 7.572733626540815166e-01
3.712862619818487198e-01 4.767180168811713248e-01
2.176449147146050922e-01 2.649905872434148435e-01
1.191324191778974084e-01 1.393153197934274001e-01
3.227874240753483143e-02 0.000000000000000000e+00
6.826014537100160151e-01 4.537898875000515031e-01
6.197813115113376403e-01 3.313093961417996614e-01
7.110284434532507802e-01 5.504429007493131243e-01
7.632273219166284539e-01 7.026565806222168087e-01
1.000000000000000000e+00 4.856229926661512764e-01
9.671213132143370306e-01 4.359406646188829226e-01
9.841821097613198122e-01 6.094712516151357118e-01
9.806061651056133810e-01 7.526146317216075854e-01
