0.000000000000000000e+00 8.070844455464721845e-01
1.998119509785349357e-01 1.000000000000000000e+00
3.369733287276594491e-01 9.556585819993627107e-01
4.173380757434630439e-01 8.624487357026419110e-01
5.064515142874829179e-01 7.751599136954393510e-01
4.791102230971384102e-01 1.667002646291722290e-01
6.595551403410880864e-01 2.492604885658953606e-01
8.029797377729817054e-01 3.217436257320711035e-01
9.152571811294170079e-01 3.805552970394220913e-01
4.703265571269402145e-01 4.643852279898541546e-02
7.101787397226586585e-01 1.872539963214341630e-01
8.723011141942629276e-01 3.288215599605243122e-01
1.000000000000000000e+00 4.232718452253129704e-01
4.444018578626822147e-01 0.000000000000000000e+00
6.322289228811860395e-01 4.728150828433675956e-01
5.069316718807942435e-01 7.227766890868665417e-01
3.911915047165109849e-01 8.038531217659220518e-01
4.095642650290385323e-01 7.011505630481386364e-02
5.297989443815760424e-01 5.325952304924365110e-01
4.368497495431939992e-01 7.157105936184479100e-01
3.464732509455166753e-01 7.406012577367119265e-01
