7.748569790770994947e-01 1.000000000000000000e+00
2.945465176268271534e-01 8.292447970901053456e-01
1.490650616222413405e-01 6.460243381307352317e-01
3.555907136715390909e-02 5.193090766244610190e-01
0.000000000000000000e+00 4.763812650034758844e-01
8.980844941243909529e-01 4.433014359869004717e-01
6.141727715677844923e-01 2.613333978406747748e-01
3.993394095729435600e-01 1.251499220470650153e-01
2.835054170249355354e-01 2.378380704461211317e-02
1.000000000000000000e+00 4.602722976766723262e-01
6.832589280596159664e-01 2.254580710468353788e-01
4.350346804241903009e-01 9.919688981750164614e-02
3.357012324448265805e-01 0.000000000000000000e+00
9.670080825451419226e-01 5.100691461904051094e-01
4.166342218400687636e-01 3.309315542075897953e-01
1.849903124104327889e-01 4.428555642277025584e-01
2.084296933218687253e-01 5.361068132127535524e-01
7.603797076526225274e-01 5.790362416629909470e-01
1.916404700487245594e-01 4.564096925928761150e-01
4.877065061622241210e-02 5.516760083122435043e-01
9.889137288621381583e-02 6.441203351289050971e-01
