2.022166526182394286e-01 1.000000000000000000e+00
0.000000000000000000e+00 7.487748694870413058e-01
2.569472143378132706e-02 5.193604189790729242e-01
2.977356612407431879e-01 4.842801819657392981e-01
5.433312572808242091e-01 4.905839032088374352e-01
3.929156542210343606e-01 6.454510494412282751e-02
5.493140338961585156e-01 0.000000000000000000e+00
5.566826045204916751e-01 5.494881731272564102e-02
5.535407249297353838e-01 1.558261061929829827e-01
5.430080726651842493e-01 2.257082554671392960e-01
9.464990456979957001e-01 4.298424841384472783e-01
1.000000000000000000e+00 5.534135296183066988e-01
9.923422235487678877e-01 5.904680203058743082e-01
6.220008409750213962e-01 4.785449428881208833e-01
7.612013200759425446e-01 7.775663046987237870e-01
5.265565470754881572e-01 8.985447113795467233e-01
3.202079965218076474e-01 9.039872207267054538e-01
6.245446166594139648e-01 7.600357037667730964e-01
7.370985821192029830e-01 8.992518414577838071e-01
5.997105624995414663e-01 9.650957095030411326e-01
4.760924470172222533e-01 9.641763632318082200e-01
