8.362418101963738915e-01 1.000000000000000000e+00
5.039684815779272853e-01 9.362510554795742124e-01
1.997369018498771909e-01 7.856900755188201968e-01
0.000000000000000000e+00 6.475725753701611076e-01
1.648191727107833071e-01 6.201177380032110165e-01
3.416919862843215694e-01 5.275213177142177301e-01
1.607881312908323035e-01 3.821710174228459267e-01
2.074489697100984908e-01 5.004638163762858971e-01
2.945090599723456104e-01 6.156924540643397004e-01
5.498900734204440477e-01 4.868487839686032048e-01
4.030422491023529785e-01 2.563717666646845306e-01
3.063759550380147911e-01 1.233303205090087451e-01
2.626280842735762011e-01 0.000000000000000000e+00
7.625452491735831284e-01 5.073830052922637668e-01
6.418967930677825784e-01 3.355874412796575057e-01
6.270256916864239694e-01 5.066128322530772943e-01
6.391254854390300277e-01 6.300078492002140207e-01
1.000000000000000000e+00 5.594318844026877624e-01
8.673547271097006295e-01 4.572909555806624060e-01
8.170854263313174215e-01 5.829699708628174326e-01
8.001921347472302770e-01 6.913269905452815722e-01
