4.637791846283454977e-01 1.000000000000000000e+00
8.999693478120333878e-02 8.403510711564889935e-01
0.000000000000000000e+00 6.589297776613718405e-01
1.934924129604662923e-01 5.297604862250002711e-01
4.228780835976492236e-01 4.738568806266873490e-01
1.849152241985464462e-01 5.379634520516735074e-01
2.867350201174223567e-01 3.751331448267151147e-01
3.472218577805910034e-01 4.348616546049042242e-01
3.809964350523235010e-01 5.133018827441464538e-01
4.848139737622548240e-01 5.321085136728059828e-01
5.873039839488667369e-01 2.659361841564072404e-01
6.167104411965406152e-01 1.121840729585367874e-01
6.617039244915379204e-01 0.000000000000000000e+00
7.594086165337989858e-01 5.710288630770540275e-01
8.494943854895972146e-01 3.973142841710159412e-01
7.789505224431626518e-01 4.632135567369307094e-01
7.332330259661119509e-01 5.435773393611248450e-01
9.991405366903465257e-01 6.462944259109036915e-01
1.000000000000000000e+00 5.283903990412488483e-01
9.177719509465310788e-01 5.788870866287866290e-01
8.971499622014984521e-01 6.442063494235610310e-01
