4.049095259531384494e-01 1.000000000000000000e+00
6.240647580570637398e-01 7.836878467385768321e-01
7.011518415901225598e-01 4.973104099477757001e-01
5.448609001271937924e-01 2.617597017970021978e-01
4.411910138954863725e-01 9.540833023591677176e-02
1.000000000000000000e+00 6.106555197214702524e-01
8.277479563156561193e-01 3.601090916372255424e-01
6.809215237100889606e-01 1.936087155670525028e-01
5.916669954142859122e-01 4.588447199372256563e-02
8.327975197478244551e-01 7.375142825319471740e-01
7.717165723566304925e-01 3.925201144354629745e-01
7.309138589368283645e-01 1.790913744144631281e-01
7.259204978373811068e-01 0.000000000000000000e+00
5.294629020470799086e-01 8.272093653362166954e-01
3.158052308159551846e-01 4.231504355781156024e-01
2.124538244696670408e-01 4.661907595616310851e-01
2.287791610396782971e-01 5.927843647417631034e-01
1.967029405889103855e-01 8.636717464298363511e-01
3.291763422044752252e-02 5.198272204722339529e-01
0.000000000000000000e+00 5.304882779990813813e-01
4.982697067084869424e-02 6.251223323108729968e-01
