0.000000000000000000e+00 8.932393331190006114e-01
4.168302337087808063e-01 7.272822335658187809e-01
7.023420355656451175e-01 5.138785914402503874e-01
8.196495823510578926e-01 3.262180469257468518e-01
8.459838761314357747e-01 1.794407883945384474e-01
6.079155388690008488e-01 1.449220774747229656e-01
8.744023399982537859e-01 3.821492543189140140e-02
1.000000000000000000e+00 2.290740579748180850e-01
9.950993917168718950e-01 3.898475995827072604e-01
4.244573474198899965e-01 1.515454101081942784e-01
7.189568963008237112e-01 0.000000000000000000e+00
8.776210017753718340e-01 1.291393009690901539e-01
9.126773188975232376e-01 2.493567967535151586e-01
2.545289443813847918e-01 2.640253984292472156e-01
5.712220961029133015e-01 4.366525792101619841e-01
6.142646759218836072e-01 6.819133379480483148e-01
5.722395878809045655e-01 8.222232975310180825e-01
1.193824034459675804e-01 4.536867007630682735e-01
4.152032946244069711e-01 6.911810417227103320e-01
5.584047847725486236e-01 8.839359527855601417e-01
6.319406851188916763e-01 1.000000000000000000e+00
