5.237059693093585322e-01 1.000000000000000000e+00
8.664800230923314084e-01 8.128594810642988389e-01
1.000000000000000000e+00 5.795070820754316676e-01
9.455558633237212129e-01 4.033654344621127041e-01
7.970107093602666337e-01 3.771488616779634651e-01
4.101986465327972509e-01 5.009203798335448710e-01
4.808149960200716611e-01 3.060986893338242254e-01
6.303497380244976744e-01 3.775685095892304943e-01
6.755870321397435818e-01 4.647631140710741238e-01
1.694494286688962015e-01 5.303026260093285371e-01
2.007248426251782292e-01 2.562906570837542031e-01
2.074370136250586749e-01 1.057277410605000911e-01
1.515465739085812003e-01 0.000000000000000000e+00
4.076379635596012740e-02 5.832045523625970507e-01
1.974382673753757589e-01 3.947781109207608718e-01
3.362690139982680848e-01 4.133826329371622088e-01
4.015317913176332798e-01 4.755308935005085336e-01
0.000000000000000000e+00 6.391688647637836507e-01
1.474394044977563600e-01 4.730973885434544557e-01
2.582951911386093813e-01 4.844951321531531518e-01
3.001196019488528433e-01 5.430916471850063543e-01
