8.476886825414222670e-01 0.000000000000000000e+00
1.000000000000000000e+00 7.697920523986082064e-02
9.982058695520313885e-01 1.910902366655885809e-01
9.088427078245441271e-01 3.757192387077218365e-01
7.844470030962761298e-01 5.586401611207202356e-01
5.675370575905941406e-01 1.241610769713929474e-01
4.038841966477640932e-01 3.906846224397164669e-01
5.208428440337359300e-01 5.118101550427567314e-01
6.029009010734631691e-01 4.879261019629166363e-01
4.414107157615672072e-01 2.392984873839288651e-01
1.897931429313282070e-01 5.593556108665863613e-01
1.087834355434338790e-01 8.281848763392222201e-01
0.000000000000000000e+00 1.000000000000000000e+00
3.993039852184649963e-01 3.294776544998023748e-01
4.162031474964644207e-01 6.062968639895502942e-01
6.172179414463642155e-01 5.884054642298564008e-01
7.218799848041620448e-01 4.832163833148181986e-01
3.995155705905910071e-01 3.917753747166091149e-01
4.191607314575482857e-01 6.066179492107240945e-01
5.763083620028852661e-01 6.368629270784994523e-01
6.572966093488455952e-01 5.549646337519159589e-01
