5.950904740468615506e-01 1.000000000000000000e+00
3.759352419429362602e-01 7.836878467385768321e-01
2.988481584098774957e-01 4.973104099477757001e-01
4.551390998728062076e-01 2.617597017970021978e-01
5.588089861045136830e-01 9.540833023591677176e-02
0.000000000000000000e+00 6.106555197214702524e-01
1.722520436843439084e-01 3.601090916372255424e-01
3.190784762899110949e-01 1.936087155670525028e-01
4.083330045857140322e-01 4.588447199372256563e-02
1.672024802521755449e-01 7.375142825319471740e-01
2.282834276433695353e-01 3.925201144354629745e-01
2.690861410631715800e-01 1.790913744144631281e-01
2.740795021626189487e-01 0.000000000000000000e+00
4.705370979529200914e-01 8.272093653362166954e-01
6.841947691840447598e-01 4.231504355781156024e-01
7.875461755303329037e-01 4.661907595616310851e-01
7.712208389603216752e-01 5.927843647417631034e-01
8.032970594110896423e-01 8.636717464298363511e-01
9.670823657795524220e-01 5.198272204722339529e-01
1.000000000000000000e+00 5.304882779990813813e-01
9.501730293291512641e-01 6.251223323108729968e-01
