6.389794380199693702e-01 0.000000000000000000e+00
3.420542826086896415e-01 1.738992333977736893e-01
2.236325343573865587e-01 3.762741564956116891e-01
2.599204004170688198e-01 5.577715539190724048e-01
2.856888209335997630e-01 6.798106190652845049e-01
0.000000000000000000e+00 4.313684782934286699e-01
1.045672468115741854e-01 6.075377943883887299e-01
1.885733439658019150e-01 6.687840587290578842e-01
2.661230120517610320e-01 7.028764288824934647e-01
1.937133545890441233e-01 3.326121043426967794e-01
4.393640669247651509e-01 6.391611155018629420e-01
5.562031236982168947e-01 8.441606201021675249e-01
6.698153498930063954e-01 1.000000000000000000e+00
4.747916662630130014e-01 2.332718500067973433e-01
7.587137296409770526e-01 5.359717783466553254e-01
7.544915582868070292e-01 4.947913906445495780e-01
6.952909254316488319e-01 4.106090420813238717e-01
7.594123503632744798e-01 1.578831916643816946e-01
1.000000000000000000e+00 4.196372982974379551e-01
9.788562050889150212e-01 4.055951363270836052e-01
8.863426568568212316e-01 3.385852421582836724e-01
