1.000000000000000000e+00 6.951966585159574663e-01
6.374177055600338537e-01 6.698379283200476264e-01
3.653586724524248153e-01 5.895566493809170083e-01
2.200173727710178495e-01 5.071587096169724029e-01
1.257201412070340085e-01 4.412050975533651220e-01
3.338317143560023403e-01 1.915717121592240835e-01
7.823350631388706344e-02 1.625897086909202649e-01
0.000000000000000000e+00 3.261077700546345937e-01
5.248082229271320079e-03 4.917985405685307843e-01
5.102920800586434602e-01 1.223643693266755761e-01
2.294260095121317400e-01 0.000000000000000000e+00
1.107316294292195191e-01 1.010718614820013822e-01
7.703390512939504997e-02 2.224522480815996628e-01
7.068722619829366227e-01 1.586203160958242209e-01
4.920783429508971407e-01 4.032043329538220200e-01
5.036645256483588406e-01 6.342683644011152255e-01
5.495598556715124428e-01 7.621762895506680735e-01
8.907801171153894026e-01 2.763619533928895478e-01
7.129308705949939373e-01 6.052516444327700196e-01
6.121773771543357334e-01 8.512197203104909793e-01
5.471454334489765925e-01 1.000000000000000000e+00
