4.147992589701719468e-01 1.000000000000000000e+00
6.339573196595862381e-01 8.227119199188838161e-01
7.093753834962028826e-01 5.730626277471995156e-01
5.305910659987521649e-01 3.591482511620547879e-01
3.674876663935897070e-01 2.083040455428042392e-01
1.000000000000000000e+00 6.443576198652389841e-01
7.402257067478010821e-01 4.054558875098870918e-01
5.383002379565148265e-01 4.103934219610635981e-01
4.533957909299393685e-01 4.396016282898965177e-01
8.078124326290454515e-01 7.281238491123331880e-01
6.725663814652622641e-01 3.883188195139701260e-01
6.149215355252456439e-01 1.844576885936051458e-01
5.667026346949222138e-01 0.000000000000000000e+00
5.036950147059853222e-01 7.939494040487953264e-01
2.480529909294971469e-01 4.468896188920487567e-01
2.325574410516815516e-01 5.430391686353222003e-01
2.766000336831739848e-01 6.709943712050444597e-01
1.467830910466511873e-01 8.315950505918323632e-01
0.000000000000000000e+00 5.568591236089394103e-01
7.970456097446822208e-03 6.270093531082790994e-01
6.186924663564424137e-02 7.264050008230644728e-01
