0.000000000000000000e+00 6.951966585159574663e-01
3.625822944399660908e-01 6.698379283200476264e-01
6.346413275475751847e-01 5.895566493809170083e-01
7.799826272289821505e-01 5.071587096169724029e-01
8.742798587929659915e-01 4.412050975533651220e-01
6.661682856439976597e-01 1.915717121592240835e-01
9.217664936861129643e-01 1.625897086909202649e-01
1.000000000000000000e+00 3.261077700546345937e-01
9.947519177707286886e-01 4.917985405685307843e-01
4.897079199413565398e-01 1.223643693266755761e-01
7.705739904878682323e-01 0.000000000000000000e+00
8.892683705707804531e-01 1.010718614820013822e-01
9.229660948706049917e-01 2.224522480815996628e-01
2.931277380170633773e-01 1.586203160958242209e-01
5.079216570491028593e-01 4.032043329538220200e-01
4.963354743516411594e-01 6.342683644011152255e-01
4.504401443284876128e-01 7.621762895506680735e-01
1.092198828846105418e-01 2.763619533928895478e-01
2.870691294050061182e-01 6.052516444327700196e-01
3.878226228456643221e-01 8.512197203104909793e-01
4.528545665510234630e-01 1.000000000000000000e+00
