4.815583011723008067e-01 1.000000000000000000e+00
1.247467531143134911e-01 8.461593892981704723e-01
0.000000000000000000e+00 6.649239174164315314e-01
1.534339031293836531e-01 5.231036021698330929e-01
3.595881990350557333e-01 4.727822179920445622e-01
2.843356320067804699e-01 4.752816816234334274e-01
3.299645454360038976e-01 3.960378359070099163e-01
3.477023085691494098e-01 4.641060433870754509e-01
3.666216072282439953e-01 5.148663335589699352e-01
5.661189659822013498e-01 4.636418766163302729e-01
5.538498059007090912e-01 2.494917819307070905e-01
5.533280153375832455e-01 1.035931481271079452e-01
5.498460122963543251e-01 0.000000000000000000e+00
8.130916175847385796e-01 5.035657446953073491e-01
7.483910041267345381e-01 3.807631291899833403e-01
6.985588722525262195e-01 4.444401340738274309e-01
6.702292139261991633e-01 5.295167946104328838e-01
1.000000000000000000e+00 5.762174298794954241e-01
8.952764640162803600e-01 4.990305331179776815e-01
8.300826706612066674e-01 5.547322371772660521e-01
8.003746014335926251e-01 6.247498097688723995e-01
