5.706188823650591990e-01 1.000000000000000000e+00
8.717959784800117795e-01 8.349112833052488858e-01
1.000000000000000000e+00 6.643102382539718409e-01
9.646484572557937343e-01 5.077885941676203441e-01
8.128752400980568948e-01 4.265659860123485747e-01
7.669900984541048183e-01 4.538442867606747311e-01
6.277025098356132649e-01 2.539198618859593304e-01
5.942931995121514266e-01 2.897427445226031795e-01
6.096764216955966598e-01 3.564213186592945504e-01
4.974844978872430268e-01 4.538106557773746719e-01
3.539390909557901810e-01 2.203217738914373947e-01
2.838055681036450451e-01 8.884181251872365348e-02
2.345856650272653832e-01 0.000000000000000000e+00
2.317381166356244915e-01 4.977671917251386136e-01
1.814291335392690940e-01 3.773107835488370143e-01
2.435623005140627184e-01 4.341751010808104771e-01
2.838680584719198707e-01 5.077699920299824088e-01
0.000000000000000000e+00 5.755479840301174210e-01
2.213641859226146702e-02 4.857473731968734998e-01
8.437470707639871392e-02 5.424393319394341662e-01
1.295639813990534239e-01 6.191240694792993216e-01
