8.647950842902772939e-01 1.000000000000000000e+00
5.386570839006302736e-01 8.476297148263373105e-01
4.649326995374160609e-01 6.887538236972474692e-01
3.779073848635990940e-01 5.699373978901423055e-01
2.394141179129180008e-01 4.838329638557355983e-01
9.686908420544086962e-01 4.720654608208680880e-01
5.959457181800402736e-01 2.579669414229291968e-01
3.502067794841417503e-01 1.146016408556456562e-01
1.474926884861534615e-01 0.000000000000000000e+00
1.000000000000000000e+00 4.642524668371441066e-01
5.285228808809778744e-01 2.723057569659882438e-01
3.875764888892392346e-01 2.963226805711087763e-01
3.523104233602069590e-01 3.424883813624261530e-01
9.080019925306377360e-01 4.878339687958676563e-01
1.938013828342809997e-01 3.543087818941863532e-01
4.187805397175396044e-02 5.017922817498132737e-01
8.401099270293838073e-02 6.278552153955749837e-01
7.237086746030048090e-01 5.324014014804335782e-01
1.254209446201860478e-01 4.651746353020823066e-01
0.000000000000000000e+00 5.782366894567652071e-01
2.762477810198318492e-02 6.774458887245560224e-01
