8.949595657199100884e-01 8.796564470756667031e-01
6.030739230228870928e-01 8.170476560777363284e-01
3.178058347687074403e-01 7.244165772774062706e-01
1.048987703260827048e-01 6.413096927293768790e-01
0.000000000000000000e+00 5.551165643168652908e-01
2.851929447655323080e-01 2.603513003943226378e-01
1.360007834632586954e-01 2.103329897226997314e-01
1.279752125036301424e-01 4.348934795013053023e-01
1.591954842458904451e-01 6.277961044797545354e-01
5.176952136985347730e-01 1.594324485299404015e-01
4.087205250435693715e-01 4.983027462160149329e-02
3.542550462394225552e-01 2.252849816183940743e-02
3.376153829808005158e-01 0.000000000000000000e+00
7.648948098946728447e-01 1.660351108030077016e-01
6.503782889519670318e-01 3.665046238353246721e-01
6.297249163181785070e-01 6.132415852064200257e-01
6.394298210630278145e-01 7.675960985645539081e-01
1.000000000000000000e+00 2.574908440630502837e-01
8.834650756778080760e-01 5.903509613523398869e-01
7.740148888815661099e-01 8.429709022628527615e-01
7.034995000186319292e-01 1.000000000000000000e+00
