9.453626824334397660e-02 1.000000000000000000e+00
5.468449495895442158e-01 8.956246478205734940e-01
7.957671579732492617e-01 7.499428249193792473e-01
9.657706422894657416e-01 6.466500911905455062e-01
1.000000000000000000e+00 5.528966612154341265e-01
2.669571786258172486e-01 4.714368270803783734e-01
3.730622903544242863e-01 2.613055158025707203e-01
4.617807056923926012e-01 1.130029623684143253e-01
5.099984094241825083e-01 0.000000000000000000e+00
1.624820956397042548e-01 4.572972424730542551e-01
3.207153189062984522e-01 2.239501645187341461e-01
5.173034299542387249e-01 1.107851766593451470e-01
6.368150608841691707e-01 2.500729962270803464e-02
5.684086725004391938e-02 4.641459625069906392e-01
4.659170334058297946e-01 2.865190553701985610e-01
6.775458453370587497e-01 4.148104012172111887e-01
6.951842098596596742e-01 5.531608178572150480e-01
0.000000000000000000e+00 4.955108203222061136e-01
3.876457526019204125e-01 3.657756536005186132e-01
5.748781216088653112e-01 4.576399398061881119e-01
5.845511482254697189e-01 5.800432058558583348e-01
