1.349264053692811327e-01 1.000000000000000000e+00
5.761109498837119203e-01 9.229647492164051448e-01
8.735840033353634571e-01 7.770273890858514498e-01
1.000000000000000000e+00 5.908915908386580540e-01
7.820547637246526573e-01 4.992741293169749017e-01
6.721358997101993804e-01 5.510250910711843586e-01
8.410143428802662191e-01 3.885179317763695073e-01
8.004103805012037220e-01 4.563778120725690557e-01
6.945671998070721553e-01 5.241492971603104456e-01
4.850811972973746444e-01 4.985750509869559810e-01
6.593462524167078564e-01 2.491880482898591043e-01
7.988458661521923299e-01 1.222567009891267348e-01
8.962195126935921241e-01 0.000000000000000000e+00
2.531179516944545571e-01 4.922536201944720524e-01
4.060849127941434933e-01 2.837667414723069603e-01
4.111280150091354835e-01 4.237065258218961628e-01
3.452760054117906541e-01 5.468804248810869018e-01
0.000000000000000000e+00 5.190887366642855660e-01
1.446823434198102609e-01 3.738344185648712070e-01
1.927336491573711230e-01 4.731865912030601140e-01
1.497195596993267930e-01 5.766749555644588021e-01
