6.013311307352054574e-02 4.876503988883899021e-01
4.251148221513362246e-01 5.537881051009297950e-01
6.939060987835067307e-01 6.587647261208978700e-01
8.022878026578288413e-01 8.361133390813877408e-01
8.569511446561566270e-01 9.884600944920870491e-01
9.146248040258337930e-01 1.352766899399679146e-01
9.958272478690569640e-01 4.060402289721550817e-01
9.930979833892923381e-01 6.320286470130273004e-01
1.000000000000000000e+00 8.276248268011859865e-01
6.429430188549551950e-01 9.731055116607279995e-03
6.692681992989416573e-01 4.728611430871148547e-01
7.103549200155591103e-01 7.996591695739228012e-01
7.575114195804891759e-01 1.000000000000000000e+00
3.223400431633000607e-01 0.000000000000000000e+00
3.036553257274532402e-01 4.670240788568562063e-01
2.600330261237859819e-01 5.907439764726338804e-01
2.485210996844819942e-01 5.684579547690439272e-01
1.648222637573784274e-02 4.613445522803847482e-02
0.000000000000000000e+00 4.171740882589997645e-01
8.822169966013478776e-03 5.473681733410991068e-01
3.713816849233271544e-02 5.357578879408303463e-01
