0.000000000000000000e+00 1.000000000000000000e+00
3.914054161301683821e-01 9.670850264767764104e-01
7.442764638294411261e-01 8.513272667806200955e-01
9.786633748429268698e-01 7.221724910913869255e-01
8.863013911035320103e-01 5.851479495347641224e-01
7.844533160261544236e-01 5.924016971342747073e-01
9.612730776009895672e-01 4.213150552304974483e-01
9.081519154294112051e-01 4.964302682938284139e-01
8.355403994680004054e-01 5.780896183105481700e-01
5.775956100859673814e-01 5.252270644124735766e-01
8.052595871149276219e-01 2.757157603983246275e-01
9.192732124045892572e-01 1.325823428280921701e-01
1.000000000000000000e+00 0.000000000000000000e+00
3.159347031615241663e-01 5.147459584302122027e-01
4.114963737515240361e-01 3.286843104838066409e-01
3.241795571290377320e-01 4.832970023883534361e-01
2.521678538982131679e-01 6.045058979266864085e-01
2.460735287183880154e-02 5.431502303697457457e-01
9.408515980080711660e-02 4.290425155781976696e-01
6.226280816150357028e-02 5.575689819522885449e-01
2.054742286212091554e-02 6.745494189463787649e-01
