3.085502656156064449e-01 9.873203577329856540e-01
5.556970500565437954e-01 5.876089299881493977e-01
7.464790988231916335e-01 1.948075371124607380e-01
9.219807425110241317e-01 1.293062032008627724e-02
1.000000000000000000e+00 8.227932177119097468e-02
2.988628894928105906e-01 7.828467526957826050e-02
2.339885585369662346e-01 3.163242321410475455e-02
2.753343004216329826e-01 6.371587184157509074e-04
3.437193792711715767e-01 0.000000000000000000e+00
9.365645751666139274e-02 2.784656629994817778e-01
2.088644739769923708e-01 1.113541841139293331e-01
3.884547446721004493e-01 2.823476844124251858e-02
5.548694859807470348e-01 1.037857256494844650e-02
0.000000000000000000e+00 5.619193835390950964e-01
4.102421171911957432e-01 5.330768596659891667e-01
5.506716039270038721e-01 6.521522943226979452e-01
5.914926641814480801e-01 7.625401079205628152e-01
1.805968757632837873e-02 8.710660634092375343e-01
4.081207960402767898e-01 8.866072755282221607e-01
5.328824798950694275e-01 9.455498388332356230e-01
5.521361077632288561e-01 1.000000000000000000e+00
