1.559416086746636954e-01 1.000000000000000000e+00
7.240501932340536184e-01 8.542193853055033426e-01
8.474982282598850780e-01 6.816051007951106078e-01
9.169037545950862178e-01 5.591264420069845809e-01
1.000000000000000000e+00 4.519691436709303289e-01
1.805022684809534372e-01 4.449228354308131239e-01
4.713491649244944681e-01 2.507587563056655755e-01
7.174286938797234114e-01 1.127550693006077603e-01
9.025174116067418151e-01 0.000000000000000000e+00
4.446670855972234548e-02 4.592969861478307658e-01
6.543239329175773999e-01 3.148647315799129043e-01
8.734207236169455602e-01 4.376273544805417415e-01
8.561701841582624040e-01 5.546160404269467881e-01
0.000000000000000000e+00 4.997107895649208209e-01
7.463601128311333488e-01 3.856711995998215459e-01
9.321299817643823316e-01 5.270585989933025406e-01
8.562229395292726419e-01 6.441761788017421608e-01
5.875967920999532190e-02 5.630931036703161752e-01
6.739694728477909624e-01 4.677056815243626486e-01
8.950219471680637140e-01 5.573030411772261772e-01
8.913519474201689885e-01 6.526563346142091326e-01
