3.729435228620109344e-01 1.000000000000000000e+00
7.081966979222906744e-01 8.607544327169084353e-01
8.796383138332981577e-01 6.959826928526302581e-01
1.000000000000000000e+00 5.886780951416190621e-01
9.450376471701357195e-01 5.344916046169828627e-01
1.962963699973042098e-01 4.396395661828744750e-01
3.232028516783346239e-01 2.446979494625569074e-01
4.549472969654736465e-01 1.097134305477754507e-01
5.370869868522130108e-01 0.000000000000000000e+00
5.661962428672372843e-02 4.553973920346152671e-01
4.171307952875519809e-01 3.170945298548232816e-01
6.924702656064735118e-01 4.134822805818665348e-01
7.335926746649225061e-01 5.108627946922364993e-01
0.000000000000000000e+00 4.867220412228160931e-01
4.402443630618446679e-01 3.558201123163427515e-01
7.011636193246713056e-01 4.746151562626014786e-01
7.170231514890287317e-01 5.788048982086176908e-01
1.937776102400903463e-02 5.399507973260357918e-01
4.350365733603562823e-01 4.283266315789286960e-01
6.329864602348714842e-01 5.147622518675850634e-01
6.376691719725134933e-01 6.073879394219073857e-01
