1.695504454472000211e-01 1.000000000000000000e+00
5.207806006015535116e-01 9.289574695465765419e-01
8.235092659424114725e-01 7.784255226985770104e-01
1.000000000000000000e+00 6.335952271543991987e-01
8.403979102794886247e-01 5.468119286360196840e-01
5.798600206984235728e-01 5.437576278474662850e-01
7.299595162304799434e-01 3.988564552404761376e-01
7.848989522358578164e-01 4.223309252697544092e-01
7.774051289819542410e-01 4.849564092889528943e-01
4.074529892217913507e-01 4.917999981029187451e-01
5.052971978094518146e-01 2.381783514574853655e-01
6.143034070371646838e-01 9.709841425087423206e-02
6.662192086999240148e-01 0.000000000000000000e+00
2.149678282312247890e-01 4.858750445287123298e-01
3.780719451339095705e-01 3.032251830156424965e-01
4.398855090378226973e-01 4.311807433607426354e-01
4.273377258856928540e-01 5.594538672000978208e-01
0.000000000000000000e+00 5.112387571588468127e-01
1.808830868372814649e-01 3.674984928743521007e-01
2.834767963007480129e-01 4.494639955060253378e-01
3.244841634906032168e-01 5.589528533155709855e-01
