4.595988555088045269e-01 1.000000000000000000e+00
1.053476661933398367e-01 8.253291280477172975e-01
0.000000000000000000e+00 6.011706088855244268e-01
8.141944064546947912e-02 4.249758919119683287e-01
2.604658124971371280e-01 3.669202989555671590e-01
5.625012269416761468e-01 4.801380778603409061e-01
5.162353012387203011e-01 2.768252261272099446e-01
3.867230187345814252e-01 3.444352378959285588e-01
3.383993755139522164e-01 4.366427007867125232e-01
8.007464440503689884e-01 5.097656578185600917e-01
7.982166266411026001e-01 2.447575956025625499e-01
8.178009333481657261e-01 9.691920566277656413e-02
8.748216844764067357e-01 0.000000000000000000e+00
9.401511483083473397e-01 5.659133348332466840e-01
7.850523604176617987e-01 4.105332977485806056e-01
6.377216129320742999e-01 4.214266183406521482e-01
5.485345408620655450e-01 4.772783861689078311e-01
1.000000000000000000e+00 6.307871686269922451e-01
8.384793993766045395e-01 5.168221972042692514e-01
7.220045991227094229e-01 5.288342334631828123e-01
6.651057242009610349e-01 5.808288163174276653e-01
