9.559421916220969817e-02 1.000000000000000000e+00
1.051761591632675574e-01 6.651632607281365850e-01
2.023785036423311479e-01 3.580653906609561621e-01
3.975935962031044713e-01 1.896986537122777317e-01
5.756714363970816262e-01 1.625189883388907242e-01
0.000000000000000000e+00 3.717313966260635816e-01
1.417801102829391036e-01 1.352835425332793162e-01
3.470711178651618156e-01 1.832737075833797483e-02
5.128070060938020314e-01 0.000000000000000000e+00
3.645022188665052176e-02 5.161087490508329267e-01
4.522964580104220644e-01 2.528223099336752711e-01
5.574410671097698167e-01 2.182528369048137851e-01
5.585623316363317326e-01 2.222340402986632268e-01
1.734269895949745177e-01 6.844237041645790942e-01
6.717862316139682211e-01 4.238882999843655019e-01
7.448428791351076050e-01 4.772423833719131592e-01
6.838739271818338183e-01 5.751276452220560609e-01
3.586976257339642982e-01 8.432981710016126398e-01
7.151994288819801815e-01 6.399682991206684379e-01
8.967084931844129247e-01 5.539364790831375895e-01
1.000000000000000000e+00 5.264951055169846406e-01
