8.913231756531871941e-01 6.382984566629079648e-01
9.872637321610813199e-01 4.286068702201991099e-01
1.000000000000000000e+00 2.847555479038226256e-01
9.254563471118396611e-01 4.558408595460317070e-01
8.131103340526238954e-01 6.072327800238075390e-01
6.086434755714867917e-01 0.000000000000000000e+00
5.559924290869171504e-01 1.504110934536604105e-01
6.519614761534847647e-01 4.122155197760113965e-01
7.385563059899176164e-01 5.500205627500820427e-01
4.768716773709373302e-01 2.939850148093341442e-01
2.831788612570725894e-01 3.289799998984555551e-01
1.632064361654211315e-01 4.507294814448297715e-01
0.000000000000000000e+00 4.865031277996841874e-01
4.279678804358297839e-01 5.811785525208639225e-01
4.559088842290265342e-01 7.970094237860476660e-01
6.676591152413454688e-01 7.874529376115546597e-01
7.694580222908155021e-01 6.426921001652866616e-01
4.455921729683225974e-01 8.469016712830925719e-01
5.380661036954230703e-01 1.000000000000000000e+00
6.960721071337230281e-01 9.770368777114097902e-01
7.597486704543190417e-01 8.423977135883544687e-01
