1.615435797181221378e-01 1.000000000000000000e+00
5.204562325882529095e-01 9.708640966219490576e-01
8.728715753821885137e-01 7.994004283576204850e-01
1.000000000000000000e+00 6.248721894071245231e-01
7.980556311250861512e-01 5.439444354001118365e-01
6.960459912648652159e-01 5.299677566149083585e-01
7.693801576204666315e-01 3.249201002045800091e-01
6.741459412835291154e-01 4.499338031422894790e-01
5.899379345687369991e-01 5.749339192171073476e-01
4.670463244737724784e-01 5.057241990971969026e-01
5.199893710576429795e-01 2.550180365604886035e-01
4.804911984343399056e-01 1.256132843548104783e-01
4.375483732867684328e-01 0.000000000000000000e+00
2.458675768753018354e-01 5.340901476623191035e-01
2.494529996182859866e-01 3.903236415177581686e-01
2.196062862601939891e-01 5.510686434216295337e-01
2.075261453001727152e-01 6.734721047287121065e-01
0.000000000000000000e+00 5.849500763430186545e-01
9.702336891076539585e-03 4.894191816495634395e-01
6.362339379598757651e-03 6.186681736680634813e-01
1.488104652903873403e-03 7.231064788271468480e-01
