0.000000000000000000e+00 1.000000000000000000e+00
2.010549660233411917e-01 8.668775713092128354e-01
3.844450682684690812e-01 6.245696857846921857e-01
5.089441463694783785e-01 5.212612238638647533e-01
5.825075300835433900e-01 5.342899617145939750e-01
4.207369101773927866e-01 1.279573360972153205e-02
6.592421426633713333e-01 1.657588865504003028e-01
8.286807075201060302e-01 2.581211066809090959e-01
9.564633768557029292e-01 3.088919045403107355e-01
4.436294007707466402e-01 0.000000000000000000e+00
7.163365721277091813e-01 1.666538872378454383e-01
8.720229641285451860e-01 2.562193954713229416e-01
1.000000000000000000e+00 2.539928003342040719e-01
4.593030256668415023e-01 8.529277230759468864e-02
6.578037377425289822e-01 5.755346868951805028e-01
5.387931078366828830e-01 7.744214884773619190e-01
4.363937825292065753e-01 7.871924344018698116e-01
4.706892950038822354e-01 2.809046249193574152e-01
5.994947950955584748e-01 7.167702902076084071e-01
5.129436543444761964e-01 8.810481951921145249e-01
4.373946776333819675e-01 8.786563488202383532e-01
