1.000000000000000000e+00 1.000000000000000000e+00
9.381645154755079430e-01 5.550696551282446878e-01
7.430221033434458722e-01 2.360686185441805418e-01
5.545820172482541777e-01 1.848879326908251519e-01
4.105448657397709478e-01 2.504804578997431030e-01
6.138621993936586030e-01 1.557129539799372367e-02
2.960715687307874378e-01 1.408675046314196433e-02
1.289608035315141510e-01 1.604333253474454421e-02
0.000000000000000000e+00 0.000000000000000000e+00
5.498238713827037216e-01 1.309860357657082752e-01
3.386370543486595386e-01 4.177329408388028575e-01
4.273174036931652320e-01 5.548737241358043804e-01
5.209692629384162776e-01 5.455496860597234265e-01
4.980752724510683072e-01 3.315707450833418335e-01
3.423999932321596940e-01 6.109372665017304138e-01
4.436834777491756587e-01 7.159975520486174805e-01
5.348333018468088840e-01 6.763016008937868806e-01
4.634452763302802647e-01 5.485664540522846577e-01
3.491134350532517638e-01 7.489360188055800283e-01
4.433873847358346110e-01 8.478833048292482300e-01
5.305120161381512434e-01 8.323684641239915694e-01
