0.000000000000000000e+00 1.000000000000000000e+00
1.407320887958058916e-02 6.605860966298853221e-01
1.010441629578911343e-01 3.417945290499397326e-01
1.793348201999046820e-01 1.128644475481772741e-01
2.830034033469601695e-01 1.076866457603908173e-01
4.090407696800048565e-01 3.803632457856528370e-01
5.084380517013378231e-01 1.652792859758629718e-01
4.024244651643608672e-01 1.555732248218256453e-01
3.013744285800591949e-01 2.045586101173410831e-01
4.947205328553879733e-01 5.364024545942768230e-01
7.139214595458176493e-01 2.682795576786946024e-01
8.651376778030623882e-01 1.091654724766848994e-01
1.000000000000000000e+00 0.000000000000000000e+00
5.261278201797665588e-01 7.479495523264214629e-01
6.054733807251075905e-01 5.681796909857360633e-01
4.261284914513562838e-01 6.112186917008869402e-01
2.924796604708299053e-01 6.708435600522323350e-01
5.096104275328755540e-01 9.805782454176272811e-01
5.776677172067046229e-01 8.226460220978911719e-01
4.305692886534963071e-01 7.870040628206025346e-01
2.985297474005007556e-01 7.994529595162780389e-01
