2.733859653623105582e-02 5.831157889839196917e-01
0.000000000000000000e+00 3.158946127101290302e-01
1.501027054651936088e-01 1.856180890549851414e-01
3.181959355866050831e-01 3.085485097588927528e-01
4.043375053523260987e-01 5.028107671574777449e-01
7.216835803460611709e-01 0.000000000000000000e+00
1.000000000000000000e+00 4.754816024779284778e-01
9.865186497733771098e-01 7.590973972778014556e-01
9.307465237011852688e-01 9.199450641665821715e-01
7.673878083383814941e-01 2.415955320184847710e-01
9.521439889184650784e-01 7.654293087490217085e-01
6.932607061321378605e-01 8.413003585396749973e-01
4.361363407650916124e-01 7.634937040920494189e-01
7.244596863783546725e-01 4.905964343221008161e-01
9.392439457052146334e-01 9.367728327403830324e-01
7.694210016397357021e-01 9.719119918864681518e-01
5.885526323578451624e-01 9.138441291274574940e-01
6.420780640463782385e-01 6.939083150961653512e-01
8.191673457790125124e-01 9.508324844810979171e-01
7.333148509537499304e-01 1.000000000000000000e+00
6.228244890871743600e-01 9.752819214137308235e-01
