1.052473607583004206e-01 8.501577129676720634e-01
1.864949579073508709e-02 8.030739770804494748e-01
0.000000000000000000e+00 7.003668598087032793e-01
1.111658014529680327e-01 7.165816723261504428e-01
2.419284282038574596e-01 6.695970723904184352e-01
2.480999611689650997e-01 3.077471176546607845e-01
4.003034858963689935e-01 2.211808260036683682e-01
3.896607632145159261e-01 3.874293828738344381e-01
3.384677125886746407e-01 5.121540919905371858e-01
4.213178527369134674e-01 4.388652032566890404e-01
6.558251851861368609e-01 2.544217108707276243e-01
8.336025918190171913e-01 1.456539958968100235e-01
1.000000000000000000e+00 0.000000000000000000e+00
5.063891345047308867e-01 6.191344393022288894e-01
5.988744459993274871e-01 6.777127534994301650e-01
4.448726171828453757e-01 8.240215172067805183e-01
3.241251213670580111e-01 8.681959130838931005e-01
5.417687359743361686e-01 8.159459123334777964e-01
5.914474083576335417e-01 8.879766993196045455e-01
4.790098824823212920e-01 9.867678653814905276e-01
3.782093015263583990e-01 1.000000000000000000e+00
