1.000000000000000000e+00 5.411119935542989534e-01
8.677427781987073763e-01 8.399657991385207634e-01
6.660183957305854108e-01 1.000000000000000000e+00
5.271930638625738075e-01 9.565513397131222284e-01
5.334040113504499026e-01 7.164074277743334163e-01
4.761799294788616743e-01 6.634346385343889985e-01
3.235020023611252515e-01 6.805580967861352137e-01
4.332751500986093962e-01 7.020197380820735189e-01
5.482450283058710738e-01 6.904088659926447269e-01
4.838099608086351977e-01 4.482202611570173523e-01
2.650630637733152328e-01 4.817881163520115750e-01
1.252007090977632631e-01 5.402314415147497773e-01
0.000000000000000000e+00 5.778033305291496724e-01
5.347980686144205853e-01 2.163439769664806944e-01
3.873714521142269662e-01 2.881682890633584515e-01
5.341938433166245614e-01 4.004118921080961346e-01
6.604274753047252311e-01 4.428453394693309675e-01
6.154289194578526079e-01 0.000000000000000000e+00
4.919533359382043392e-01 1.102569795262890312e-01
5.999374677211596341e-01 2.581253953160538295e-01
7.053284872881426804e-01 3.164300548079818087e-01
