3.610205619800306298e-01 0.000000000000000000e+00
6.579457173913103585e-01 1.738992333977736893e-01
7.763674656426133858e-01 3.762741564956116891e-01
7.400795995829311247e-01 5.577715539190724048e-01
7.143111790664002925e-01 6.798106190652845049e-01
1.000000000000000000e+00 4.313684782934286699e-01
8.954327531884258562e-01 6.075377943883887299e-01
8.114266560341980572e-01 6.687840587290578842e-01
7.338769879482389680e-01 7.028764288824934647e-01
8.062866454109558489e-01 3.326121043426967794e-01
5.606359330752348491e-01 6.391611155018629420e-01
4.437968763017831053e-01 8.441606201021675249e-01
3.301846501069936046e-01 1.000000000000000000e+00
5.252083337369870542e-01 2.332718500067973433e-01
2.412862703590229474e-01 5.359717783466553254e-01
2.455084417131929431e-01 4.947913906445495780e-01
3.047090745683512236e-01 4.106090420813238717e-01
2.405876496367255202e-01 1.578831916643816946e-01
0.000000000000000000e+00 4.196372982974379551e-01
2.114379491108501347e-02 4.055951363270836052e-01
1.136573431431787684e-01 3.385852421582836724e-01
