1.383398864110995385e-01 1.000000000000000000e+00
6.445029584759810470e-01 9.293009937684334476e-01
9.645895794371251997e-01 6.918461420442466592e-01
1.000000000000000000e+00 4.838196649438540331e-01
8.618792291360264368e-01 3.804982733331281342e-01
4.178923780661092935e-01 3.603438055058448830e-01
8.333093246605851601e-01 2.699716578792961674e-01
9.458153798808653923e-01 4.109995051173229164e-01
8.799375791152341808e-01 5.123443962391468487e-01
2.035241402835486768e-01 3.657478031307908051e-01
6.195567408156008593e-01 2.580684775364252559e-01
7.442245827005571357e-01 3.709556339195106966e-01
7.032891715227015395e-01 4.722697443914227189e-01
7.289615579123721878e-02 4.048159436749193540e-01
4.393425668108934534e-01 2.790643894514553414e-01
5.824357543312769225e-01 3.613279888768619053e-01
5.595303986829432974e-01 4.669655845221495349e-01
0.000000000000000000e+00 4.549120096048386297e-01
1.760039598914525105e-01 2.118164841703729651e-01
2.967798170031500926e-01 7.980593198943633504e-02
3.398789213922766561e-01 0.000000000000000000e+00
