1.000000000000000000e+00 1.000000000000000000e+00
5.143569365715497943e-01 9.631478985418453487e-01
2.031210802750860189e-01 8.298099615298613063e-01
0.000000000000000000e+00 7.200115334265145828e-01
1.369655860805699676e-01 6.535638357158235490e-01
4.676613224384025824e-01 5.571243830897537608e-01
2.170722987935845005e-01 4.508539996967802499e-01
2.014466523828092326e-01 5.794162258557823408e-01
3.288824853660459735e-01 6.970225621790837600e-01
5.364813650736925954e-01 5.289770418353240133e-01
2.232252805917887828e-01 4.470923096413492170e-01
2.662752794160677672e-01 6.188012159249898225e-01
4.245212897923399953e-01 7.343452426692474999e-01
6.368884411788042765e-01 4.897737759233837251e-01
2.723568377355387038e-01 3.834371064806642027e-01
2.858043195360692734e-01 5.461451287195473459e-01
4.502988783370199810e-01 6.696654614028274555e-01
7.889515423133184324e-01 4.463536442097145174e-01
6.728084151947415492e-01 2.264374726981087660e-01
5.766221145951992977e-01 1.050114676596766855e-01
5.097116440515370162e-01 0.000000000000000000e+00
