2.526292555746841306e-01 1.000000000000000000e+00
6.725918414119532729e-01 9.343496641300084171e-01
8.804457282385304007e-01 7.858172222598378553e-01
1.000000000000000000e+00 6.563718821152538796e-01
8.422540022535142112e-01 5.825223549132982903e-01
4.804931339521388844e-01 5.646083724838840689e-01
6.223310788646581049e-01 4.482896179033910022e-01
7.123907306393161276e-01 5.484866861862820464e-01
6.837901963540176098e-01 6.732862760159864512e-01
3.814527884282254977e-01 5.375766034348280487e-01
6.251734298444612259e-01 4.248818382827014295e-01
6.892831840306483659e-01 5.813897322376279098e-01
6.193231564586487714e-01 7.179414046885008727e-01
2.372309884477205866e-01 5.005273264690034418e-01
5.085670764082254047e-01 3.567756847295948108e-01
6.084215851858141288e-01 5.044738229203725721e-01
5.389547861781969207e-01 6.425863560655279416e-01
4.220340960117578005e-02 4.667995053548534834e-01
0.000000000000000000e+00 2.423894985116575862e-01
2.448502618082615614e-02 1.079909269245812736e-01
3.417195053223744117e-02 0.000000000000000000e+00
