2.681287307995070535e-01 1.000000000000000000e+00
7.624353426442329607e-01 9.052001275041891004e-01
9.986026765530633398e-01 6.379199191238658084e-01
1.000000000000000000e+00 4.056362945992057489e-01
8.364785678713307915e-01 3.780720279170840525e-01
2.815187089544433641e-01 3.380595224687296674e-01
6.574744509800771741e-01 1.365065584892605766e-01
7.911758794826558860e-01 2.941572131432083070e-01
7.237343682225960695e-01 4.138305598383911210e-01
6.537732814839561368e-02 3.596450137586819085e-01
4.880589826554194710e-01 1.972222130939154383e-01
6.242131039563399986e-01 3.323678406233485094e-01
5.635646108001758359e-01 4.349861576696249510e-01
0.000000000000000000e+00 4.006405382660446213e-01
3.812745543859464847e-01 2.553259437864263126e-01
5.400837082643059617e-01 3.488132819452813282e-01
5.090140804434715172e-01 4.453851579507435710e-01
1.875419860943039127e-02 4.259343460973949447e-01
1.614362662153615846e-01 1.783978686366282929e-01
2.194243696225423590e-01 6.694537544875170387e-02
1.923481951675952151e-01 0.000000000000000000e+00
