1.000000000000000000e+00 1.000000000000000000e+00
4.397043776615668365e-01 9.931095446293716211e-01
1.398713312303991908e-02 7.534291453197584643e-01
0.000000000000000000e+00 5.736846798268022685e-01
2.458119679313418571e-01 5.461807300226593220e-01
3.738375731339504404e-01 3.132944160784909005e-02
2.117931798635137516e-02 2.202454504291818382e-01
3.806391284090567678e-02 4.304016070940245853e-01
1.487819110685942026e-01 5.066779694442505866e-01
6.477979551858381591e-01 0.000000000000000000e+00
2.897468256961673316e-01 2.214026356202912493e-01
2.822263292662395284e-01 4.092454104405972015e-01
3.862627588808074663e-01 5.119360957580060267e-01
8.487786320313326360e-01 8.757723571581677025e-02
5.490744631840789314e-01 2.979472443766984502e-01
5.140126639355494520e-01 4.450384225720409037e-01
5.989003316232310858e-01 5.569451105758878029e-01
9.756581239861086274e-01 2.207342549915564389e-01
7.114195980063453550e-01 3.842095759496233498e-01
6.911908745534962595e-01 5.411096310643247476e-01
7.692688301569631237e-01 6.553426115128874185e-01
