1.000000000000000000e+00 4.515162076992750850e-01
7.928481224944335937e-01 6.926665334540278440e-01
5.678046270127338202e-01 8.944663719094702037e-01
4.137064286844944205e-01 1.000000000000000000e+00
4.334495769693952338e-01 8.989474124414235101e-01
0.000000000000000000e+00 6.392543581788752149e-01
1.242010603483682946e-01 8.273604358739697906e-01
4.034953980211386515e-01 7.926575741424575217e-01
5.178629580274702882e-01 7.315423295622525135e-01
5.339578552316957827e-02 4.597724833369959963e-01
2.987930047410946588e-01 6.393932482794175698e-01
5.795355414742928701e-01 6.436020475973466271e-01
6.533323291891466322e-01 5.991126265779708193e-01
2.235047839799952085e-01 3.133186190142071004e-01
3.825640124485986115e-01 4.495468208499104890e-01
6.355904960542014814e-01 5.073113936825359715e-01
7.863906385868901783e-01 5.024140982729853322e-01
4.430790407912656437e-01 1.995528098796696681e-01
3.924855148714451181e-01 1.396638970346617270e-01
3.551949469233091627e-01 7.751480051961237572e-02
3.194244022378469050e-01 0.000000000000000000e+00
