7.318712692004929465e-01 1.000000000000000000e+00
2.375646573557670116e-01 9.052001275041891004e-01
1.397323446936625741e-03 6.379199191238658084e-01
0.000000000000000000e+00 4.056362945992057489e-01
1.635214321286691530e-01 3.780720279170840525e-01
7.184812910455565804e-01 3.380595224687296674e-01
3.425255490199228259e-01 1.365065584892605766e-01
2.088241205173440862e-01 2.941572131432083070e-01
2.762656317774039305e-01 4.138305598383911210e-01
9.346226718516044141e-01 3.596450137586819085e-01
5.119410173445805290e-01 1.972222130939154383e-01
3.757868960436599459e-01 3.323678406233485094e-01
4.364353891998241641e-01 4.349861576696249510e-01
1.000000000000000000e+00 4.006405382660446213e-01
6.187254456140535153e-01 2.553259437864263126e-01
4.599162917356940938e-01 3.488132819452813282e-01
4.909859195565284828e-01 4.453851579507435710e-01
9.812458013905696053e-01 4.259343460973949447e-01
8.385637337846384431e-01 1.783978686366282929e-01
7.805756303774576965e-01 6.694537544875170387e-02
8.076518048324048404e-01 0.000000000000000000e+00
