0.000000000000000000e+00 9.582634250121347952e-01
3.387643117049478625e-01 1.000000000000000000e+00
6.781020657921082995e-01 9.224929000117783051e-01
9.203415444416016555e-01 8.520056641453367385e-01
8.436166185047634380e-01 7.515411345086628891e-01
6.905875410701007855e-01 5.499772092622825514e-01
9.266273657242447559e-01 5.003270985832770634e-01
8.169157361682065632e-01 6.773425207559446992e-01
6.602674497217995153e-01 7.781598710831225674e-01
6.355491467746312573e-01 5.217433144968633973e-01
9.173311777485695373e-01 4.958228248578021580e-01
7.513093174187902568e-01 7.055047950338902973e-01
5.538643878742686155e-01 7.922832621970059552e-01
5.558345269758949714e-01 4.781397476275713321e-01
8.662916041869983541e-01 4.518446765009271893e-01
7.392647405747211353e-01 6.490260194695752771e-01
5.532517037019826223e-01 7.406964405779710159e-01
4.492761444767454648e-01 4.282770994547652754e-01
6.771311745104358071e-01 2.166017980122673936e-01
8.545305927257429435e-01 1.051564110107520572e-01
1.000000000000000000e+00 0.000000000000000000e+00
