7.573026208138150528e-01 2.469620329911514089e-01
4.925661059412981824e-01 1.323269633262224021e-01
2.175995412659210426e-01 1.114478395805124644e-01
3.939933405306354081e-02 2.198479694411668017e-01
0.000000000000000000e+00 3.645401523404284139e-01
5.012075324736906534e-01 0.000000000000000000e+00
3.902707901774835064e-01 2.593946017713315566e-01
3.061095144697253967e-01 3.762728268952260646e-01
2.558842997199115565e-01 4.158199335155819965e-01
7.175771927490269819e-01 1.328430701025407612e-01
5.334329278254322793e-01 4.517505774285456299e-01
3.746864243966515629e-01 5.480986773390391642e-01
3.065829143580217075e-01 5.561092805705520892e-01
8.783888286954438795e-01 2.921482918873532508e-01
7.426982213042128134e-01 6.015064405050779550e-01
5.748420737195303332e-01 6.870317125440981165e-01
4.760823581066750965e-01 6.975761320733762094e-01
1.000000000000000000e+00 4.583441596656823158e-01
9.375943900947227849e-01 7.226521706720605565e-01
8.645089098030700470e-01 8.873244602597386566e-01
8.161464601309583733e-01 1.000000000000000000e+00
