0.000000000000000000e+00 3.507307669776246750e-01
3.550275335732780424e-01 2.827480929372084284e-01
7.001739230964091343e-01 2.375572830880937070e-01
9.336155545845935544e-01 2.868904058291762427e-01
1.000000000000000000e+00 4.035849446823137066e-01
5.591721056595562178e-01 0.000000000000000000e+00
8.697254236577347530e-01 2.588585490042881188e-01
8.457760602706717590e-01 3.967909171734851914e-01
7.598228013236063560e-01 4.189796481793210403e-01
3.738642719796800851e-01 1.220324374639730342e-01
7.246718611244760133e-01 4.798295885780459735e-01
6.555077063969583229e-01 5.437128341628100214e-01
5.753051871472588674e-01 4.667880269243055991e-01
2.161526896308625378e-01 3.022297641291271653e-01
5.469549857104240020e-01 6.115835231846209474e-01
5.480906712275434023e-01 6.597435543073937314e-01
5.404686572898939056e-01 5.975828066099643232e-01
7.710601941659540881e-02 4.767105145193755167e-01
2.484193059737398179e-01 7.861345069535899954e-01
2.927810864158071347e-01 9.310609221157142290e-01
3.262940099389484150e-01 1.000000000000000000e+00
