7.739736185198163865e-01 1.000000000000000000e+00
9.582381774368692318e-01 7.679272743241764010e-01
9.702407558826201539e-01 5.591850677436868144e-01
7.649976854555758932e-01 4.310415312136539612e-01
5.502552055618286087e-01 4.216931991147973013e-01
1.000000000000000000e+00 3.733048993050893660e-01
6.329809169056920259e-01 2.923549104430354650e-01
5.574973501711032453e-01 3.843072457325910629e-01
6.168024676937187145e-01 4.750353288275354635e-01
7.702547729367026363e-01 3.710364122840231760e-01
4.683061428441641083e-01 3.053966156399559040e-01
4.133584255906414540e-01 4.119982413945747490e-01
4.697062908019571936e-01 4.995968046749538205e-01
5.240760208871411141e-01 4.139076993629496881e-01
2.800015574504536309e-01 3.238745436501052621e-01
2.469168105145210512e-01 4.264562843577142659e-01
3.079307972848446817e-01 5.079877259666337741e-01
2.785678377828827434e-01 4.853482791328526669e-01
1.668289010889174306e-01 2.508238644030069131e-01
7.421978221651157059e-02 1.147297283933483431e-01
0.000000000000000000e+00 0.000000000000000000e+00
