1.000000000000000000e+00 1.000000000000000000e+00
5.509513679186277546e-01 9.727745071762682327e-01
2.234768273040168285e-01 8.450012901226584550e-01
0.000000000000000000e+00 7.201716144276322229e-01
1.784471374209875838e-01 6.592703278660871913e-01
4.428117804435900418e-01 5.850642218686099572e-01
2.465716976142560413e-01 4.614134621331819064e-01
2.028124812821107403e-01 5.815527766375967467e-01
2.772816674089307321e-01 7.106131487552034276e-01
5.362396672157926369e-01 5.499075984788422966e-01
2.964852540722996421e-01 4.198596421518371313e-01
2.976110778122266209e-01 5.921670811927605138e-01
4.093477597411461222e-01 7.257992669104467165e-01
6.741879135507535814e-01 5.139375418196540091e-01
3.916827581092517385e-01 3.797768119038649193e-01
3.566508149488856194e-01 5.460522246650210132e-01
4.721318896603092785e-01 6.838615339152317452e-01
8.568928487170783814e-01 4.878402034707735591e-01
7.666423682148543195e-01 2.545700955190572934e-01
6.603363698927920966e-01 1.173404043300639854e-01
5.813869105367404089e-01 0.000000000000000000e+00
