1.000000000000000000e+00 1.000000000000000000e+00
5.722439018644212005e-01 9.924673598800146657e-01
1.650640418874246007e-01 8.834552083205486905e-01
0.000000000000000000e+00 7.335136303251917900e-01
1.489242073538580291e-01 6.306056111535149888e-01
2.376489143211004684e-01 6.087119241323349916e-01
5.434179007655746269e-02 4.948849480338560203e-01
1.316769020941188084e-01 6.092617326004418077e-01
2.311452320072291677e-01 7.057656249927176662e-01
4.301149161267089349e-01 5.487834225367407281e-01
2.372126570967733883e-01 4.311355960667954124e-01
3.118871048759001563e-01 5.863153464608973353e-01
4.321077323963689043e-01 7.033846234153778854e-01
6.659582219552232507e-01 5.002988292140162496e-01
4.502368073207075327e-01 3.685638502563468588e-01
4.407253901704558108e-01 5.192573561933927495e-01
5.127782980330983786e-01 6.468178922185866542e-01
9.232267216594770565e-01 4.695025639344598267e-01
9.182793880451216584e-01 2.483226491726384655e-01
8.969694636770636498e-01 1.168306485829032348e-01
8.781973615903490016e-01 0.000000000000000000e+00
