0.000000000000000000e+00 9.123887737824502020e-01
2.932107522591704263e-01 1.000000000000000000e+00
5.691532722272619749e-01 9.776604531747383753e-01
7.733464613151049827e-01 9.349596613652538801e-01
7.471893260511628387e-01 8.116374927925322780e-01
6.317904090246398985e-01 4.690509051175809074e-01
8.773569907005319690e-01 5.329385502052679247e-01
7.315074731414956677e-01 7.027835205677097630e-01
5.921614540803649129e-01 7.396907678370178152e-01
5.716987445072821972e-01 4.210776494124809366e-01
8.463879281514286035e-01 5.345840020722918418e-01
6.663410949859049914e-01 7.427428116123034885e-01
5.041233883950609895e-01 7.870835412079170146e-01
5.161845091000208940e-01 3.821362075730637686e-01
7.949422438105505639e-01 4.960856918247860681e-01
6.424131608970505836e-01 7.054327857976324667e-01
4.796933777916316255e-01 7.668340816818347561e-01
4.611891994499727199e-01 3.484885340327192882e-01
7.090772666849431971e-01 1.861632661705748260e-01
8.683081745028140563e-01 9.285925270919953567e-02
1.000000000000000000e+00 0.000000000000000000e+00
