0.000000000000000000e+00 1.000000000000000000e+00
5.192482103067045385e-01 8.665940833109709862e-01
6.677339759892181315e-01 6.746618037280741609e-01
7.816226824980432308e-01 5.443128332881210785e-01
8.537814379716018864e-01 4.855120892234190411e-01
3.393844768200084822e-02 3.436104101788285403e-01
7.073285818861815288e-01 2.973476608685288181e-01
8.555726977680221390e-01 4.672449936861254871e-01
8.085324446868510373e-01 5.869417229748257192e-01
3.954447786615870181e-02 3.460270118300145525e-01
8.223198326377615386e-01 2.848787641038502683e-01
9.306824686202613828e-01 4.792565275664419366e-01
8.559824399328611610e-01 6.108174548102802692e-01
1.589380049752070478e-01 3.861016522828293884e-01
9.064632739979093801e-01 3.154601085240596459e-01
1.000000000000000000e+00 4.922469496345118767e-01
9.201765596424127391e-01 6.217084313440180976e-01
3.446342983070074806e-01 4.449133642824082413e-01
6.343784028827976762e-01 2.521115102626966809e-01
7.757914848276890041e-01 1.158166395271211374e-01
8.910884075931979620e-01 0.000000000000000000e+00
