0.000000000000000000e+00 4.625904030299073932e-01
1.635784162895669303e-01 7.026772241636330962e-01
3.734571830292844896e-01 9.042689081475131507e-01
5.114288764302150625e-01 1.000000000000000000e+00
4.825482789466744027e-01 9.209017132103863856e-01
1.000000000000000000e+00 6.752622974755463359e-01
8.271810940735163653e-01 8.514624707534830250e-01
5.398804736072047028e-01 8.124444361028638761e-01
4.614887309640033908e-01 7.429132829213589417e-01
9.517277609152463569e-01 4.887283778640333920e-01
6.801441646539140296e-01 6.506594801496295988e-01
4.227825136849099885e-01 6.643762587698149868e-01
4.205199152617358771e-01 6.164060367405531649e-01
7.805015507376350525e-01 3.357148239302406023e-01
5.835594409466663413e-01 4.567725645659039824e-01
3.520085948484569793e-01 5.134191037959129345e-01
2.626204012337398086e-01 4.937631811157409678e-01
5.663477659730543623e-01 2.109752721509676465e-01
5.875343300145512426e-01 1.706914639777581677e-01
6.166826602243360433e-01 1.004012882957902447e-01
6.699704637713094213e-01 0.000000000000000000e+00
