5.730553074923290247e-01 1.000000000000000000e+00
1.882439659949275146e-01 8.565773038402028083e-01
0.000000000000000000e+00 6.042503761697777254e-01
3.636698413350479553e-02 4.115575786989774665e-01
1.873809482684860861e-01 3.769510241402865836e-01
4.290823969525424109e-01 3.543601462383783041e-01
2.466248044272189299e-01 1.964739693556656619e-01
1.855245365189342188e-01 3.140603058347773979e-01
2.353570913401663023e-01 4.074311978249856026e-01
6.392324483994958895e-01 3.587812251343789338e-01
4.098040440926633554e-01 2.146798258893048983e-01
3.443298014805812324e-01 3.157081500662576312e-01
3.933498218779695188e-01 3.962699476481211236e-01
7.886176758114357144e-01 3.970102680276227924e-01
5.911180597712966112e-01 2.354719352242489183e-01
4.941786483372487271e-01 3.064165663800828554e-01
4.976786016885431096e-01 3.946799171741852685e-01
8.908066838292111322e-01 4.542092219028942002e-01
9.156507374396776200e-01 2.271176951176281655e-01
9.451539263905431865e-01 9.873098802190229117e-02
1.000000000000000000e+00 0.000000000000000000e+00
