0.000000000000000000e+00 9.916168246144599907e-01
3.952507190007166216e-01 1.000000000000000000e+00
8.035712732505261302e-01 9.007196725058917997e-01
8.662548996991636940e-01 7.148776683960310629e-01
7.258201146241247681e-01 5.845610564569186929e-01
7.995325786268173696e-01 6.352177750308207749e-01
1.000000000000000000e+00 5.156720546622264312e-01
8.470204723754346521e-01 6.356045892397852448e-01
7.167505894765902053e-01 7.155414686330634488e-01
6.076383308216367629e-01 5.501693761509716118e-01
7.868567992602942818e-01 4.287863688089898484e-01
6.476663912309330584e-01 5.829788542907752280e-01
5.263465309279032889e-01 6.751751030786594665e-01
3.946609587810739894e-01 4.862870578519942755e-01
5.765476242249825134e-01 3.508674614608967568e-01
4.939872442371218142e-01 5.196865806469379567e-01
3.889774022943733311e-01 6.396751565836640285e-01
1.616829816642999240e-01 4.394938112544737319e-01
2.369232631003726774e-01 2.303640457964189758e-01
2.973401227926535939e-01 1.148247994931155674e-01
3.613477316260099714e-01 0.000000000000000000e+00
