1.000000000000000000e+00 9.123887737824502020e-01
7.067892477408296292e-01 1.000000000000000000e+00
4.308467277727380251e-01 9.776604531747383753e-01
2.266535386848949618e-01 9.349596613652538801e-01
2.528106739488372168e-01 8.116374927925322780e-01
3.682095909753601570e-01 4.690509051175809074e-01
1.226430092994680032e-01 5.329385502052679247e-01
2.684925268585043323e-01 7.027835205677097630e-01
4.078385459196351426e-01 7.396907678370178152e-01
4.283012554927178583e-01 4.210776494124809366e-01
1.536120718485713688e-01 5.345840020722918418e-01
3.336589050140950086e-01 7.427428116123034885e-01
4.958766116049390660e-01 7.870835412079170146e-01
4.838154908999791060e-01 3.821362075730637686e-01
2.050577561894494916e-01 4.960856918247860681e-01
3.575868391029494164e-01 7.054327857976324667e-01
5.203066222083684300e-01 7.668340816818347561e-01
5.388108005500272801e-01 3.484885340327192882e-01
2.909227333150568029e-01 1.861632661705748260e-01
1.316918254971859714e-01 9.285925270919953567e-02
0.000000000000000000e+00 0.000000000000000000e+00
