0.000000000000000000e+00 7.395755661464498143e-01
2.549556145970257592e-01 9.177673259324534705e-01
4.828058385467988711e-01 9.663965423742953975e-01
6.499796148925990336e-01 1.000000000000000000e+00
6.730552414213926138e-01 8.592458637285625977e-01
6.419538828295244803e-01 3.377386861960902653e-01
8.429476049038248098e-01 5.183841166133935641e-01
6.815160276206391199e-01 7.171692416792245783e-01
5.642985811764763548e-01 7.659829152305518418e-01
5.724503328708316907e-01 2.591254125842766820e-01
7.987552410920231161e-01 5.103045041427893835e-01
6.036632474772086754e-01 7.460595920304100570e-01
4.679222040718947762e-01 8.045699737718936539e-01
5.007613447383009175e-01 2.253306540340704600e-01
7.263268900546022699e-01 4.920461833673134278e-01
5.476997908790141034e-01 7.083061753372371649e-01
3.996052435050126417e-01 7.669267099108869612e-01
4.301125913803431344e-01 2.292684548360352237e-01
6.785728964137247576e-01 1.285558507448677779e-01
8.473952386632811473e-01 5.955129341585888025e-02
1.000000000000000000e+00 0.000000000000000000e+00
