1.329673980875706596e-01 1.000000000000000000e+00
5.333045017199623539e-01 9.471889195306074649e-01
8.537430845098386012e-01 8.003836193953397515e-01
1.000000000000000000e+00 6.568061692876684399e-01
9.575951939962951132e-01 5.153232195789599901e-01
7.044111353259923103e-01 5.343357557688029891e-01
8.077774002209360260e-01 4.022710293305988838e-01
7.794232198037797099e-01 5.353201257729416351e-01
7.072673214111421247e-01 6.667165148055561597e-01
5.040029968634743840e-01 5.025752326708425866e-01
6.467397870028305240e-01 3.928486014961344863e-01
5.788480088130758539e-01 5.979475452406375346e-01
4.732764445573731105e-01 7.486121330537403029e-01
2.728462618029417475e-01 4.834742751284666906e-01
4.236521329520250845e-01 3.674310710373632216e-01
3.952831596547690118e-01 5.580152324449256795e-01
3.207047096034362221e-01 7.061196800891618164e-01
2.797594677695773926e-02 4.775045473614321634e-01
1.309866024365613849e-02 2.643184072358663039e-01
0.000000000000000000e+00 1.295236009391866339e-01
3.062996350074377486e-04 0.000000000000000000e+00
