0.000000000000000000e+00 1.000000000000000000e+00
5.619035014190967292e-01 9.170981279665796349e-01
7.900570089655544193e-01 7.856727664180450654e-01
1.000000000000000000e+00 6.962774047757445128e-01
9.731007567742167019e-01 6.261570148007595815e-01
2.731902549420712756e-01 4.975783562323198850e-01
7.675893311166476218e-01 4.282126640303461351e-01
8.368832037299761550e-01 5.603008484716109905e-01
7.245275288779292611e-01 6.928414733610518406e-01
1.895041791181089341e-01 4.935820353248671077e-01
8.241847320614738015e-01 4.492223847236185286e-01
8.331252610578224749e-01 6.277244034101496784e-01
6.947222396368267772e-01 7.379430569577768440e-01
1.923392767443822537e-01 4.909003289136473214e-01
8.349446357471007607e-01 4.149035711671411053e-01
8.275185323642041402e-01 5.810168216917380724e-01
6.524408696776130556e-01 6.958958797583170153e-01
2.447451108175137668e-01 4.908294134828987132e-01
4.657496006895667229e-01 2.568563993257360623e-01
6.045667027084482559e-01 1.194676804106287044e-01
7.220038301810318693e-01 0.000000000000000000e+00
