0.000000000000000000e+00 7.551613095399819509e-01
2.119285277133375056e-01 9.006980869784568799e-01
4.933471464046694233e-01 1.000000000000000000e+00
7.217866828765406861e-01 9.804501496951135708e-01
7.486571498870917551e-01 8.188331433531057524e-01
8.823138060665959292e-01 7.838004237975721988e-01
1.000000000000000000e+00 7.576836055247728741e-01
7.563193995779202705e-01 7.824334635069710719e-01
5.900713677909773525e-01 8.143025324410037014e-01
8.034032219196041158e-01 6.199966299593127061e-01
8.185579733545209624e-01 6.081674631046599666e-01
5.228922656390797563e-01 6.952270552449872909e-01
3.673976224239454136e-01 7.543697737261956249e-01
6.784809319542051131e-01 4.795520537930281768e-01
7.301716560287450086e-01 4.392990115959810038e-01
4.976178896613027702e-01 5.523880551998705535e-01
3.426277718688869323e-01 6.420625446648791090e-01
5.265025455287010159e-01 3.642692433186824896e-01
6.802010828422918598e-01 2.141182894251762447e-01
7.672098524240121842e-01 1.007915732032909767e-01
8.676495398852435148e-01 0.000000000000000000e+00
