1.000000000000000000e+00 9.784298902577178714e-01
4.777958910887886712e-01 1.000000000000000000e+00
6.334877827677862228e-02 7.892050878206433584e-01
0.000000000000000000e+00 5.793463783210732743e-01
1.847835850550418046e-01 4.700597550990430196e-01
3.598829310024780348e-01 1.011821280237232556e-01
3.281709987539945667e-02 1.176996425034567001e-01
1.537638052812060827e-02 3.206029096937687006e-01
6.965880477640068458e-02 4.365011774409703338e-01
6.250741138659192675e-01 2.624025111009477620e-02
3.040421196848147600e-01 2.385782669064311773e-02
2.098948899364567466e-01 1.566096754795350821e-01
2.138517781636989357e-01 2.829627299525181994e-01
8.216485281995429268e-01 6.530756613637730967e-02
5.819310620065608619e-01 0.000000000000000000e+00
4.399155890047243833e-01 1.007958085179223038e-03
3.906526417289253317e-01 6.210394096632062405e-02
9.450589950876252532e-01 1.644046801919565870e-01
7.300125517630235983e-01 3.654162139673708398e-02
6.106369252086385480e-01 4.026758726194177782e-03
5.469726537951252743e-01 2.575632492490446609e-02
