0.000000000000000000e+00 4.995771725327318724e-01
1.310273493309081216e-01 7.070734494710142481e-01
3.073112970613880446e-01 9.044835225680732949e-01
4.249629887153128505e-01 1.000000000000000000e+00
4.202817672229126056e-01 8.981668560240041455e-01
1.000000000000000000e+00 7.410193465466637930e-01
7.843174480990477981e-01 8.580975505697772121e-01
5.102459567120670725e-01 8.140828362006647945e-01
4.369988960928931632e-01 7.530410743816574604e-01
9.805626980001330706e-01 5.488945164834503343e-01
6.577341835952303928e-01 6.463679167371602086e-01
4.119589888665054489e-01 6.637770670097612458e-01
4.229167148724786718e-01 6.305240907337056333e-01
8.294442680690593539e-01 3.818465717405739590e-01
6.190244255076844393e-01 4.459741783017221461e-01
3.843565684628643120e-01 4.995255478601506316e-01
2.954251450809304291e-01 4.879731230720157353e-01
6.294871826195208575e-01 2.454108541542815436e-01
6.818485392309557858e-01 1.773954817712077303e-01
7.352081693437479970e-01 1.008608347281579887e-01
8.151664850295623488e-01 0.000000000000000000e+00
