0.000000000000000000e+00 1.000000000000000000e+00
5.602956223384332191e-01 9.931095446293716211e-01
9.860128668769601035e-01 7.534291453197584643e-01
1.000000000000000000e+00 5.736846798268022685e-01
7.541880320686581429e-01 5.461807300226593220e-01
6.261624268660495041e-01 3.132944160784909005e-02
9.788206820136485797e-01 2.202454504291818382e-01
9.619360871590942885e-01 4.304016070940245853e-01
8.512180889314058252e-01 5.066779694442505866e-01
3.522020448141617854e-01 0.000000000000000000e+00
7.102531743038326129e-01 2.214026356202912493e-01
7.177736707337604161e-01 4.092454104405972015e-01
6.137372411191924781e-01 5.119360957580060267e-01
1.512213679686674195e-01 8.757723571581677025e-02
4.509255368159210686e-01 2.979472443766984502e-01
4.859873360644505480e-01 4.450384225720409037e-01
4.010996683767688586e-01 5.569451105758878029e-01
2.434187601389137257e-02 2.207342549915564389e-01
2.885804019936546450e-01 3.842095759496233498e-01
3.088091254465037405e-01 5.411096310643247476e-01
2.307311698430369040e-01 6.553426115128874185e-01
