8.731688531425301214e-01 1.034782814725496575e-01
5.096292305391468824e-01 4.705387158530898589e-02
1.887530549708544836e-01 1.161765337679222659e-01
0.000000000000000000e+00 2.569278667732585730e-01
1.054294628479242150e-02 4.092399532354452085e-01
4.519524146473186677e-01 0.000000000000000000e+00
2.124182634125893754e-01 3.448971555178363957e-01
2.138479010736321628e-01 3.745356408452503172e-01
2.780752746698258449e-01 3.251897865321679015e-01
6.829660710998317619e-01 1.090906988863087762e-01
4.383946469591504802e-01 5.024223679701337320e-01
3.917980222386253097e-01 5.288157094876922981e-01
3.778194342610450840e-01 4.649591980543981151e-01
8.645675307893716521e-01 2.437635960692310644e-01
6.072976018295226375e-01 6.026237478699104644e-01
5.421924032186760112e-01 6.317967857147445132e-01
5.315600531817220586e-01 5.662757393100158465e-01
1.000000000000000000e+00 3.758364959069596112e-01
8.746065970570540138e-01 6.879103977199496622e-01
7.702401107525692625e-01 8.764757190135938902e-01
7.210320975917731134e-01 1.000000000000000000e+00
