0.000000000000000000e+00 0.000000000000000000e+00
1.411180321849931363e-01 3.040762984452529127e-01
3.111054940500148080e-01 5.274520945000789052e-01
4.122839209635677515e-01 6.884990277982474538e-01
5.470927846640646353e-01 8.010098874986748552e-01
1.000000000000000000e+00 4.527186096480681488e-01
8.076231992146778449e-01 8.044127552352805521e-01
6.375234874323645329e-01 8.776945631685503235e-01
6.034000056207132756e-01 9.033195777127919213e-01
9.537803159005212583e-01 3.962050195086761484e-01
5.606424836847292426e-01 8.076991074360505563e-01
3.292429770255809740e-01 6.899471494579199060e-01
2.649374153297887613e-01 5.744765365829693771e-01
7.899758029936707615e-01 3.632778260431129835e-01
4.383420079127152702e-01 7.396478936059635023e-01
2.138714273341203453e-01 6.164048379965404445e-01
1.367010061569819135e-01 4.934701203099668976e-01
5.553846515412504958e-01 3.428882536826020067e-01
6.423538495394219838e-01 6.272390051997279725e-01
7.202881618081735660e-01 8.280688026663149959e-01
8.075420111339427498e-01 1.000000000000000000e+00
