5.119572789779682775e-01 1.000000000000000000e+00
1.462282217094129366e-01 8.406028005379910795e-01
0.000000000000000000e+00 5.894149817967107019e-01
1.170169289849376099e-01 4.127858037827759619e-01
3.108549297152234381e-01 3.814314787422740660e-01
3.217462202407487259e-01 3.558083661483520399e-01
1.954728419210284007e-01 2.194641400233849349e-01
1.765754060557911120e-01 3.234736243612393869e-01
2.258240725586527220e-01 4.070732826771368273e-01
5.503948133801642717e-01 3.587862002948119522e-01
4.059740281122363181e-01 2.185808543476458476e-01
3.612781368977531771e-01 3.139082906960415920e-01
3.914990490517935018e-01 3.963557955857442971e-01
7.167434276021524830e-01 3.963220872700305986e-01
5.884390203677744013e-01 2.637916934722329132e-01
5.097277725013209526e-01 3.315327874077234616e-01
5.083221746387673878e-01 4.193498193090497983e-01
8.327743172685804218e-01 4.561492355001922627e-01
8.995409133762993781e-01 2.344252005285336060e-01
9.433111805863968469e-01 1.003908726827330150e-01
1.000000000000000000e+00 0.000000000000000000e+00
