1.000000000000000000e+00 7.395755661464498143e-01
7.450443854029742408e-01 9.177673259324534705e-01
5.171941614532010734e-01 9.663965423742953975e-01
3.500203851074009664e-01 1.000000000000000000e+00
3.269447585786073862e-01 8.592458637285625977e-01
3.580461171704754642e-01 3.377386861960902653e-01
1.570523950961751625e-01 5.183841166133935641e-01
3.184839723793608801e-01 7.171692416792245783e-01
4.357014188235237007e-01 7.659829152305518418e-01
4.275496671291682538e-01 2.591254125842766820e-01
2.012447589079768839e-01 5.103045041427893835e-01
3.963367525227912691e-01 7.460595920304100570e-01
5.320777959281052238e-01 8.045699737718936539e-01
4.992386552616990825e-01 2.253306540340704600e-01
2.736731099453976745e-01 4.920461833673134278e-01
4.523002091209858411e-01 7.083061753372371649e-01
6.003947564949873028e-01 7.669267099108869612e-01
5.698874086196568101e-01 2.292684548360352237e-01
3.214271035862752424e-01 1.285558507448677779e-01
1.526047613367188804e-01 5.955129341585888025e-02
0.000000000000000000e+00 0.000000000000000000e+00
