1.000000000000000000e+00 1.000000000000000000e+00
4.807517896932954615e-01 8.665940833109709862e-01
3.322660240107818685e-01 6.746618037280741609e-01
2.183773175019567692e-01 5.443128332881210785e-01
1.462185620283980858e-01 4.855120892234190411e-01
9.660615523179991726e-01 3.436104101788285403e-01
2.926714181138184157e-01 2.973476608685288181e-01
1.444273022319778055e-01 4.672449936861254871e-01
1.914675553131489905e-01 5.869417229748257192e-01
9.604555221338413329e-01 3.460270118300145525e-01
1.776801673622384892e-01 2.848787641038502683e-01
6.931753137973863110e-02 4.792565275664419366e-01
1.440175600671388667e-01 6.108174548102802692e-01
8.410619950247929522e-01 3.861016522828293884e-01
9.353672600209066157e-02 3.154601085240596459e-01
0.000000000000000000e+00 4.922469496345118767e-01
7.982344035758721923e-02 6.217084313440180976e-01
6.553657016929924639e-01 4.449133642824082413e-01
3.656215971172023238e-01 2.521115102626966809e-01
2.242085151723110237e-01 1.158166395271211374e-01
1.089115924068020519e-01 0.000000000000000000e+00
