1.000000000000000000e+00 6.603950382709913303e-01
7.036951674499145604e-01 8.376037774013067594e-01
4.039596744227618719e-01 9.508363055931569052e-01
2.059824512500096072e-01 1.000000000000000000e+00
2.192660163573679488e-01 9.303208942314821206e-01
8.378768256298849137e-02 4.718152888102998266e-01
0.000000000000000000e+00 7.295277424645548736e-01
2.336209500767953418e-01 8.161225989677860504e-01
3.733951020193819748e-01 8.033011075386027322e-01
2.378608061561458542e-01 3.076237206011698810e-01
2.919562350099233483e-01 6.653128354946856726e-01
5.592575981769626337e-01 7.715962705575584168e-01
6.670121639258955737e-01 7.193355683628911423e-01
4.761982181783365187e-01 2.329208321778358792e-01
4.842358034707622272e-01 5.127417735444621538e-01
6.722845334368057202e-01 6.494410137991566412e-01
8.012821413898909562e-01 6.599855574257071922e-01
7.352163994853611051e-01 2.194416453185649429e-01
7.173830651353393373e-01 1.758505147798422596e-01
6.807043051805227174e-01 1.036096368031206166e-01
6.562891949975745431e-01 0.000000000000000000e+00
