8.099986758854927915e-01 1.000000000000000000e+00
4.114577239662624009e-01 9.193897410452431807e-01
1.240716310918900389e-01 7.471075227983923206e-01
0.000000000000000000e+00 6.077234750851396861e-01
4.141570960277265318e-02 4.902434258412460832e-01
3.894080647681153473e-01 5.080653272653616881e-01
2.408497732541480252e-01 3.963967198076659981e-01
2.594938659870012487e-01 5.492169533998642050e-01
3.511779364691260397e-01 6.844997581207113990e-01
5.601739984544991113e-01 4.921349936750458176e-01
3.582503893527181904e-01 3.723712080918016865e-01
3.887120289147375507e-01 5.719516013741356986e-01
4.906940671963591627e-01 7.267217461931744227e-01
7.657729010508145251e-01 4.795824967492316460e-01
5.330440131458649144e-01 3.610334438947099822e-01
5.281006523190568958e-01 5.560003107335478312e-01
6.280537828690408997e-01 7.076027068488351945e-01
9.940772147916902002e-01 4.718705609781922994e-01
1.000000000000000000e+00 2.561932773016840637e-01
9.665566507329218515e-01 1.189835882363937114e-01
9.444947312152638386e-01 0.000000000000000000e+00
