1.000000000000000000e+00 9.735137431213564119e-01
6.006520685419154404e-01 1.000000000000000000e+00
2.531777417511322237e-01 9.039193578861911549e-01
0.000000000000000000e+00 8.213317409110924006e-01
7.763385030364405859e-02 7.293019193064104178e-01
3.050806458071915750e-01 5.620056060658358277e-01
7.357512459590415110e-02 4.755804536687529005e-01
1.081179887399103395e-01 6.436666599495497465e-01
2.481216202420048478e-01 7.668337100571799292e-01
3.561639780337717553e-01 5.297249380545486774e-01
7.291005888568848070e-02 4.631207339241603105e-01
1.711881165734476240e-01 6.700112588189592877e-01
3.519641286265470237e-01 7.786449952524615581e-01
4.366576108913431398e-01 4.830081217923688497e-01
1.025429943184531234e-01 4.131469805595331946e-01
1.774379093740504898e-01 6.168344382990583741e-01
3.590312628533326444e-01 7.322539924115201160e-01
5.554444296539418069e-01 4.323083212508362361e-01
3.433945136336949977e-01 2.184505167624321287e-01
1.750507695550355680e-01 1.066136134144947262e-01
4.104813950402116246e-02 0.000000000000000000e+00
