0.000000000000000000e+00 0.000000000000000000e+00
5.428495149951054893e-02 2.328597027596119862e-01
2.071727329358369618e-01 4.512284880019156730e-01
3.102606668222870900e-01 6.282606382024251701e-01
3.977296652431279722e-01 7.637224164100355761e-01
1.000000000000000000e+00 4.555940012362844072e-01
6.419837301029008847e-01 7.508639449847258618e-01
3.456442497632642441e-01 6.780438243634651085e-01
2.605661886304884156e-01 5.766312240391106014e-01
9.361968804750382400e-01 4.352407877321977647e-01
4.584725350032469171e-01 7.426034862229778932e-01
2.340730959470880002e-01 6.242428686252925463e-01
1.695973094901287170e-01 5.175581155758839369e-01
7.617837572147918568e-01 4.261154558442900586e-01
3.501842089217853671e-01 7.100770790522810127e-01
1.282854175714651934e-01 5.820037707292654572e-01
6.027758708905704005e-02 4.516927134091068274e-01
5.285757160725959025e-01 4.213989504576665657e-01
5.741631571501101261e-01 6.801474569234091661e-01
6.069083624003455135e-01 8.591082850235717272e-01
6.632789957629283695e-01 1.000000000000000000e+00
