2.952503615681365545e-01 1.690556485220040539e-01
5.729687148163663535e-01 1.055674535551563986e-01
8.023049865331965957e-01 1.455447322139831745e-01
9.616149436979164467e-01 2.645927472523723623e-01
1.000000000000000000e+00 3.863964925208918655e-01
5.159395963243270655e-01 0.000000000000000000e+00
7.611289857260625791e-01 3.791020379268993934e-01
7.741168487089282735e-01 4.743917947300817506e-01
7.057651717439787920e-01 4.867940733462633451e-01
2.911447527195287210e-01 1.412456736485322439e-01
6.165617463392480957e-01 6.470976557102722238e-01
6.088429370697776566e-01 5.951999887416777879e-01
5.434849332236046937e-01 4.709499038778096613e-01
1.252907726110334963e-01 3.186668099544037736e-01
4.670482123140384245e-01 8.004413347593875017e-01
4.676018173745982720e-01 7.344778014884866257e-01
4.010118473373203152e-01 6.378579421492819312e-01
0.000000000000000000e+00 4.833877912024741041e-01
2.151529478701563469e-01 9.192108769038931371e-01
1.966091867251035519e-01 9.818738880274566760e-01
1.275014123663036625e-01 1.000000000000000000e+00
