1.000000000000000000e+00 1.000000000000000000e+00
5.132015985915294731e-01 8.864912075452955342e-01
3.650706063341798702e-01 7.096612963188170253e-01
2.344102170360808091e-01 5.850198003284681203e-01
1.630515548580701579e-01 5.098132041682088555e-01
9.627345927444643792e-01 4.110343248045915110e-01
2.563061960890193891e-01 3.779363666830411472e-01
1.188863858162969717e-01 5.293615629578500847e-01
1.890978532636972964e-01 6.580690608131376518e-01
9.790141268917181838e-01 4.033305210195020085e-01
1.271141822968081536e-01 3.977886731791560604e-01
4.789924710951364711e-02 5.757944429052714863e-01
1.541833655357841004e-01 6.985754555131609145e-01
8.736420831188846936e-01 4.234234115308387336e-01
5.682368525408999088e-02 4.007847527157694656e-01
0.000000000000000000e+00 5.681459173404146412e-01
1.360324330709325735e-01 6.906525189624921346e-01
6.992212350553910216e-01 4.570952730851335910e-01
4.138945840821458000e-01 2.498509550673874424e-01
2.566760320955779884e-01 1.127230166793366517e-01
1.275577042605670341e-01 0.000000000000000000e+00
