0.000000000000000000e+00 1.000000000000000000e+00
4.578472696128443875e-01 9.371954073735967450e-01
7.705095028083336350e-01 7.870093873191141842e-01
1.000000000000000000e+00 6.701264717868311571e-01
8.735263150659813292e-01 6.042279848420546440e-01
4.916087824760539404e-01 5.331959822270978533e-01
6.854934253981841419e-01 4.186645356278631547e-01
7.882751516933528269e-01 5.398874504966064691e-01
7.669608464212996912e-01 6.662620359951797466e-01
3.917526998189908016e-01 5.123611577369570069e-01
6.439277109500431973e-01 3.895552267847671168e-01
7.082250031278781721e-01 5.625466074365124136e-01
6.318716919921892883e-01 6.981072811911646081e-01
2.404076656196914852e-01 4.934139670603159833e-01
5.472663742964604117e-01 3.479289569116132408e-01
6.435812562164393569e-01 5.061955406438536365e-01
5.631361911926873187e-01 6.486395147195351818e-01
6.169410540005736132e-02 4.901589273921307943e-01
4.198206590002392935e-02 2.635165883713949109e-01
7.753293475118049061e-02 1.218123084039227921e-01
9.385824526152672376e-02 0.000000000000000000e+00
