9.426764137505816432e-01 0.000000000000000000e+00
9.328594631383169133e-01 2.381758359960770566e-01
8.871250492906831431e-01 4.561139892630001746e-01
9.225030165694173556e-01 6.181804843283197348e-01
9.497693787314627212e-01 7.346691600593172611e-01
0.000000000000000000e+00 5.428849752001759787e-01
4.880970391336420522e-01 7.920359570669471827e-01
7.635609016718665210e-01 7.378593458506161884e-01
8.203425452709692811e-01 6.678441528289934537e-01
7.307009899730415592e-02 5.244470888511519879e-01
6.333674375246962640e-01 7.606209783269640701e-01
8.574919187746631311e-01 6.746481304661808842e-01
9.299213918098560017e-01 5.984326700533562082e-01
3.003267559410819909e-01 4.947150754183187726e-01
7.697004716817634762e-01 7.293746448671675209e-01
9.591385844001257821e-01 6.345725813663655179e-01
1.000000000000000000e+00 5.435979187627962839e-01
6.286750868270419845e-01 4.624690765089081723e-01
6.710605886989665647e-01 7.164778894080550131e-01
7.300136729398533086e-01 8.748152561950984785e-01
7.519207564850635128e-01 1.000000000000000000e+00
