0.000000000000000000e+00 1.000000000000000000e+00
5.940153725358381376e-01 8.984828509080267089e-01
8.271448416397721992e-01 7.709136437214596516e-01
1.000000000000000000e+00 6.714323602027664206e-01
9.744890483155597138e-01 5.926199356700699861e-01
9.311597152378225939e-02 4.864543104386713779e-01
6.603037218132974395e-01 4.220513654105819690e-01
7.992405641673384631e-01 5.687525758080403948e-01
7.597073598575664333e-01 7.083669030386938736e-01
2.280355768902520702e-02 4.728600916950785882e-01
7.386737183207329194e-01 4.258547847561135469e-01
7.992027499350068398e-01 5.846493493696959254e-01
7.054302813221325907e-01 7.135865189766803507e-01
2.086715387503971716e-02 4.708711327478167230e-01
7.037002801929576057e-01 4.132206767947610992e-01
8.190904101531213399e-01 5.770900073251039597e-01
7.244235299060683975e-01 7.013157161092988812e-01
9.862529509544154527e-02 4.731431540074336750e-01
2.439837293761439596e-01 2.651835863390204495e-01
3.343607950442347709e-01 1.238756053978611188e-01
3.772610416245414378e-01 0.000000000000000000e+00
