0.000000000000000000e+00 0.000000000000000000e+00
4.198901143513168455e-01 3.841490100956752862e-02
7.316624370274700251e-01 1.878330010602763944e-01
8.697096465985392211e-01 3.655796604497552615e-01
8.510828301195628720e-01 5.013256585181513625e-01
9.229118752785141488e-01 2.668720821768276741e-01
1.000000000000000000e+00 5.589628072340103726e-01
8.711019815104343866e-01 5.113547464015767430e-01
8.051075725647475201e-01 4.165753698304411334e-01
6.982399083452291988e-01 3.405266324016598123e-01
7.552483402442616844e-01 6.203097281924819795e-01
6.325869153090279973e-01 5.566856317465990189e-01
5.837511046155937633e-01 4.706681334866930633e-01
4.373356058202856333e-01 4.011248149638407812e-01
5.451270874402374123e-01 6.744978768861452645e-01
4.424562543901389144e-01 6.092656661102539006e-01
3.868455860693811865e-01 5.139850058818875578e-01
1.813398798329292627e-01 4.453122181061972551e-01
2.392403832355229354e-01 7.063790166576650043e-01
2.404370501287774187e-01 8.662198670642181630e-01
2.539645786599596944e-01 1.000000000000000000e+00
