1.000000000000000000e+00 6.906130418118225922e-01
7.980267124020705705e-01 1.000000000000000000e+00
6.039617480786659831e-01 9.926827217523321867e-01
4.615806802238180961e-01 8.760022902210981011e-01
3.361659660497715585e-01 7.700984918828550629e-01
5.167942588701530671e-01 1.540530398026012937e-01
2.753518776668260615e-01 2.583265297654124826e-01
1.297047564729730817e-01 3.110442017767777179e-01
0.000000000000000000e+00 3.125736850975109338e-01
5.397703385494633244e-01 0.000000000000000000e+00
3.503119698240261815e-01 4.814607475686420446e-01
3.994751808214761502e-01 7.456482341237847811e-01
4.591105710287349817e-01 8.136647432255208479e-01
5.619007106418355546e-01 3.108978780511863563e-02
3.675152191691311576e-01 4.253161156656291575e-01
3.624887501653889510e-01 6.319667109884385958e-01
3.713154844236359331e-01 6.691624204273745047e-01
5.770031479216085613e-01 1.851759506401298994e-01
4.398977275446979140e-01 4.034268870937742224e-01
4.122984343481553293e-01 4.902911296155216814e-01
4.010638177772900548e-01 5.013564063766569046e-01
