1.000000000000000000e+00 9.975490240020601362e-01
6.073096387603978963e-01 1.000000000000000000e+00
2.377929684801624310e-01 9.053526884051298351e-01
2.075964891953064329e-01 7.286967760652528492e-01
3.651089145606806197e-01 5.966364681693386851e-01
1.870278835496285985e-01 6.511067123134732793e-01
0.000000000000000000e+00 5.373982461129994670e-01
1.801675676641529000e-01 6.611190747638950871e-01
2.957888138277677825e-01 7.332132673459359484e-01
3.738595843910774152e-01 5.626430707120755326e-01
2.034042581410758221e-01 4.428451401390103292e-01
3.727217246836346809e-01 6.084641631550081753e-01
4.723792246748847456e-01 6.929874672297272609e-01
5.857475933539562085e-01 4.949794760505026869e-01
4.178201687981810686e-01 3.652780573431896327e-01
5.445906716872247477e-01 5.424775263364199906e-01
6.546309342736349457e-01 6.572082376133054904e-01
8.145692094831589181e-01 4.422776246166784664e-01
7.263140695422569681e-01 2.362352630545276055e-01
6.588961121376675223e-01 1.196694979965007011e-01
5.796427190518094186e-01 0.000000000000000000e+00
