0.000000000000000000e+00 6.575327285600518490e-01
3.111430333576629681e-01 8.513979623967372623e-01
6.201201764951476125e-01 8.891843671643187008e-01
8.176447089001492863e-01 8.782606831325702190e-01
8.984425765007544307e-01 7.862849116049257514e-01
8.145877324458514757e-01 1.755528421494206293e-01
1.000000000000000000e+00 5.798585647815095445e-01
8.846287374309282914e-01 8.643994944350922305e-01
7.423679465268161470e-01 1.000000000000000000e+00
6.592255960015258598e-01 2.213951700624568544e-02
6.824474033847259813e-01 6.419584259913884150e-01
4.916410604526918471e-01 8.035062006094573217e-01
3.649944282079855551e-01 7.590786381777965275e-01
4.368142265421549042e-01 0.000000000000000000e+00
4.802133801103545263e-01 5.133155082009643877e-01
3.531715160780992124e-01 6.925335151148976909e-01
2.506645600987603695e-01 7.135891621266480245e-01
2.077252170395712250e-01 7.390360841399287728e-02
2.355681575840950226e-01 1.865299964120700205e-01
2.546957240876628337e-01 1.318506150238950014e-01
2.564260833956593100e-01 8.986098514896624992e-03
