1.000000000000000000e+00 9.916168246144599907e-01
6.047492809992833784e-01 1.000000000000000000e+00
1.964287267494738698e-01 9.007196725058917997e-01
1.337451003008363337e-01 7.148776683960310629e-01
2.741798853758752319e-01 5.845610564569186929e-01
2.004674213731826304e-01 6.352177750308207749e-01
0.000000000000000000e+00 5.156720546622264312e-01
1.529795276245653479e-01 6.356045892397852448e-01
2.832494105234098503e-01 7.155414686330634488e-01
3.923616691783632371e-01 5.501693761509716118e-01
2.131432007397056627e-01 4.287863688089898484e-01
3.523336087690669971e-01 5.829788542907752280e-01
4.736534690720967111e-01 6.751751030786594665e-01
6.053390412189260106e-01 4.862870578519942755e-01
4.234523757750175421e-01 3.508674614608967568e-01
5.060127557628781858e-01 5.196865806469379567e-01
6.110225977056266133e-01 6.396751565836640285e-01
8.383170183357000482e-01 4.394938112544737319e-01
7.630767368996272948e-01 2.303640457964189758e-01
7.026598772073463506e-01 1.148247994931155674e-01
6.386522683739900286e-01 0.000000000000000000e+00
