0.000000000000000000e+00 1.000000000000000000e+00
3.936994509620744265e-01 9.978174667075128124e-01
6.433708224908293305e-01 9.289297296677908600e-01
8.339783165700813683e-01 8.568170657401562584e-01
8.521507652918538511e-01 7.336861452540057726e-01
3.975102612563470306e-01 4.570247458232422622e-01
7.939691919465553527e-01 4.922230649375271549e-01
7.635805485610044352e-01 6.786000535954201940e-01
6.256332136296346436e-01 8.068007501275430426e-01
3.574878108951581868e-01 4.238132941816502575e-01
8.474311747567044861e-01 4.852660773022353657e-01
7.601383001163021236e-01 6.640603643811469059e-01
6.108851288099116372e-01 7.748355178776838992e-01
3.505303731259147293e-01 4.184169454586301740e-01
8.532578535497924443e-01 4.642437207895627749e-01
7.811407147048988753e-01 6.564870380943295114e-01
6.167396864488995378e-01 7.623736711933991606e-01
3.780168111194163183e-01 4.349506204229802164e-01
6.795193406425004135e-01 2.404724244444770564e-01
8.658143805399343140e-01 1.170564256299306549e-01
1.000000000000000000e+00 0.000000000000000000e+00
