2.584368651325613109e-01 1.000000000000000000e+00
2.209569699656225780e-02 7.759672501382354204e-01
0.000000000000000000e+00 5.189687208228722648e-01
1.371355852531970232e-01 3.508095802271246622e-01
3.003089548700902944e-01 3.141943103651971825e-01
1.067028609462027516e-01 3.364354989420774156e-01
2.079435685291900204e-01 1.346420858759832528e-01
2.158131459158898202e-01 2.305125026711943859e-01
1.866269547388481054e-01 3.297646423117933101e-01
3.273306540281313848e-01 3.585628029745531742e-01
3.821761029367452545e-01 1.692340995880527443e-01
3.731886901358089093e-01 2.652172898589424399e-01
3.484424362303488176e-01 3.485457776981100153e-01
5.159945413955332461e-01 4.129410989136340082e-01
5.677572715548585558e-01 1.981650329635573082e-01
5.396510832169340022e-01 2.769844335567939186e-01
5.009227130710542930e-01 3.743109059172927688e-01
6.589904260148838899e-01 4.820780910950434039e-01
8.215791651656396688e-01 2.553858130597240206e-01
9.225183504729406181e-01 1.206507677670074080e-01
1.000000000000000000e+00 0.000000000000000000e+00
