1.000000000000000000e+00 1.000000000000000000e+00
5.629049652848573393e-01 9.170345395590314697e-01
2.752513762649296813e-01 7.191780439158936833e-01
8.944085548413405196e-02 5.851239999308117667e-01
0.000000000000000000e+00 5.019429915656895558e-01
3.738284310043246128e-01 0.000000000000000000e+00
1.179107600845611531e-02 2.367546465878896667e-01
6.508686834000450804e-03 5.091420261238761569e-01
7.627351454602036840e-02 6.498769913235308282e-01
5.348415014969899461e-01 4.992542307932829049e-02
1.357013317308208289e-01 5.456287014035895444e-01
2.610954317662335100e-01 7.592715544597796740e-01
3.919809093543090706e-01 7.696133309738375505e-01
6.707673817163338770e-01 2.456338905202821166e-01
2.930467769109424969e-01 6.920690338796098295e-01
4.128277012888063591e-01 8.535298633665658885e-01
5.317021151018919145e-01 8.577713675185244524e-01
7.799497247470140726e-01 5.171612072280403760e-01
4.679933896358934309e-01 6.398266036699029602e-01
2.716717460589996302e-01 6.895636218970080389e-01
1.080966229195059330e-01 7.018509180079646192e-01
