1.000000000000000000e+00 1.000000000000000000e+00
5.652353648295878052e-01 9.923240850280766745e-01
2.915258216945008085e-01 9.139221857942387839e-01
7.412257543839087526e-02 8.354461600646995167e-01
5.541134704699443581e-02 7.239828465305642169e-01
6.513235590460592084e-01 4.671129325472157534e-01
2.000874619123104714e-01 4.900309835455800012e-01
1.971263539604320436e-01 6.690233684608714038e-01
3.285332928313721146e-01 8.035581382748337997e-01
6.714178736031856110e-01 4.358362050425296785e-01
1.221638411964343085e-01 4.604804394138887758e-01
1.783212455309813038e-01 6.348096694190975553e-01
3.188486998611332890e-01 7.526093025095641487e-01
6.529835016297454997e-01 4.311639089726632679e-01
1.048480568526348466e-01 4.415919778511360194e-01
1.587866234300257806e-01 6.329746231432227255e-01
3.287063031775104283e-01 7.461631228329218546e-01
5.949014568547476012e-01 4.463600067943747640e-01
3.114311802514669325e-01 2.475131890315389882e-01
1.269220243565878647e-01 1.203570802936207024e-01
0.000000000000000000e+00 0.000000000000000000e+00
