0.000000000000000000e+00 1.472824740428332023e-02
2.265407331218133036e-01 5.062071745585110527e-01
4.610157036475526215e-01 7.203979156193910383e-01
6.255330173840573105e-01 8.650928387457069713e-01
7.721651658551478281e-01 9.453869814641172598e-01
9.285686715900595134e-01 1.181494230988312244e-01
9.017260146939770626e-01 8.447166719378987887e-01
6.932581345563570974e-01 8.907197900642187527e-01
5.966363975355094551e-01 7.499189398689175556e-01
8.546834877712257139e-01 0.000000000000000000e+00
7.813580539980714557e-01 8.865588361119498551e-01
5.767093621715320140e-01 8.543303636512828980e-01
4.666590906869618749e-01 7.156502217502456187e-01
7.110878052182486586e-01 2.021364821576095844e-02
6.567130330981411079e-01 8.360171473047804946e-01
4.349221410712578728e-01 7.384864739121810295e-01
3.039769089439575689e-01 5.437485709915466092e-01
5.128168514084778806e-01 1.187015083159329576e-01
6.970423695499951000e-01 5.478896084496921448e-01
8.498097363376841962e-01 7.814073154079574923e-01
1.000000000000000000e+00 1.000000000000000000e+00
