0.000000000000000000e+00 9.784298902577178714e-01
5.222041089112112733e-01 1.000000000000000000e+00
9.366512217232213500e-01 7.892050878206433584e-01
1.000000000000000000e+00 5.793463783210732743e-01
8.152164149449582231e-01 4.700597550990430196e-01
6.401170689975219652e-01 1.011821280237232556e-01
9.671829001246005086e-01 1.176996425034567001e-01
9.846236194718793744e-01 3.206029096937687006e-01
9.303411952235992599e-01 4.365011774409703338e-01
3.749258861340807325e-01 2.624025111009477620e-02
6.959578803151852400e-01 2.385782669064311773e-02
7.901051100635432256e-01 1.566096754795350821e-01
7.861482218363010643e-01 2.829627299525181994e-01
1.783514718004570176e-01 6.530756613637730967e-02
4.180689379934390826e-01 0.000000000000000000e+00
5.600844109952756167e-01 1.007958085179223038e-03
6.093473582710746683e-01 6.210394096632062405e-02
5.494100491237470518e-02 1.644046801919565870e-01
2.699874482369763462e-01 3.654162139673708398e-02
3.893630747913614520e-01 4.026758726194177782e-03
4.530273462048746702e-01 2.575632492490446609e-02
