2.461467975677600062e-01 0.000000000000000000e+00
5.886784043931950761e-01 1.573563572756332962e-01
7.731792457904523852e-01 3.746094377440768453e-01
8.630505901306790850e-01 5.632678475436685428e-01
8.728526440620661964e-01 6.807920898501685913e-01
1.000000000000000000e+00 5.038888277618787104e-01
6.214304649840428629e-01 7.230235912735806236e-01
5.031870962701896488e-01 6.487769090479715839e-01
5.010755989672712740e-01 5.574205951059415520e-01
8.296394670382304382e-01 5.037118620413008063e-01
4.558772302790314312e-01 7.080736191922833989e-01
3.591186267679587485e-01 6.270848093085421571e-01
3.379769198457054369e-01 5.496804630933874725e-01
5.912691907730609486e-01 4.886161534842335397e-01
2.636920754977947201e-01 6.913368017162043744e-01
1.942686375255492648e-01 6.117105794634791760e-01
2.096462289522618982e-01 5.320317032514848554e-01
3.102849288718361187e-01 4.625693897478747041e-01
1.455421953680888780e-01 7.217689745199623585e-01
5.108350707695775289e-02 8.705845569931902617e-01
0.000000000000000000e+00 1.000000000000000000e+00
