1.159222817401590055e-01 0.000000000000000000e+00
5.040847118347638878e-01 1.223875003319309651e-01
7.557866301302742507e-01 3.524179243420026419e-01
8.210154767920968544e-01 5.826328381947547541e-01
8.220414439465779655e-01 7.385933153914738813e-01
1.000000000000000000e+00 4.142607517514649285e-01
7.718780581713258204e-01 7.211051625731219605e-01
6.031653481313636878e-01 6.850917248478364252e-01
5.562551079133972731e-01 6.043482551331023078e-01
7.853228821838948992e-01 4.392725186319086927e-01
5.594882872459804313e-01 7.188269275390921642e-01
4.365954996669147992e-01 6.546293325398685470e-01
4.178250899357006665e-01 5.747802501014346310e-01
5.259613534833912363e-01 4.532917753825149165e-01
3.629964878331492506e-01 7.239030072772024704e-01
2.693585364649367375e-01 6.576454109862019948e-01
2.593747495790229562e-01 5.764254681328294661e-01
2.469241895938734943e-01 4.554258741032500835e-01
1.436753340767604192e-01 7.195745114584890523e-01
5.263042868833505555e-02 8.686119232387742306e-01
0.000000000000000000e+00 1.000000000000000000e+00
