0.000000000000000000e+00 0.000000000000000000e+00
1.798786294207545544e-01 3.030764862926990100e-01
3.819174107776002192e-01 5.230120225030623349e-01
5.382179552277279733e-01 6.835975618474943172e-01
6.670229422126051633e-01 8.130913418678923366e-01
9.998798388250574876e-01 3.775090422601050100e-01
9.356749644893337381e-01 7.594375259617341944e-01
7.957475100453806904e-01 8.425871992766731378e-01
7.683245791787334245e-01 8.647415121822641382e-01
9.987622308023431650e-01 3.165381428741396719e-01
6.854604354915277975e-01 7.766415392602572521e-01
4.270175934038840104e-01 6.360172741588803191e-01
3.435845933113084727e-01 5.026570336998260613e-01
8.979600965154506120e-01 2.923532053068549907e-01
5.917425115898647947e-01 7.227848407483957738e-01
3.438345784275312900e-01 5.537003548017483956e-01
2.480241980605269458e-01 3.993892478154372760e-01
7.244535939412585224e-01 2.888741643120683600e-01
8.175128912212521470e-01 6.160497047995135977e-01
9.051063356265259818e-01 8.229872647099106819e-01
1.000000000000000000e+00 1.000000000000000000e+00
