3.095536365847725846e-01 1.000000000000000000e+00
4.093664328400402341e-02 7.843452377230119010e-01
0.000000000000000000e+00 5.726232059735112401e-01
1.720497741721288276e-01 4.277126674471349310e-01
3.680984438585995222e-01 3.960303085855565453e-01
8.122851019348222013e-02 3.397594152346654073e-01
2.864925677319255515e-01 2.872603096354695573e-01
3.237747112230206503e-01 3.850819211893835581e-01
2.724115260967608365e-01 4.752956130422232861e-01
3.442709737224453614e-01 3.459068368425331497e-01
4.914343192620984069e-01 2.958760141616477712e-01
5.117170807392165122e-01 3.983600293185735608e-01
4.771402696785815301e-01 4.828039720282114033e-01
5.871209083079673707e-01 3.981801617787566472e-01
6.982329873049892832e-01 3.059084429790277504e-01
6.938319735449387515e-01 3.938944432614181479e-01
6.453825267739157212e-01 4.782131534021624164e-01
7.979825057360936391e-01 4.776103585271859742e-01
8.963474725029091372e-01 2.447799741109228100e-01
9.606148960928819758e-01 1.116416261868706933e-01
1.000000000000000000e+00 0.000000000000000000e+00
