1.000000000000000000e+00 9.546505047768699681e-01
7.044113726396883379e-01 1.000000000000000000e+00
4.850836708302035949e-01 9.502934255976820399e-01
3.131505411196746635e-01 9.018051514116643963e-01
2.341201315546390938e-01 7.907238197321283524e-01
5.475629978793286057e-01 4.470371982518471232e-01
2.422040158901012097e-01 5.380065292928360998e-01
3.423714460500973944e-01 7.308016082381505463e-01
4.900631555192215827e-01 8.324507881972608159e-01
5.708621740587792592e-01 4.063884291992773679e-01
2.020832803257670007e-01 5.455621116819231453e-01
3.478374019175648479e-01 7.117287350748687791e-01
4.989219643811279026e-01 7.886617517270494426e-01
5.805871726483170514e-01 3.954836375564299011e-01
2.032984903076356376e-01 5.220917850042462449e-01
3.334376890987312270e-01 7.095046115584279223e-01
4.931177741468363296e-01 7.894221660495935877e-01
5.744771057094403277e-01 4.086793471228122865e-01
3.113639556661308982e-01 2.359220321351799821e-01
1.403397443910619768e-01 1.169429595299385505e-01
0.000000000000000000e+00 0.000000000000000000e+00
