1.000000000000000000e+00 9.826878744497137275e-01
6.477807585521055955e-01 1.000000000000000000e+00
4.212708968855725100e-01 9.346805977537256949e-01
2.433408802964684980e-01 8.729193174974619884e-01
2.007071495573338471e-01 7.635213795570322537e-01
5.778732301467338628e-01 4.376340184819534906e-01
2.134665395060081350e-01 5.022426937128209312e-01
2.797227717867018515e-01 6.991729452787759369e-01
4.288412728002191088e-01 8.170445081127424292e-01
6.136254851031225366e-01 4.083515270176323875e-01
1.713478376547418747e-01 5.119338873115395483e-01
2.944662380142116787e-01 6.936116858597360935e-01
4.524918383207518491e-01 7.894521470282412912e-01
6.215768412909868923e-01 4.057299135039837967e-01
1.688059310005529667e-01 4.936450505446259851e-01
2.733997535073310337e-01 6.966722989389617648e-01
4.405980418241084440e-01 7.945539465585332861e-01
6.002598191394141747e-01 4.268848108034813960e-01
3.103852557185060590e-01 2.431333405542719373e-01
1.333815072175379979e-01 1.212969619381453895e-01
0.000000000000000000e+00 0.000000000000000000e+00
