9.684716597232698732e-01 1.000000000000000000e+00
1.000000000000000000e+00 7.547336277306999630e-01
9.311232443263357528e-01 5.067719214451097409e-01
6.790315218610624148e-01 3.792576783032028387e-01
4.568455316630499197e-01 3.846030297543460152e-01
9.784147393421760430e-01 2.960339770092539902e-01
5.229783884356662416e-01 1.994789796229780865e-01
4.417002231944266999e-01 3.294677888335532101e-01
5.088823258638629499e-01 4.373503274524040418e-01
8.270884345057809561e-01 3.381583461613346664e-01
3.928388242256855567e-01 2.365238813371279003e-01
3.315413954100085436e-01 3.927058751343706633e-01
3.980761568782178461e-01 5.067727235084980020e-01
6.460277581144906467e-01 4.161572060282281993e-01
2.461180802958389813e-01 3.090402369134836458e-01
2.113419129735145119e-01 4.701926175278521303e-01
2.924692188968702755e-01 5.890876869835338647e-01
4.503034593202047131e-01 5.230662402095631602e-01
2.471593964080009698e-01 2.767026452251061253e-01
1.113229588540880916e-01 1.291981752255853544e-01
0.000000000000000000e+00 0.000000000000000000e+00
