1.000000000000000000e+00 5.764696949910256274e-01
7.153087057406777305e-01 7.703988228469731414e-01
4.264017415317573612e-01 9.216168239342300561e-01
2.362413904010599031e-01 1.000000000000000000e+00
2.742491367814631764e-01 9.104760849032250691e-01
9.761923757670003601e-03 5.414685257342780611e-01
0.000000000000000000e+00 7.540741764332505870e-01
2.703097857194284859e-01 8.065791192004105881e-01
4.395674747650524794e-01 7.956708648551792384e-01
1.433334732533602385e-01 3.809930482371556293e-01
2.553378331984634264e-01 6.193515028745494311e-01
5.230177247168912302e-01 6.970791359040784396e-01
6.324144294056669446e-01 6.802588461106269246e-01
3.703712764014496228e-01 2.745735249902055974e-01
4.097528335890348594e-01 4.504292842630189808e-01
6.322070512465901571e-01 5.672910295229736111e-01
7.937068234364006436e-01 6.012016011224864398e-01
6.281234250309886136e-01 2.160832024879353885e-01
5.812131511111271465e-01 1.664780164546313113e-01
5.308310999409834308e-01 9.526466202405935169e-02
4.876363977023834284e-01 0.000000000000000000e+00
