0.000000000000000000e+00 5.373418688793146769e-01
2.244451460399845832e-01 8.185752873277021280e-01
4.342982691305371512e-01 9.107382342890603111e-01
5.931717818878574633e-01 1.000000000000000000e+00
6.169648069697468706e-01 8.589114946535496564e-01
5.995593556631234611e-01 1.335492118987067767e-01
7.871034643245472529e-01 4.156158935621079298e-01
6.331484840773345946e-01 6.723760150700009985e-01
5.037298270491390451e-01 7.337846377344170445e-01
5.457690386795367443e-01 2.718301224866875518e-02
7.556504675211919153e-01 4.248620672483339189e-01
5.700525153334159434e-01 7.141868535877969881e-01
4.343084755311751310e-01 7.599871382967945399e-01
4.879907407533412567e-01 2.613982337052179940e-03
6.974497606939263905e-01 3.950397442083699029e-01
5.195856745682352340e-01 6.529791413739870487e-01
3.763657865120374479e-01 6.925207221099375365e-01
4.287314260519056730e-01 4.597844248036830200e-02
6.794719344395256933e-01 4.863492510504868922e-03
8.492134947668381617e-01 4.398994417436966758e-03
1.000000000000000000e+00 0.000000000000000000e+00
