0.000000000000000000e+00 9.546505047768699681e-01
2.955886273603117176e-01 1.000000000000000000e+00
5.149163291697964606e-01 9.502934255976820399e-01
6.868494588803253365e-01 9.018051514116643963e-01
7.658798684453609340e-01 7.907238197321283524e-01
4.524370021206713943e-01 4.470371982518471232e-01
7.577959841098987903e-01 5.380065292928360998e-01
6.576285539499026056e-01 7.308016082381505463e-01
5.099368444807784728e-01 8.324507881972608159e-01
4.291378259412207963e-01 4.063884291992773679e-01
7.979167196742330548e-01 5.455621116819231453e-01
6.521625980824351521e-01 7.117287350748687791e-01
5.010780356188720974e-01 7.886617517270494426e-01
4.194128273516830041e-01 3.954836375564299011e-01
7.967015096923644180e-01 5.220917850042462449e-01
6.665623109012687175e-01 7.095046115584279223e-01
5.068822258531636704e-01 7.894221660495935877e-01
4.255228942905596168e-01 4.086793471228122865e-01
6.886360443338691573e-01 2.359220321351799821e-01
8.596602556089379954e-01 1.169429595299385505e-01
1.000000000000000000e+00 0.000000000000000000e+00
