0.000000000000000000e+00 9.968602087654236943e-01
4.195050256779169762e-01 1.000000000000000000e+00
8.055877944967327897e-01 9.195628628348123668e-01
9.595929500629458708e-01 7.812361664712594855e-01
9.136758387786503288e-01 6.501111055920180126e-01
8.035233699018843323e-01 6.382307891043105252e-01
1.000000000000000000e+00 5.283972959776120915e-01
8.794758507683392290e-01 6.444571071184117539e-01
7.694264932158343395e-01 7.309476480697180145e-01
6.158745478888155711e-01 5.607964551177456736e-01
8.021041903962592423e-01 4.614059191961034645e-01
6.863203644865415454e-01 6.160048284775206939e-01
5.731798653158284296e-01 7.164052022346704129e-01
3.965621565453709696e-01 4.963447462971831703e-01
5.993319745019283218e-01 3.776560765683570353e-01
5.459247047539116382e-01 5.418411819523156758e-01
4.561625002497851633e-01 6.640932593441630782e-01
1.575630957376656094e-01 4.498968918862771282e-01
2.306460444018144373e-01 2.368381344757231333e-01
2.918917730751553474e-01 1.148288711465666051e-01
3.582303219231460778e-01 0.000000000000000000e+00
