0.000000000000000000e+00 8.851125316434503842e-01
3.700613910990586120e-01 1.000000000000000000e+00
6.695747143591073147e-01 9.859342894543209335e-01
8.635441318302726765e-01 9.919010360578552898e-01
9.297744881801673911e-01 8.836264493700537459e-01
7.592636277625592900e-01 6.020151355081723027e-02
1.000000000000000000e+00 5.424364882147745259e-01
8.577720526185840244e-01 7.989288402968078850e-01
7.508398033669162475e-01 7.775408332106045206e-01
5.850338592119774805e-01 0.000000000000000000e+00
8.034666404403634221e-01 7.202368537620695843e-01
6.247288821519690893e-01 9.297091881427830273e-01
5.289311199617242609e-01 8.109659080751560056e-01
3.979160634502306726e-01 1.013745338789585060e-01
6.146459689782264313e-01 6.971090776443226167e-01
4.779736879569687069e-01 8.877333939457400236e-01
3.696230633743486371e-01 8.331564052643123386e-01
2.122714339850248766e-01 2.948220376040959767e-01
3.532462959358629306e-01 3.306540152456093340e-01
4.396479806548918567e-01 2.966486390159450703e-01
4.898727267767116755e-01 2.056460343283018910e-01
