1.268311468574698508e-01 1.034782814725496575e-01
4.903707694608530621e-01 4.705387158530898589e-02
8.112469450291455164e-01 1.161765337679222659e-01
1.000000000000000000e+00 2.569278667732585730e-01
9.894570537152075351e-01 4.092399532354452085e-01
5.480475853526813879e-01 0.000000000000000000e+00
7.875817365874105969e-01 3.448971555178363957e-01
7.861520989263678372e-01 3.745356408452503172e-01
7.219247253301741551e-01 3.251897865321679015e-01
3.170339289001681826e-01 1.090906988863087762e-01
5.616053530408495753e-01 5.024223679701337320e-01
6.082019777613746347e-01 5.288157094876922981e-01
6.221805657389548605e-01 4.649591980543981151e-01
1.354324692106283201e-01 2.437635960692310644e-01
3.927023981704773070e-01 6.026237478699104644e-01
4.578075967813239333e-01 6.317967857147445132e-01
4.684399468182778858e-01 5.662757393100158465e-01
0.000000000000000000e+00 3.758364959069596112e-01
1.253934029429459585e-01 6.879103977199496622e-01
2.297598892474307097e-01 8.764757190135938902e-01
2.789679024082269421e-01 1.000000000000000000e+00
