0.000000000000000000e+00 4.764495297031421939e-01
2.587274004490595636e-01 7.102484951194982798e-01
5.128974328907881519e-01 8.918062098568956264e-01
6.837463465054568479e-01 1.000000000000000000e+00
6.864305521173982294e-01 9.180217912916354139e-01
1.000000000000000000e+00 5.472861729130868991e-01
9.713047318454436363e-01 7.911621086231306332e-01
6.911993667999948299e-01 8.146795178947705551e-01
5.270643601335887052e-01 7.781351589057796669e-01
8.972886238974372430e-01 3.833489278717123749e-01
7.587244146808593825e-01 6.408473646437847782e-01
4.799160944849061305e-01 6.829293698749749897e-01
3.651472363729539317e-01 6.459146083536605465e-01
6.959871818256831988e-01 2.619203111540652773e-01
6.347455474053131930e-01 4.585775546737269059e-01
3.979551287897541423e-01 5.463785798372431390e-01
2.367062742390091123e-01 5.573068337893942736e-01
4.539825261987587846e-01 1.838420957127247513e-01
5.125687269552982039e-01 1.486767890769995770e-01
5.583052671122518129e-01 8.734677573483790036e-02
5.979293968965382344e-01 0.000000000000000000e+00
