1.000000000000000000e+00 9.938497243700472605e-01
6.148356505725489640e-01 1.000000000000000000e+00
2.477340391813963594e-01 9.155820378066498177e-01
1.828204132803749327e-01 7.360081671468128306e-01
2.791392429304471734e-01 5.939659110673455311e-01
1.823173406590307133e-01 6.585271680440930586e-01
0.000000000000000000e+00 5.348936235878928303e-01
1.635633648822279462e-01 6.482608484586616093e-01
2.722693604093166519e-01 7.243724584159966229e-01
3.741943600938524295e-01 5.663137021537618665e-01
2.102876959311055782e-01 4.472802057282549426e-01
3.643644955059340829e-01 5.997400427132391076e-01
4.679501358722882309e-01 6.854671145673492116e-01
5.823120334377210883e-01 4.949567771983445774e-01
4.168015121498254705e-01 3.599268737516118644e-01
5.119384644390192474e-01 5.252958436732743097e-01
6.062767355912652700e-01 6.405159795287654889e-01
8.055777411426929824e-01 4.405898259160633268e-01
7.249987195864672218e-01 2.347779834245884434e-01
6.695968961291428601e-01 1.176187771076842303e-01
6.042143419676504479e-01 0.000000000000000000e+00
