1.000000000000000000e+00 4.842787667199510704e-01
6.328407611516192466e-01 3.467925571474733126e-01
3.001949625771143659e-01 2.757031099687744513e-01
8.243212859840583218e-02 3.581593127771095508e-01
0.000000000000000000e+00 5.047174885868466188e-01
4.678269443034632769e-01 0.000000000000000000e+00
1.567192286305449933e-01 2.616867246744914444e-01
1.479838002759014670e-01 4.508459652774008397e-01
2.161785219649251522e-01 5.126410874298028553e-01
6.562230812846751027e-01 1.285916634713533679e-01
2.725963543030812675e-01 5.280155538319345476e-01
3.469016204825550731e-01 6.491193872157509093e-01
4.338370872349593399e-01 5.783135788073203720e-01
8.151527318837162861e-01 3.216502562767722950e-01
4.575404255880388127e-01 6.857000342973355034e-01
4.753203556533486251e-01 7.621788126507560435e-01
5.035990746214318303e-01 6.976128626486063355e-01
9.539776832612764101e-01 5.232555583374721708e-01
7.447556758945302890e-01 8.391698138314169775e-01
6.869392990629378248e-01 9.628055804079923563e-01
6.538502838211669443e-01 1.000000000000000000e+00
