2.968279840037482686e-01 1.000000000000000000e+00
7.674984495832932740e-01 8.787686097157513254e-01
1.000000000000000000e+00 6.074183904208337870e-01
9.844756649107192503e-01 3.735562199323145260e-01
8.239335424536491370e-01 2.921084181931312695e-01
4.351736929522470043e-01 3.122393880988875714e-01
7.124152162309232983e-01 1.292609230115490393e-01
8.131444031142135431e-01 2.640725114959100450e-01
7.658514446060812331e-01 3.776460322037242245e-01
1.967203936256106123e-01 3.325681028333813960e-01
5.268743787327302419e-01 1.871450685201766495e-01
6.447403641818032494e-01 2.983820739684033274e-01
6.046114182762767353e-01 3.905246384289681738e-01
6.786930790496918664e-02 3.847173447862443640e-01
3.524896181719298083e-01 2.269347275127858721e-01
4.916682363358075292e-01 3.060771250360432849e-01
4.913356144771180434e-01 4.118241694868954306e-01
0.000000000000000000e+00 4.373212632601338745e-01
6.297750896780890395e-02 1.950169213725281847e-01
9.025611356342387592e-02 7.384259329519068937e-02
6.496992895212148900e-02 0.000000000000000000e+00
