0.000000000000000000e+00 1.000000000000000000e+00
4.347646351704121948e-01 9.923240850280766745e-01
7.084741783054991915e-01 9.139221857942387839e-01
9.258774245616091525e-01 8.354461600646995167e-01
9.445886529530055364e-01 7.239828465305642169e-01
3.486764409539407916e-01 4.671129325472157534e-01
7.999125380876895841e-01 4.900309835455800012e-01
8.028736460395679009e-01 6.690233684608714038e-01
6.714667071686278854e-01 8.035581382748337997e-01
3.285821263968143890e-01 4.358362050425296785e-01
8.778361588035656915e-01 4.604804394138887758e-01
8.216787544690187239e-01 6.348096694190975553e-01
6.811513001388667110e-01 7.526093025095641487e-01
3.470164983702545003e-01 4.311639089726632679e-01
8.951519431473651256e-01 4.415919778511360194e-01
8.412133765699741916e-01 6.329746231432227255e-01
6.712936968224896273e-01 7.461631228329218546e-01
4.050985431452523433e-01 4.463600067943747640e-01
6.885688197485330120e-01 2.475131890315389882e-01
8.730779756434121630e-01 1.203570802936207024e-01
1.000000000000000000e+00 0.000000000000000000e+00
