0.000000000000000000e+00 9.342179890992520219e-01
5.072163136371030667e-01 1.000000000000000000e+00
9.287698733007926366e-01 8.033002436783952538e-01
9.916565950967088927e-01 6.608854214601789234e-01
8.022431656165016634e-01 6.017880228683971655e-01
7.140123950432293309e-01 1.572766435614620512e-02
1.000000000000000000e+00 2.835634599543169765e-01
9.499779038377512697e-01 5.102421748962319148e-01
8.249034968033802651e-01 5.784487997742470133e-01
4.671291537824329154e-01 0.000000000000000000e+00
7.772693600091251653e-01 3.145553154520904782e-01
7.471876478401546784e-01 5.210060106999434559e-01
6.133839321943889145e-01 6.197483705544412080e-01
2.681659125715008529e-01 1.028476980872602420e-01
5.656623768738885394e-01 4.131965123894148495e-01
5.729756144384863248e-01 6.003184983873515179e-01
4.686253195217255918e-01 7.070879709178163885e-01
1.222486538170263204e-01 2.483293540050500459e-01
4.034368881871859824e-01 4.820187351694276146e-01
4.078705345650671110e-01 6.663015674167174218e-01
3.089334877467586615e-01 7.741290671485976382e-01
