0.000000000000000000e+00 9.826878744497137275e-01
3.522192414478943490e-01 1.000000000000000000e+00
5.787291031144274900e-01 9.346805977537256949e-01
7.566591197035315020e-01 8.729193174974619884e-01
7.992928504426661807e-01 7.635213795570322537e-01
4.221267698532661372e-01 4.376340184819534906e-01
7.865334604939918650e-01 5.022426937128209312e-01
7.202772282132982040e-01 6.991729452787759369e-01
5.711587271997808912e-01 8.170445081127424292e-01
3.863745148968774079e-01 4.083515270176323875e-01
8.286521623452580698e-01 5.119338873115395483e-01
7.055337619857883213e-01 6.936116858597360935e-01
5.475081616792482064e-01 7.894521470282412912e-01
3.784231587090130522e-01 4.057299135039837967e-01
8.311940689994470333e-01 4.936450505446259851e-01
7.266002464926689663e-01 6.966722989389617648e-01
5.594019581758915560e-01 7.945539465585332861e-01
3.997401808605858253e-01 4.268848108034813960e-01
6.896147442814939410e-01 2.431333405542719373e-01
8.666184927824619466e-01 1.212969619381453895e-01
1.000000000000000000e+00 0.000000000000000000e+00
