9.060913493948027919e-02 1.000000000000000000e+00
0.000000000000000000e+00 7.194909104019402424e-01
4.543976366086675128e-02 4.566763220796224432e-01
2.730112215267309073e-01 3.291975272258542140e-01
4.859790620768288383e-01 3.588487798673196116e-01
3.025043110989029602e-02 2.537340036016897948e-01
4.190525758557898661e-01 1.745681243362789681e-01
4.270927823934728695e-01 2.964466986569314622e-01
3.284487839993122105e-01 3.831941126894244376e-01
1.969434488904562019e-01 2.956421821840921060e-01
5.469954508505581181e-01 2.188977516681260282e-01
5.432292249801435879e-01 3.581868564450539916e-01
4.549964666839750316e-01 4.541604864529512620e-01
3.839906175462474147e-01 3.808832545729530783e-01
6.789969640764290659e-01 2.747701244063602277e-01
6.621351655898330968e-01 4.071584547045275504e-01
5.657122706086961106e-01 5.002012303916832936e-01
5.682955702846543833e-01 4.990120772667990812e-01
7.619520516588693670e-01 2.585155293756875028e-01
8.947513033681904204e-01 1.228038087738071160e-01
1.000000000000000000e+00 0.000000000000000000e+00
