1.900013241145071807e-01 1.000000000000000000e+00
5.885422760337375436e-01 9.193897410452431807e-01
8.759283689081099888e-01 7.471075227983923206e-01
1.000000000000000000e+00 6.077234750851396861e-01
9.585842903972273676e-01 4.902434258412460832e-01
6.105919352318847082e-01 5.080653272653616881e-01
7.591502267458519748e-01 3.963967198076659981e-01
7.405061340129986958e-01 5.492169533998642050e-01
6.488220635308739048e-01 6.844997581207113990e-01
4.398260015455008332e-01 4.921349936750458176e-01
6.417496106472818651e-01 3.723712080918016865e-01
6.112879710852624493e-01 5.719516013741356986e-01
5.093059328036407818e-01 7.267217461931744227e-01
2.342270989491855304e-01 4.795824967492316460e-01
4.669559868541351411e-01 3.610334438947099822e-01
4.718993476809430487e-01 5.560003107335478312e-01
3.719462171309591558e-01 7.076027068488351945e-01
5.922785208309834515e-03 4.718705609781922994e-01
0.000000000000000000e+00 2.561932773016840637e-01
3.344334926707809991e-02 1.189835882363937114e-01
5.550526878473611286e-02 0.000000000000000000e+00
