1.000000000000000000e+00 0.000000000000000000e+00
7.599606879804270410e-01 3.588684978458065444e-01
4.923371855921314100e-01 6.013850270937429743e-01
2.954800048135800550e-01 7.851556226972612462e-01
1.487033042147445916e-01 9.510001284716008696e-01
0.000000000000000000e+00 2.345900035329690214e-01
1.110405550814316800e-01 7.815799253947059988e-01
3.365710070842977131e-01 7.411423419455188677e-01
4.209787066030903913e-01 6.065410971474716195e-01
8.677800274253556767e-02 1.439940100116083310e-01
2.520046401840541628e-01 7.903096853822259016e-01
4.565662269783755667e-01 6.891236745630818783e-01
5.620073967787508895e-01 5.448125002867669764e-01
2.518381063817928811e-01 1.429926197653557940e-01
3.836756370085306900e-01 7.459408135922953598e-01
5.952964159415193857e-01 6.205817813505117853e-01
7.067505439127877986e-01 4.568458730792348543e-01
4.774529131950505656e-01 1.795898200021106006e-01
3.585546405773751832e-01 5.662096174758083356e-01
2.445497838156927839e-01 7.879728213740038179e-01
1.284333788637306573e-01 1.000000000000000000e+00
