7.767772309298860423e-01 1.000000000000000000e+00
3.086175604807654960e-01 9.280903624738922053e-01
8.396764499786248115e-02 7.796590393240229178e-01
0.000000000000000000e+00 6.417606394444567153e-01
1.843860130878362535e-01 5.682979791353923726e-01
5.263945634331926859e-01 5.817736348356981058e-01
4.146347240877423790e-01 4.544575004653650385e-01
3.282757597295553054e-01 5.479453698210482449e-01
3.299943011901826928e-01 6.708226376774240052e-01
6.328882362753872615e-01 5.444654842331229094e-01
4.149465481217302076e-01 4.360588438126573596e-01
3.407053564927015055e-01 5.845364132178376693e-01
3.798467926303748521e-01 7.205957988276283643e-01
7.725835235338787133e-01 4.992778618208331132e-01
5.340710996396853538e-01 3.606159149811938303e-01
4.133345381839684252e-01 5.040961798271125227e-01
4.462201926365662041e-01 6.389827681421738070e-01
9.512470392069843905e-01 4.575861854114929850e-01
1.000000000000000000e+00 2.288868429597138987e-01
9.821483247166041819e-01 9.956335021031403887e-02
9.810659644442896177e-01 0.000000000000000000e+00
