0.000000000000000000e+00 1.000000000000000000e+00
3.962911670993544133e-01 8.990245812663988367e-01
6.990430047870935804e-01 6.963140218196846032e-01
8.900676630484652962e-01 5.606939542406542687e-01
9.776747232704136037e-01 4.919901373902861308e-01
5.354997367169093136e-01 0.000000000000000000e+00
9.302453685469173061e-01 1.638341214152053971e-01
1.000000000000000000e+00 4.137112214609979244e-01
9.661964275378583933e-01 5.782711350292294439e-01
3.814671291414147847e-01 5.917999517839307722e-02
8.166442911332184584e-01 4.876932947774854088e-01
6.919342201667788572e-01 7.222154901137924909e-01
5.552483684212755621e-01 7.103099476893915964e-01
2.587393751508760276e-01 2.360635788823821357e-01
6.798223509697711719e-01 6.589396801667408710e-01
5.477897631581547522e-01 8.466058055718898023e-01
4.063927675499708347e-01 8.299286580753625353e-01
1.710854463036606821e-01 4.962609586323983857e-01
5.157214591953560578e-01 6.417010323085931001e-01
6.320138121273979337e-01 6.885818480530530028e-01
6.886124769362600428e-01 6.618374914378210017e-01
