1.000000000000000000e+00 9.935995847248062507e-01
4.979583242449084346e-01 1.000000000000000000e+00
7.634434444748244841e-02 7.963552413593711909e-01
0.000000000000000000e+00 6.121498930534441385e-01
1.998297874887975112e-01 5.572976721978307735e-01
4.204267932200783653e-01 1.390798842888992248e-01
7.023778943039227229e-02 1.987690966649917068e-01
8.705044987604687590e-02 4.029682076539749525e-01
1.734692197598071972e-01 4.841179303299431580e-01
6.631022711097425137e-01 7.998255734999104583e-02
3.229376719563465947e-01 1.137332207189019617e-01
2.623401904366690074e-01 2.641091999060080631e-01
3.011056014709738715e-01 3.734690196197966161e-01
8.325547812440747819e-01 1.119500577895831406e-01
5.484446721506793798e-01 8.855306757935006712e-02
4.398385659422630600e-01 1.009096428419508917e-01
4.371045156651360286e-01 1.282573887297460691e-01
9.451074104121564012e-01 1.919446712226528795e-01
7.150749063449139964e-01 6.477847174816162013e-02
5.955814382342767832e-01 1.518861741976619897e-02
5.456034907113737065e-01 0.000000000000000000e+00
