0.000000000000000000e+00 6.355693193521890771e-01
1.537395162540107496e-01 8.104734800864176192e-01
3.507472355200849656e-01 9.512306670393211316e-01
5.154868678795114789e-01 1.000000000000000000e+00
5.800027357027143227e-01 8.818634205948004956e-01
9.471842443455914529e-01 7.852196420708799085e-01
8.254308980928315442e-01 8.171676020247611305e-01
5.783251868524817985e-01 8.009098862663699414e-01
4.312546311360840323e-01 7.930472306261892035e-01
9.440055471480174321e-01 6.125224929202939261e-01
6.983779375791373534e-01 6.243517895502425086e-01
4.455201497710032377e-01 6.638272376383758111e-01
3.325082208115718863e-01 6.849203967945238780e-01
8.291473925862954397e-01 4.598982353197032524e-01
6.563754330906415024e-01 4.494169912576527204e-01
4.223379345295014686e-01 5.321076382324491094e-01
2.762862910399008776e-01 5.877113614709571499e-01
6.588925038257481548e-01 3.423250670781040617e-01
8.045415156590327577e-01 2.123060982460366897e-01
9.066375423124510835e-01 1.020081812124216947e-01
1.000000000000000000e+00 0.000000000000000000e+00
