4.506590902277507471e-01 3.483226836091425360e-01
7.005048563297433528e-01 2.511439176503500459e-01
9.040536297429224710e-01 1.374111022919613234e-01
1.000000000000000000e+00 1.585004900898066005e-01
9.536091258080514610e-01 2.733072128184735883e-01
5.448445906109029568e-01 0.000000000000000000e+00
6.385335972183725506e-01 2.832280781805136538e-01
7.781288180450242065e-01 3.600966887832288132e-01
8.314124879755413478e-01 2.969898542022978982e-01
2.861894786447192751e-01 9.145723248131494565e-02
4.535370710969619523e-01 4.215982302943101501e-01
6.609804805365498970e-01 4.899235522719986857e-01
7.021492289882940163e-01 3.954052840325806839e-01
1.027565923486312011e-01 2.134358061590058142e-01
2.761170715492762273e-01 5.376214864851069919e-01
4.792769073066106555e-01 5.874876513858537930e-01
5.384630151583126301e-01 5.219655959882520957e-01
0.000000000000000000e+00 3.471512651069977862e-01
8.750308336309316204e-02 6.979776148420223647e-01
1.641206458837037030e-01 9.013885485239591100e-01
1.623855474027958157e-01 1.000000000000000000e+00
