4.106852674909161061e-01 3.177654301811660975e-01
6.725191788996051079e-01 2.209631596040610435e-01
9.055957137079624353e-01 1.251720583459241254e-01
1.000000000000000000e+00 1.498169982631779584e-01
9.266311078041740146e-01 2.596095680537708894e-01
5.327600999465990084e-01 0.000000000000000000e+00
6.118050686009461892e-01 2.669909205156807963e-01
7.585039256524378493e-01 3.451120462022903568e-01
8.186414410535567399e-01 2.938673237408040428e-01
2.721034140061092677e-01 1.093093661305581804e-01
4.216086971515637383e-01 4.176167412699981485e-01
6.441406254082145955e-01 4.872724833731060801e-01
6.999893407014863289e-01 3.997085527895056223e-01
9.700013898889238428e-02 2.348838588514381709e-01
2.578855295842560347e-01 5.282236405484403985e-01
4.780005664058621928e-01 5.799927985427639765e-01
5.512427488031802492e-01 5.154118245103714857e-01
0.000000000000000000e+00 3.659815868622827151e-01
8.460765943750254980e-02 7.027828690040808235e-01
1.687142273419367233e-01 9.054145074062045495e-01
1.720692938005728978e-01 1.000000000000000000e+00
