0.000000000000000000e+00 8.458841723984936722e-01
2.459114768572149001e-01 9.082682928165261016e-01
4.986837625882239999e-01 9.244331150944539166e-01
7.048860242518817376e-01 9.428614732849511793e-01
8.681751353389641768e-01 1.000000000000000000e+00
6.186662285590605048e-01 5.363007428547195143e-01
8.081221795075410608e-01 4.002659841047646050e-01
9.106723632811609681e-01 3.112094777575860616e-01
1.000000000000000000e+00 2.238912816089062285e-01
5.129798495421294957e-01 4.328025905187073974e-01
6.835227170159766663e-01 2.545772593698522601e-01
7.729724318600749156e-01 1.400634844911592958e-01
8.442833795236600603e-01 4.059925311898296418e-02
3.789352417028357678e-01 3.781334321780908669e-01
5.225874618198156352e-01 2.035461686164845296e-01
6.005295583142314930e-01 9.581577333966473375e-02
6.703755684747053634e-01 3.854064615129719116e-04
2.125154968105608111e-01 3.627951020570427398e-01
2.761554890573690857e-01 2.017671436841028954e-01
3.135226094340589631e-01 9.727212977078847356e-02
3.553608525447590760e-01 0.000000000000000000e+00
