8.700435943769835312e-02 7.316318835905000206e-01
3.227564574204350722e-01 8.181572653504499693e-01
5.576683456236264380e-01 8.482625114964708057e-01
7.518833017001645969e-01 9.141609697036350290e-01
9.287819740702550897e-01 1.000000000000000000e+00
5.788385070999385595e-01 5.120693245154884776e-01
7.751962068022638652e-01 3.903673405339324609e-01
8.884893614630415826e-01 3.185999402502047717e-01
1.000000000000000000e+00 2.481131202436128447e-01
4.516524072154660119e-01 3.982338939598724092e-01
6.044184054207496493e-01 2.438544385011317817e-01
7.136099322620328422e-01 1.474325358758625804e-01
8.176069485594913422e-01 4.970222338309241567e-02
2.801668861457423110e-01 3.424400917772948971e-01
3.812796209798808844e-01 1.836194695814195033e-01
4.675207176296902190e-01 9.148810184423007696e-02
5.627721036654700359e-01 0.000000000000000000e+00
8.928612134187420557e-02 3.400245336280364183e-01
5.741882975290812235e-02 1.936104601706590822e-01
2.244465622406450339e-02 1.134961107309224032e-01
0.000000000000000000e+00 3.054616074036098708e-02
