1.903800725781245595e-01 1.000000000000000000e+00
7.202242093091955344e-02 8.057454703070970892e-01
4.819120139838389827e-02 6.012171761191111852e-01
3.982843496728731558e-02 4.336767872087739506e-01
0.000000000000000000e+00 3.047968161618599403e-01
2.949495593135774141e-01 4.389621147267909196e-01
4.514775606118137108e-01 2.137482349438038776e-01
5.605037777828120182e-01 8.678778891207702961e-02
6.542704835271376806e-01 0.000000000000000000e+00
4.344807194669649819e-01 4.948685937057327733e-01
6.441076146198521091e-01 2.618309847960626491e-01
7.839139640459664715e-01 1.261337335431176321e-01
8.965445379261631764e-01 3.499797514893497608e-02
5.494202116728087448e-01 5.925127259589536566e-01
7.515485827301177091e-01 3.972399818686493389e-01
8.856206339425796159e-01 2.837336088290640657e-01
9.842365013975625798e-01 2.055111495728161874e-01
6.345293311239970091e-01 7.163975637202262270e-01
8.102638107513714383e-01 6.114640302152463125e-01
9.163776607684341879e-01 5.484956993114630253e-01
1.000000000000000000e+00 4.997577751183072126e-01
