8.559743475923548006e-01 0.000000000000000000e+00
8.803564826151084599e-01 2.265166944382845660e-01
8.807743287791355291e-01 4.596208803465581805e-01
9.317784368179772292e-01 6.703013272713553850e-01
1.000000000000000000e+00 8.471026629450392198e-01
5.477329341820664776e-01 5.320833524170534012e-01
4.271401986075048507e-01 7.508855230515412149e-01
3.380904113369676556e-01 8.806448902474667273e-01
2.456637526249290104e-01 1.000000000000000000e+00
4.613535084403720954e-01 4.026246238310466352e-01
2.711938236353237386e-01 5.897624711149362930e-01
1.395831845062743826e-01 7.041315402654411137e-01
1.849463693307507733e-02 8.074436722722828641e-01
4.278397359658486776e-01 2.387996466408973395e-01
2.365460602817888169e-01 3.898715366343171729e-01
1.126977757108027917e-01 4.982528758205038710e-01
0.000000000000000000e+00 6.005076983452025674e-01
4.297195366091111635e-01 4.881172951882994937e-02
2.676772475600972534e-01 1.325345739343952722e-01
1.589019773593554896e-01 1.932600804053415111e-01
5.438237399120608717e-02 2.607635311263436506e-01
