8.692781602945645059e-01 0.000000000000000000e+00
9.319852778701432916e-01 1.972781302728942032e-01
9.529016195135272538e-01 4.209013733265616342e-01
9.740463943369296329e-01 6.166932251987417013e-01
1.000000000000000000e+00 7.803435510641325568e-01
6.446593114941663316e-01 5.370959686844259950e-01
5.340594785749792628e-01 7.442390995672335530e-01
4.724598580879822984e-01 8.786954310418927383e-01
4.154391113568321470e-01 1.000000000000000000e+00
5.330180427162427570e-01 4.529339732849497202e-01
3.708936507157623574e-01 6.622999934596013327e-01
2.709641160275972904e-01 7.926422811750037933e-01
1.839201023331881457e-01 9.175163845449774147e-01
4.601994424340766776e-01 3.265482036450451653e-01
2.848776625266263851e-01 5.071127742449013098e-01
1.701688515891421338e-01 6.223683811255941167e-01
6.977445004597618294e-02 7.387759927956480954e-01
4.171832954541644933e-01 1.695499830928880458e-01
2.358428574781159803e-01 2.520976726940288848e-01
1.117073300077688625e-01 2.990128229291628692e-01
0.000000000000000000e+00 3.535656113815993651e-01
