3.976408800609245175e-01 0.000000000000000000e+00
5.711070093838545025e-01 9.666177028108151326e-02
7.294295854787818945e-01 2.318146734379960550e-01
8.680499829555821112e-01 3.211318653413539059e-01
1.000000000000000000e+00 3.473323855892898604e-01
5.934592280899241290e-01 3.240014944765760574e-01
6.101098264251564318e-01 5.906431337568479600e-01
6.163868045809663965e-01 7.706094315900720026e-01
6.153729034166111056e-01 9.208746796825001413e-01
4.558530795517690137e-01 3.234491879158573613e-01
4.393416604872971698e-01 6.167312577085822811e-01
4.165178598443181612e-01 8.308490686157291583e-01
3.921745637745362445e-01 1.000000000000000000e+00
3.278080113424498010e-01 3.015334629215249418e-01
2.889746299351171333e-01 5.710704116809971476e-01
2.624683864476254347e-01 7.743144482870732981e-01
2.426402439817485213e-01 9.394881513281754248e-01
2.148240042996031052e-01 2.665465622858229633e-01
1.205971687973290407e-01 4.709342700248753122e-01
5.474934133288391486e-02 6.182755422076161578e-01
0.000000000000000000e+00 7.490981421525287898e-01
