1.000000000000000000e+00 9.948208845189367988e-01
6.876805180655639615e-01 1.000000000000000000e+00
4.160137840357308603e-01 9.610647297273172684e-01
1.941621705189952862e-01 9.460558644556646968e-01
8.345176877803255370e-04 9.789102499116566491e-01
4.040474932712445066e-01 5.511592653415666732e-01
2.001515612327058879e-01 4.083551455343695236e-01
9.018258638972588559e-02 3.289590989731159820e-01
0.000000000000000000e+00 2.496139026123919968e-01
5.239404176524176115e-01 4.683826149544832451e-01
3.345659418036446842e-01 2.635311320202037288e-01
2.090658881291449778e-01 1.443936236039799204e-01
1.113215015332288810e-01 4.968180599804217223e-02
6.671534097329837598e-01 4.303110247037234548e-01
5.201703585020583942e-01 2.153376450092719385e-01
4.016937103266791653e-01 9.561390918618217771e-02
2.965231532702146122e-01 0.000000000000000000e+00
8.358819981148526423e-01 4.326176516707126440e-01
7.834232170079464819e-01 2.419144475344838785e-01
7.332445710688673124e-01 1.163024002776975180e-01
6.755842537046893304e-01 6.027778903843688391e-03
