1.000000000000000000e+00 9.841348406132738313e-01
7.080819059626344281e-01 1.000000000000000000e+00
4.368137067064933876e-01 9.510668028476950697e-01
2.091412089101946925e-01 9.076812127191062896e-01
0.000000000000000000e+00 9.204238536665358961e-01
4.094254952718973106e-01 5.664419349203754228e-01
2.252637756722163931e-01 3.926710115355106501e-01
1.258482428171846523e-01 2.827737565468846914e-01
4.009296113532762745e-02 1.767500681970551046e-01
5.603500858241383664e-01 4.825057430987254592e-01
4.026630787735566153e-01 2.687843260141466462e-01
3.141467581864017533e-01 1.297072112237936947e-01
2.422807909660927850e-01 7.094776751346687678e-03
7.341236246304546631e-01 4.509612621158216039e-01
6.080462037637301975e-01 2.435557207447027195e-01
5.222965453790325840e-01 1.148968068645048746e-01
4.419576464734065735e-01 0.000000000000000000e+00
9.308324120880691055e-01 4.591423647933861041e-01
8.880917960799651345e-01 2.780557988239709677e-01
8.534758116167908693e-01 1.578869780087816810e-01
8.087881576575134401e-01 4.187749264965551915e-02
