1.000000000000000000e+00 9.154192925260924429e-01
7.901978380716072614e-01 1.000000000000000000e+00
5.412193617633049847e-01 9.918162605413490818e-01
3.377279520836948823e-01 9.607757264367469130e-01
1.707044859700049266e-01 9.727506227093439817e-01
4.163981619952997204e-01 6.733679726320935810e-01
2.181554695973947355e-01 5.524033019051579618e-01
9.786411538095622642e-02 4.708181737841574122e-01
0.000000000000000000e+00 3.912357602321959171e-01
5.068323467453343945e-01 5.530604385401908241e-01
3.134033248082422340e-01 3.887416826408426340e-01
1.930435498670147743e-01 2.823797753265837041e-01
9.212782474848761616e-02 1.876470019199322770e-01
6.348555456094897576e-01 4.733849994426306274e-01
4.634172776407807226e-01 3.020094719864805932e-01
3.412370875749704546e-01 1.983604090803593734e-01
2.316737094348924886e-01 1.057417718512956295e-01
7.953069891846058503e-01 4.336247837613353417e-01
7.733739084377815320e-01 2.484475055539647759e-01
7.601163333969352953e-01 1.170829446598868478e-01
7.424100488852455326e-01 0.000000000000000000e+00
