9.010407055680083044e-01 1.000000000000000000e+00
9.883469444074348687e-01 8.066446420542098261e-01
9.911099159292688920e-01 6.185420322336334653e-01
9.743466748062596938e-01 4.729317417770297349e-01
1.000000000000000000e+00 3.546815360908812109e-01
7.872689117050277741e-01 4.546324204959144022e-01
6.218639896333747474e-01 2.247718252398114847e-01
5.070630319520466056e-01 9.392209431180177648e-02
4.098478241354529539e-01 0.000000000000000000e+00
6.648304287901946052e-01 4.991593527327393143e-01
4.457047804478257436e-01 2.534700051087483419e-01
2.956202339499929832e-01 1.116716867665255297e-01
1.748874630460879875e-01 1.331874568162871690e-02
5.523409536617840399e-01 5.884529573529782009e-01
3.222656209848000497e-01 3.806558501655218918e-01
1.707948897948906863e-01 2.652421154940372561e-01
5.425855809968958832e-02 1.801142553798181778e-01
4.556650460901515154e-01 7.112721717473502459e-01
2.408208092949557233e-01 6.185678484074275119e-01
1.106715761360473754e-01 5.609805268211883744e-01
0.000000000000000000e+00 5.117304023457172057e-01
