9.129956405623016469e-01 7.316318835905000206e-01
6.772435425795649833e-01 8.181572653504499693e-01
4.423316543763735065e-01 8.482625114964708057e-01
2.481166982998353476e-01 9.141609697036350290e-01
7.121802592974493806e-02 1.000000000000000000e+00
4.211614929000614960e-01 5.120693245154884776e-01
2.248037931977361070e-01 3.903673405339324609e-01
1.115106385369583619e-01 3.185999402502047717e-01
0.000000000000000000e+00 2.481131202436128447e-01
5.483475927845339326e-01 3.982338939598724092e-01
3.955815945792502952e-01 2.438544385011317817e-01
2.863900677379671578e-01 1.474325358758625804e-01
1.823930514405086856e-01 4.970222338309241567e-02
7.198331138542576335e-01 3.424400917772948971e-01
6.187203790201191156e-01 1.836194695814195033e-01
5.324792823703098366e-01 9.148810184423007696e-02
4.372278963345299641e-01 0.000000000000000000e+00
9.107138786581258083e-01 3.400245336280364183e-01
9.425811702470918707e-01 1.936104601706590822e-01
9.775553437759354480e-01 1.134961107309224032e-01
1.000000000000000000e+00 3.054616074036098708e-02
