2.642077007784197559e-02 0.000000000000000000e+00
0.000000000000000000e+00 2.327505554355187578e-01
1.662092838443539680e-02 4.899288380614526539e-01
3.172546287299608803e-02 7.076497402227338585e-01
2.897468832401978514e-02 8.885204521623171203e-01
3.543497185397243565e-01 5.559842947025026572e-01
4.980868126815904406e-01 7.638881750959853889e-01
5.860299960976318445e-01 8.912893557378500642e-01
6.706029237742693327e-01 1.000000000000000000e+00
4.559417109435357496e-01 4.409162446020439274e-01
6.596472227620234774e-01 6.407262516167969713e-01
7.901796195270076595e-01 7.619563600024001904e-01
9.081584772232833558e-01 8.757333941798806087e-01
5.082772861636561945e-01 2.845203477616964349e-01
7.259306831988042719e-01 4.545533066071332229e-01
8.672073105416076011e-01 5.623073936358135017e-01
9.916723938263588556e-01 6.698226776983322583e-01
5.238249843194316968e-01 9.765023262772326573e-02
7.296185790640320468e-01 1.386776585093367209e-01
8.728294064766671800e-01 1.634822235071989316e-01
1.000000000000000000e+00 1.981533198455624201e-01
