1.000000000000000000e+00 9.091454726971441858e-01
7.389780556383440668e-01 9.592616908189176561e-01
4.911785589392346774e-01 9.544687882546181168e-01
2.740584706868366416e-01 9.526383414815575712e-01
8.868046210949193098e-02 1.000000000000000000e+00
4.200347226819907132e-01 5.618280278061800193e-01
2.095152217803862016e-01 4.233578115305558498e-01
9.310067949744584015e-02 3.291400248307469467e-01
0.000000000000000000e+00 2.369500694869000057e-01
5.385116568228572875e-01 4.667933206925876100e-01
3.302032414348655687e-01 2.827466019290222898e-01
2.152636968021312824e-01 1.574180331645031183e-01
1.302130964596366069e-01 4.866976936370659423e-02
6.956422122403315145e-01 4.215849839256795573e-01
5.312755940311544300e-01 2.259342318722505072e-01
4.245966874526649337e-01 1.042569534591550884e-01
3.312480043032161037e-01 0.000000000000000000e+00
8.828403614058996096e-01 4.182642900403580888e-01
8.678523665192248160e-01 2.431621036135394043e-01
8.513105771983814352e-01 1.252840566593678151e-01
8.242189187388085925e-01 1.608366407038674603e-02
