1.000000000000000000e+00 2.763927788762540749e-01
9.486571655728420760e-01 4.882492753848381994e-01
8.533639411305135036e-01 6.872965514256175190e-01
7.654649523728161986e-01 8.511749503743359924e-01
7.162741253422364451e-01 1.000000000000000000e+00
5.599766307815047250e-01 5.956857720155095404e-01
3.685741883123593854e-01 6.952323291292797913e-01
2.476373802775370392e-01 7.552146486858147822e-01
1.351180379777358609e-01 8.021490673371842739e-01
5.145962540355305537e-01 4.584901922373640915e-01
2.867352126998474748e-01 5.189489847618551366e-01
1.380253423742078822e-01 5.579506223948954569e-01
0.000000000000000000e+00 5.931506872120893004e-01
5.240507288412807885e-01 3.135091129755919748e-01
2.998500842587093485e-01 3.519131893555517143e-01
1.539640863613878918e-01 3.899162093484373481e-01
2.001492267902736655e-02 4.305991539358409725e-01
5.772161142887063390e-01 1.670396799984017744e-01
4.067904390133670334e-01 9.309214085974902575e-02
2.902777988290588529e-01 3.885258028480719633e-02
1.797187977529173530e-01 0.000000000000000000e+00
