0.000000000000000000e+00 3.821077466462069472e-01
7.470639697074260566e-02 5.734415801178903704e-01
1.936126727509152323e-01 7.404663879572079832e-01
3.016555464159482725e-01 8.742029561149241568e-01
3.702170506302083219e-01 1.000000000000000000e+00
4.710930613130116518e-01 6.141083399583773250e-01
6.677349647865766791e-01 6.775028370189635218e-01
7.916825335258119711e-01 7.103102750148483358e-01
9.064092952073438125e-01 7.307045034953600915e-01
4.951843221070886814e-01 4.775077090326100837e-01
7.222789909357829607e-01 5.058600414988213556e-01
8.649560113977290410e-01 5.166342106605026352e-01
1.000000000000000000e+00 5.238605836135601379e-01
4.644561236383900615e-01 3.425506085578571280e-01
6.848370269603001326e-01 3.493274556755139870e-01
8.274214805550224039e-01 3.587294614174710849e-01
9.620361136160926474e-01 3.690492533742307235e-01
3.893763914207319932e-01 2.113435135021871358e-01
5.417458564656022491e-01 1.197643142754335061e-01
6.428493495576997896e-01 5.279967374023868121e-02
7.433819024838731471e-01 0.000000000000000000e+00
