0.000000000000000000e+00 3.116095912178113436e-01
6.086131589425548133e-02 5.203366187847310309e-01
1.440910845932021345e-01 7.037173573529945658e-01
1.890171082305949490e-01 8.666222124359859169e-01
2.011984338614124235e-01 1.000000000000000000e+00
4.676845553260725041e-01 5.473456851777867005e-01
6.550136999092968093e-01 6.271701231249773301e-01
7.770834852485315469e-01 6.647125721861039116e-01
8.913425124211986628e-01 6.900258326371989659e-01
5.019875753914690986e-01 4.079002923764210031e-01
7.267070065999831074e-01 4.530292058620564166e-01
8.742884466983559255e-01 4.683686394508407846e-01
1.000000000000000000e+00 4.773478643809246913e-01
4.865052090082084280e-01 2.691108170195765092e-01
6.987803592140874320e-01 2.851209798242109739e-01
8.330277979894209484e-01 2.927544900664657002e-01
9.470630835838731443e-01 2.974448275705516842e-01
4.319422972305881347e-01 1.263944630080267306e-01
5.920551018063525683e-01 7.842634293393382916e-02
6.962735617193634985e-01 3.814513492899429536e-02
7.953251125134231936e-01 0.000000000000000000e+00
