7.674949577830972869e-01 0.000000000000000000e+00
8.414339137094217769e-01 1.930137998235866570e-01
8.844550421940510221e-01 4.094125325605974530e-01
9.430926846226819205e-01 5.787986272428001788e-01
1.000000000000000000e+00 7.172874617304932920e-01
6.067631443080268028e-01 5.239473810866936976e-01
5.585316869378589288e-01 7.381341699355054020e-01
5.347743483204112636e-01 8.762577261242100457e-01
5.059268805042963502e-01 1.000000000000000000e+00
4.946876765766154427e-01 4.710684080103463289e-01
3.801836876685023570e-01 6.889968872086087437e-01
3.110105198339385701e-01 8.304227659814712448e-01
2.502562812715329321e-01 9.590653975657992270e-01
4.115257941063153457e-01 3.738167940948053380e-01
2.625937355701342124e-01 5.730493995249773542e-01
1.746195238111923342e-01 7.022356984643722821e-01
1.014497544742391094e-01 8.276700838566404261e-01
3.527307799710454606e-01 2.466318871184378092e-01
1.960621424763908105e-01 3.670516217494969591e-01
9.121053881604375413e-02 4.509629390705459095e-01
0.000000000000000000e+00 5.368409009692625133e-01
