2.458899688733148237e-01 5.326742751098094697e-01
4.760562534385422429e-01 6.910998940511535737e-01
6.865128325283499366e-01 7.876519237974000109e-01
8.453036001073640504e-01 8.943299239021402780e-01
1.000000000000000000e+00 1.000000000000000000e+00
6.712092806161867875e-01 2.646882834541203766e-01
7.593220640595781390e-01 3.342545108829204636e-01
8.116672425375291988e-01 5.337783453448977644e-01
8.765083244233999871e-01 7.771435170451417296e-01
5.364506792557474091e-01 1.100679603437093312e-01
6.215558967940552071e-01 1.695981866499082225e-01
6.765750747767079742e-01 4.002004836853547687e-01
7.086239565738995383e-01 6.847139582569602423e-01
3.760365675526180507e-01 2.398391833479029955e-02
3.959309904039647332e-01 3.629896105674910306e-02
4.190462429245737641e-01 2.328209115360702908e-01
4.347871662853066699e-01 4.615851505104747177e-01
2.068988464293287921e-01 0.000000000000000000e+00
1.092644522578339467e-01 2.279820437519051307e-02
4.295434357394849190e-02 1.438782649097151978e-01
0.000000000000000000e+00 2.885951236674146325e-01
