3.472961166381011155e-01 0.000000000000000000e+00
2.596602794003018411e-01 1.608794308901837500e-01
1.978205870285469070e-01 3.437408205915773451e-01
1.009962246474413738e-01 4.888314306545976651e-01
0.000000000000000000e+00 6.007292998613283919e-01
4.576740869998395245e-01 5.110133833854839658e-01
4.612720410193367759e-01 7.130424106809464257e-01
4.770138839528277885e-01 8.471737141042428032e-01
5.086939068516229678e-01 9.688685312215613576e-01
5.784538446758323849e-01 4.710403401930470801e-01
6.883606301339946221e-01 7.197109579401558266e-01
7.704333450759979218e-01 8.717201076619810474e-01
8.537729013423196456e-01 1.000000000000000000e+00
6.607514242525618364e-01 3.733682037421108268e-01
7.982411654029217818e-01 5.653346132379237776e-01
8.881026351234484473e-01 6.986369164412056243e-01
9.706087778475251948e-01 8.195184108279759405e-01
7.138605913580301499e-01 2.320518433390849344e-01
8.450653899405679015e-01 3.634859830003049908e-01
9.265471759650869554e-01 4.569879072532434527e-01
1.000000000000000000e+00 5.524601105877395835e-01
