2.804679374181658913e-01 0.000000000000000000e+00
2.207861179979543065e-01 1.835172228172413655e-01
1.821729226844786831e-01 3.798061585705352350e-01
9.376882701160782485e-02 5.379785343413360232e-01
0.000000000000000000e+00 6.675173795431307289e-01
4.634781709295099361e-01 5.160134232162245649e-01
5.142550565647103777e-01 7.372226658584003500e-01
5.537537647859266388e-01 8.750185611094055682e-01
6.057571529853915671e-01 1.000000000000000000e+00
5.691593224242120774e-01 4.425116525921326538e-01
7.135696747518363026e-01 6.783546185939683948e-01
8.134505502742156446e-01 8.247633138531661467e-01
9.077239581477727359e-01 9.472474904378284100e-01
6.338563772770706706e-01 3.185404723460062426e-01
7.995170669268018004e-01 5.022205431576125534e-01
9.030045922652549795e-01 6.356607276311082577e-01
9.950393771551476751e-01 7.551105663303367965e-01
6.657199251992466094e-01 1.610896701387536101e-01
8.167645357936201833e-01 2.836035111051646296e-01
9.113786867657427404e-01 3.680254474757893024e-01
1.000000000000000000e+00 4.536635678426080287e-01
