1.828542227277228094e-01 1.000000000000000000e+00
5.517275941986978793e-01 9.190402984717270796e-01
7.448706338767422386e-01 7.593658670324006099e-01
8.724162721447890068e-01 6.600242226412487145e-01
1.000000000000000000e+00 5.956464001526475815e-01
4.545118899074354624e-01 4.797046445135906279e-01
5.196573758171335600e-01 3.000882114051788285e-01
5.638106431563368881e-01 1.956800563899148415e-01
5.991873715567146430e-01 1.022093926154631904e-01
3.048413610426227716e-01 4.685117451833046842e-01
3.463790422289844129e-01 2.543706873034307092e-01
3.981779974968616131e-01 1.194968266789178668e-01
4.366603171375447734e-01 0.000000000000000000e+00
1.636627614723067115e-01 4.943376157542206384e-01
1.845620323450400668e-01 2.884111107286538855e-01
2.399046849812833671e-01 1.588713236232154880e-01
2.813520741183910823e-01 4.177501863693182382e-02
2.080427453183762015e-02 5.554280348807291157e-01
0.000000000000000000e+00 3.964721515331217638e-01
4.230903326427382788e-02 2.873840296648506043e-01
9.449700310065932418e-02 1.845518080508925796e-01
