7.429790480378249962e-01 0.000000000000000000e+00
8.268722571376532215e-01 1.840493421543211439e-01
8.745814761474772769e-01 3.954771192614547348e-01
9.356644019649585919e-01 5.603201871125447209e-01
1.000000000000000000e+00 6.965196380097118389e-01
6.028194760619594028e-01 5.168820278704721050e-01
5.705711988813062518e-01 7.340086673493168012e-01
5.571259909267564092e-01 8.735999833417609217e-01
5.361106384178339068e-01 1.000000000000000000e+00
4.877221585125304792e-01 4.743680632292728294e-01
3.924283750254053404e-01 7.091479338859253412e-01
3.378952849954606763e-01 8.606573194811071303e-01
2.891809551498031872e-01 9.975097058160609098e-01
3.978148210065644563e-01 3.850788325838532811e-01
2.681094569165035635e-01 5.988123125772237820e-01
1.895693055970830154e-01 7.380064196126002729e-01
1.229259844223569570e-01 8.694769566185125420e-01
3.285825755957293426e-01 2.631136781307429895e-01
1.846706895773770341e-01 3.981468271823067062e-01
8.567687923007438755e-02 4.875132147390523474e-01
0.000000000000000000e+00 5.767583798399289474e-01
