1.000000000000000000e+00 4.684603213222842122e-01
8.885504518341684754e-01 6.252688830417177934e-01
7.567424792969809078e-01 7.633984318982699468e-01
6.584445002756081911e-01 8.845729412219657251e-01
6.017271855031818273e-01 1.000000000000000000e+00
4.694169349960100046e-01 5.356529849844430258e-01
2.758255995846233266e-01 5.471729616852742950e-01
1.563076082320936089e-01 5.419569327917270751e-01
4.658812112938494343e-02 5.295627337369063214e-01
4.671355224399652561e-01 4.123158302222121874e-01
2.494033888136398258e-01 3.921142545474466945e-01
1.149759566738168676e-01 3.637624008456019076e-01
0.000000000000000000e+00 3.351765081216777076e-01
5.125732845901173063e-01 3.042059148629683296e-01
3.076375277042650014e-01 2.654916914133056416e-01
1.833762124771490809e-01 2.321028627685406409e-01
7.801974632161207124e-02 2.007261252000006324e-01
6.000536231177738822e-01 2.032295572352297575e-01
4.636490747649634758e-01 1.195485222107462997e-01
3.729242136052325907e-01 5.786886725113313257e-02
2.852640513291499480e-01 0.000000000000000000e+00
