0.000000000000000000e+00 9.841348406132738313e-01
2.919180940373655719e-01 1.000000000000000000e+00
5.631862932935066679e-01 9.510668028476950697e-01
7.908587910898052797e-01 9.076812127191062896e-01
1.000000000000000000e+00 9.204238536665358961e-01
5.905745047281026894e-01 5.664419349203754228e-01
7.747362243277835514e-01 3.926710115355106501e-01
8.741517571828153477e-01 2.827737565468846914e-01
9.599070388646723240e-01 1.767500681970551046e-01
4.396499141758616336e-01 4.825057430987254592e-01
5.973369212264434402e-01 2.687843260141466462e-01
6.858532418135983022e-01 1.297072112237936947e-01
7.577192090339072150e-01 7.094776751346687678e-03
2.658763753695452814e-01 4.509612621158216039e-01
3.919537962362698580e-01 2.435557207447027195e-01
4.777034546209674160e-01 1.148968068645048746e-01
5.580423535265934820e-01 0.000000000000000000e+00
6.916758791193090838e-02 4.591423647933861041e-01
1.119082039200348794e-01 2.780557988239709677e-01
1.465241883832091030e-01 1.578869780087816810e-01
1.912118423424865599e-01 4.187749264965551915e-02
