0.000000000000000000e+00 9.722451232469458970e-01
2.909830213542983768e-01 1.000000000000000000e+00
5.775175834844925582e-01 9.703968204641885142e-01
8.116724811055945343e-01 9.463878436706502084e-01
1.000000000000000000e+00 9.818590705269469865e-01
5.985703700387186021e-01 5.570358356617330919e-01
7.690697664100084596e-01 3.874812502077385479e-01
8.527214518712490365e-01 2.802031403017397615e-01
9.222857783623813477e-01 1.785175741920622117e-01
4.568155388913964221e-01 4.664355833953018893e-01
6.031249130254322521e-01 2.561796477311218401e-01
6.757096015485809515e-01 1.250451248110949487e-01
7.296808250170520038e-01 1.441647731477320449e-02
2.961847559649931627e-01 4.306155039045366784e-01
4.171046151277059133e-01 2.251678453378908595e-01
4.828852201923786724e-01 1.053530216248937112e-01
5.421506486235531108e-01 0.000000000000000000e+00
1.121327555600194065e-01 4.390255896560453786e-01
1.553923425271249714e-01 2.623806099553228077e-01
1.800203132254183103e-01 1.483665870036870726e-01
2.121248698658786680e-01 4.143075319641854881e-02
