1.000000000000000000e+00 9.501686738655648057e-01
7.554480410822665970e-01 1.000000000000000000e+00
4.869804359210104794e-01 9.613348118125178976e-01
2.824577465313277691e-01 9.038193763769829525e-01
1.116112068806384278e-01 8.872480342088375771e-01
3.974781182912528466e-01 6.363279749419830100e-01
2.039138521166648788e-01 4.952005246492541812e-01
9.058786153356393478e-02 3.992788816303344257e-01
0.000000000000000000e+00 3.087573180914904847e-01
5.113099619703399545e-01 5.263767060534942921e-01
3.288780262531927345e-01 3.406922200062749706e-01
2.155188410847277969e-01 2.220118087494239167e-01
1.203263238243530431e-01 1.178636621120486838e-01
6.589886241346333273e-01 4.610105295829822203e-01
5.062480305895390442e-01 2.771640655844697099e-01
3.873293191094265286e-01 1.629049600195133507e-01
2.811670438974912534e-01 6.196940488141426673e-02
8.357718129716666944e-01 4.383302889437747929e-01
8.465828846127065876e-01 2.555331027475911121e-01
8.522633687549245884e-01 1.216314338989408356e-01
8.530585814804008127e-01 0.000000000000000000e+00
