1.000000000000000000e+00 1.244029283214915932e-01
9.652461264406837493e-01 3.682432901533373992e-01
9.205487138087997678e-01 5.998929490000384224e-01
9.223243579276985127e-01 8.180294551801041703e-01
9.438179809413518306e-01 1.000000000000000000e+00
5.602133737449038753e-01 5.096169662350090723e-01
3.907313212811644454e-01 6.722822824586962565e-01
2.812580848241820197e-01 7.642062204401454117e-01
1.775683554992510960e-01 8.395946641658726950e-01
4.994983796864952974e-01 3.552616541128518768e-01
2.714933000456438705e-01 4.789647054802421700e-01
1.249702614456632832e-01 5.462375405346515667e-01
0.000000000000000000e+00 5.991018824313527613e-01
4.943008385133435545e-01 1.870822367437270095e-01
2.752013807528336797e-01 2.679090795483189957e-01
1.342516141091192605e-01 3.249267545789736866e-01
1.479995803455676044e-02 3.766124406666694902e-01
5.298983045131413494e-01 0.000000000000000000e+00
3.534571413632336956e-01 9.100403103491000456e-03
2.367237200420823917e-01 1.831228984999508716e-02
1.245020598219705177e-01 3.150127211515045544e-02
