6.028523034058987928e-01 0.000000000000000000e+00
4.372731311648533903e-01 1.451711146791115903e-01
2.704494391955339361e-01 3.461836973669131789e-01
1.425256725221731857e-01 5.023879798208847891e-01
0.000000000000000000e+00 6.109610559655911377e-01
3.163569462202094340e-01 3.192805216432958448e-01
2.706034003990317460e-01 6.045581612524900672e-01
2.495631311734589630e-01 8.007324560441033690e-01
2.298215184408048395e-01 9.690400778295503725e-01
4.403267732665459011e-01 2.601124163978474901e-01
4.204973056398226272e-01 5.608351193654648181e-01
4.110984748531207877e-01 8.052298434387397119e-01
4.094077179781232534e-01 1.000000000000000000e+00
5.873789677574103862e-01 2.014988649857239467e-01
6.057078612762617498e-01 4.501117946392215186e-01
6.031498209144873224e-01 6.818316338597556481e-01
5.975918840540707100e-01 8.717394246172527339e-01
7.290506562870112672e-01 1.539279296413062215e-01
8.474168587987224166e-01 3.451631293477386286e-01
9.314468183346201746e-01 4.737032675244497448e-01
1.000000000000000000e+00 5.810409031836479832e-01
