0.000000000000000000e+00 9.948208845189367988e-01
3.123194819344360385e-01 1.000000000000000000e+00
5.839862159642691397e-01 9.610647297273172684e-01
8.058378294810046860e-01 9.460558644556646968e-01
9.991654823122196882e-01 9.789102499116566491e-01
5.959525067287554378e-01 5.511592653415666732e-01
7.998484387672941676e-01 4.083551455343695236e-01
9.098174136102741283e-01 3.289590989731159820e-01
1.000000000000000000e+00 2.496139026123919968e-01
4.760595823475823885e-01 4.683826149544832451e-01
6.654340581963553714e-01 2.635311320202037288e-01
7.909341118708550500e-01 1.443936236039799204e-01
8.886784984667711607e-01 4.968180599804217223e-02
3.328465902670161847e-01 4.303110247037234548e-01
4.798296414979415503e-01 2.153376450092719385e-01
5.983062896733208902e-01 9.561390918618217771e-02
7.034768467297853878e-01 0.000000000000000000e+00
1.641180018851474132e-01 4.326176516707126440e-01
2.165767829920534626e-01 2.419144475344838785e-01
2.667554289311327431e-01 1.163024002776975180e-01
3.244157462953106141e-01 6.027778903843688391e-03
