7.195320625818341087e-01 0.000000000000000000e+00
7.792138820020456658e-01 1.835172228172413655e-01
8.178270773155212892e-01 3.798061585705352350e-01
9.062311729883921751e-01 5.379785343413360232e-01
1.000000000000000000e+00 6.675173795431307289e-01
5.365218290704900639e-01 5.160134232162245649e-01
4.857449434352895667e-01 7.372226658584003500e-01
4.462462352140733057e-01 8.750185611094055682e-01
3.942428470146084329e-01 1.000000000000000000e+00
4.308406775757879226e-01 4.425116525921326538e-01
2.864303252481636419e-01 6.783546185939683948e-01
1.865494497257844109e-01 8.247633138531661467e-01
9.227604185222720856e-02 9.472474904378284100e-01
3.661436227229293849e-01 3.185404723460062426e-01
2.004829330731982551e-01 5.022205431576125534e-01
9.699540773474506217e-02 6.356607276311082577e-01
4.960622844852295363e-03 7.551105663303367965e-01
3.342800748007534462e-01 1.610896701387536101e-01
1.832354642063798722e-01 2.836035111051646296e-01
8.862131323425730123e-02 3.680254474757893024e-01
0.000000000000000000e+00 4.536635678426080287e-01
