3.761069178573857585e-01 0.000000000000000000e+00
2.269425299777184935e-01 1.447682750960793963e-01
1.459788972867737955e-01 3.223514612906279164e-01
7.418190157826083653e-02 4.553144693042736613e-01
0.000000000000000000e+00 5.477541041519250475e-01
3.296443182322821852e-01 5.217066908604381936e-01
4.207957255863689627e-01 7.393944343615294068e-01
4.805294839616351399e-01 8.773209868671952849e-01
5.297654444350883285e-01 9.825153055029952620e-01
4.522584728156497369e-01 4.997285421664781069e-01
5.820953191828676099e-01 7.352516166980684886e-01
6.670193190084295898e-01 8.859009464107698850e-01
7.400631978268888966e-01 1.000000000000000000e+00
5.595811977478035715e-01 4.320132610468280787e-01
6.964175685499761626e-01 6.466266655165370247e-01
7.933536435228762951e-01 7.771929855004739984e-01
8.730930874730676861e-01 8.758462311022777724e-01
6.454268431395339123e-01 3.321485169625181255e-01
8.028073551978511802e-01 4.256993404797730918e-01
9.086605380250328823e-01 4.863556543751507699e-01
1.000000000000000000e+00 5.354218187165460385e-01
