3.971476965941012627e-01 0.000000000000000000e+00
5.627268688351465542e-01 1.451711146791115903e-01
7.295505608044661194e-01 3.461836973669131789e-01
8.574743274778268143e-01 5.023879798208847891e-01
1.000000000000000000e+00 6.109610559655911377e-01
6.836430537797906215e-01 3.192805216432958448e-01
7.293965996009682540e-01 6.045581612524900672e-01
7.504368688265410370e-01 8.007324560441033690e-01
7.701784815591951050e-01 9.690400778295503725e-01
5.596732267334540989e-01 2.601124163978474901e-01
5.795026943601773173e-01 5.608351193654648181e-01
5.889015251468792123e-01 8.052298434387397119e-01
5.905922820218767466e-01 1.000000000000000000e+00
4.126210322425896693e-01 2.014988649857239467e-01
3.942921387237383057e-01 4.501117946392215186e-01
3.968501790855126776e-01 6.818316338597556481e-01
4.024081159459292900e-01 8.717394246172527339e-01
2.709493437129887883e-01 1.539279296413062215e-01
1.525831412012775834e-01 3.451631293477386286e-01
6.855318166537988089e-02 4.737032675244497448e-01
0.000000000000000000e+00 5.810409031836479832e-01
