1.921546593339162889e-02 9.564344011430974124e-01
3.000164214111282202e-01 1.000000000000000000e+00
5.826454663335772777e-01 9.489081127337578581e-01
8.043549858302081468e-01 9.249606120527350539e-01
1.000000000000000000e+00 9.413209383311205158e-01
5.416209174738993992e-01 5.810572165912475384e-01
7.091142511629533463e-01 4.111689600236118625e-01
8.037199786015672975e-01 3.058373053864149038e-01
8.917746209620922571e-01 2.015215001343482748e-01
3.808571424628712787e-01 4.661909639060221044e-01
5.069420710573319111e-01 2.669445208870978026e-01
5.820695669853278575e-01 1.320426925902395965e-01
6.445920199301653497e-01 4.731751256585734616e-03
1.974284852145201941e-01 4.172419665990207416e-01
2.811115593394820644e-01 2.202249162005469607e-01
3.359250337282905230e-01 1.061130558225247544e-01
3.920879847248677774e-01 0.000000000000000000e+00
0.000000000000000000e+00 4.201323806284158469e-01
6.937011238776977229e-03 2.343469397131211773e-01
1.248659723062331070e-02 1.314145273423124594e-01
2.872045008465996460e-02 3.753946335865145090e-02
