9.568248906411700450e-01 9.208897060225953446e-01
6.866422949200128301e-01 1.000000000000000000e+00
4.137959325474850347e-01 9.602072792109406230e-01
1.939281872773145343e-01 9.388577049260041774e-01
0.000000000000000000e+00 9.583955562905287495e-01
4.657033395252884733e-01 5.935115419786721747e-01
3.081337168083008171e-01 4.201780325871189437e-01
2.187654150543158760e-01 3.201513933016973401e-01
1.368815518401310105e-01 2.232868854022374838e-01
6.273427912005961060e-01 4.660703323245616314e-01
5.161692638740439376e-01 2.666789488234385663e-01
4.449712478647373515e-01 1.419479877907816323e-01
3.889099311001178449e-01 2.975918379409236633e-02
8.083889581389506196e-01 4.103902435241489899e-01
7.332424249454125853e-01 2.138723816841603675e-01
6.775593021630726964e-01 9.728872437226336600e-02
6.267790083101960619e-01 0.000000000000000000e+00
1.000000000000000000e+00 4.111862781900125219e-01
9.864609496607060768e-01 2.231247651247110497e-01
9.846992130011820166e-01 1.231656148235990983e-01
9.799480237893294365e-01 3.880438443653719260e-02
