1.000000000000000000e+00 1.000000000000000000e+00
9.035195542341980524e-01 8.051000927453645373e-01
7.576902306160223644e-01 6.124811595979869905e-01
5.910336264581047550e-01 5.135092553704864171e-01
4.414211331140929229e-01 4.499243184258795991e-01
7.894489536714314193e-01 4.452140979353421679e-01
5.575593846459013792e-01 2.347448337798673235e-01
4.032846697067673514e-01 1.080000028157014069e-01
2.826473092907199058e-01 1.078701605852102653e-02
7.773557083500254317e-01 4.786544556522869809e-01
5.550663286108479255e-01 2.376318236203687206e-01
3.794905613111993481e-01 1.014502973988614387e-01
2.358530855932560455e-01 0.000000000000000000e+00
7.191130182066919341e-01 5.602475948630599722e-01
4.821130289919223211e-01 3.333043017454084822e-01
2.823402081949738518e-01 2.129064456972467045e-01
1.269541697757594900e-01 1.228583951129150614e-01
6.108446492081583967e-01 6.795506550121372946e-01
3.341871455397902313e-01 5.419662695610455438e-01
1.504272785828340842e-01 4.862632487549960469e-01
0.000000000000000000e+00 4.504077871549878043e-01
