1.000000000000000000e+00 9.916296812057250332e-01
7.063642858492498178e-01 1.000000000000000000e+00
4.252648232324393041e-01 9.515426143367534673e-01
1.922149655319981276e-01 9.170271712110129592e-01
0.000000000000000000e+00 9.288360105946582568e-01
4.236064575861521186e-01 5.477493378338573748e-01
2.667663504057056767e-01 3.710314097770448516e-01
1.917972334698367365e-01 2.608575044227369188e-01
1.317757749108489362e-01 1.582713818322575017e-01
5.757397764163184606e-01 4.660221953757583968e-01
4.515090187739410621e-01 2.492721882021698698e-01
3.900443929684152544e-01 1.156515990075267092e-01
3.477620438843362360e-01 6.294370109149809503e-03
7.426348679624531490e-01 4.377139852183083990e-01
6.400230212241592165e-01 2.268952767336221144e-01
5.830302733183092556e-01 1.052997300973909783e-01
5.333517176294675366e-01 0.000000000000000000e+00
9.285628127564545808e-01 4.535373404315747869e-01
9.066483232245238222e-01 2.780848919540445108e-01
8.941006325729894400e-01 1.637960405304824674e-01
8.728870953986660464e-01 5.689703938680750611e-02
