0.000000000000000000e+00 1.000000000000000000e+00
3.023100218381201132e-01 9.913903077094071703e-01
5.916246642708891113e-01 9.352251589759655870e-01
8.231921248627005472e-01 8.839188105780011462e-01
1.000000000000000000e+00 8.665497694958104180e-01
5.604515835670066393e-01 5.556693745448392230e-01
7.112572566148376296e-01 3.728811992806060349e-01
7.828938769929119079e-01 2.576190918563875942e-01
8.461893007568616065e-01 1.485054019716740281e-01
4.110042700912585611e-01 4.797391995521917418e-01
5.374492687930292334e-01 2.623275839800476850e-01
6.056222311967195404e-01 1.251727329883926820e-01
6.630898473800375115e-01 5.583680497707992595e-03
2.410531440170008977e-01 4.526899423010795065e-01
3.484259584633350726e-01 2.442506664631748925e-01
4.113215561863133307e-01 1.167586131878304012e-01
4.670543501173916034e-01 0.000000000000000000e+00
4.542971074622945138e-02 4.656310231409475087e-01
8.530442485630605753e-02 2.942225481039599799e-01
1.071868611663805565e-01 1.834086039572354609e-01
1.331294893346787744e-01 7.680595583106991642e-02
