0.000000000000000000e+00 9.154192925260924429e-01
2.098021619283927108e-01 1.000000000000000000e+00
4.587806382366950153e-01 9.918162605413490818e-01
6.622720479163051177e-01 9.607757264367469130e-01
8.292955140299950179e-01 9.727506227093439817e-01
5.836018380047003351e-01 6.733679726320935810e-01
7.818445304026052645e-01 5.524033019051579618e-01
9.021358846190438152e-01 4.708181737841574122e-01
1.000000000000000000e+00 3.912357602321959171e-01
4.931676532546656611e-01 5.530604385401908241e-01
6.865966751917578215e-01 3.887416826408426340e-01
8.069564501329852257e-01 2.823797753265837041e-01
9.078721752515124255e-01 1.876470019199322770e-01
3.651444543905102424e-01 4.733849994426306274e-01
5.365827223592192219e-01 3.020094719864805932e-01
6.587629124250294899e-01 1.983604090803593734e-01
7.683262905651074837e-01 1.057417718512956295e-01
2.046930108153941497e-01 4.336247837613353417e-01
2.266260915622184680e-01 2.484475055539647759e-01
2.398836666030646492e-01 1.170829446598868478e-01
2.575899511147545229e-01 0.000000000000000000e+00
