1.000000000000000000e+00 1.000000000000000000e+00
9.792666229260518218e-01 7.432703370579637481e-01
8.654189534162450848e-01 5.637957709692105190e-01
7.244300559890723967e-01 4.777005157703835270e-01
5.931221274870691618e-01 4.355518955603035480e-01
8.333481554864895502e-01 4.720124711077301471e-01
6.337322154512907701e-01 2.522073833472073257e-01
4.939515439731564928e-01 1.281544054990111370e-01
3.767352094583923949e-01 4.310305229739746363e-02
7.687590459227614526e-01 4.881719289032317444e-01
5.775564245791865448e-01 2.256964318998258279e-01
4.306622388791114808e-01 9.121531818149719584e-02
3.130354290840356990e-01 0.000000000000000000e+00
6.726487113070575008e-01 5.494261648758755889e-01
4.825826811585944842e-01 2.914973071241565572e-01
3.439508113449913362e-01 1.503226002482482282e-01
2.379216071582656022e-01 4.834517270964319019e-02
5.289424756645344505e-01 6.542420107290035647e-01
2.782378298251297899e-01 4.921555102353641908e-01
1.222556969980153896e-01 4.165658105607794037e-01
0.000000000000000000e+00 3.571362813312319306e-01
