9.807845340666083711e-01 9.564344011430974124e-01
6.999835785888718354e-01 1.000000000000000000e+00
4.173545336664227223e-01 9.489081127337578581e-01
1.956450141697918810e-01 9.249606120527350539e-01
0.000000000000000000e+00 9.413209383311205158e-01
4.583790825261006008e-01 5.810572165912475384e-01
2.908857488370467093e-01 4.111689600236118625e-01
1.962800213984326470e-01 3.058373053864149038e-01
1.082253790379077013e-01 2.015215001343482748e-01
6.191428575371287213e-01 4.661909639060221044e-01
4.930579289426680889e-01 2.669445208870978026e-01
4.179304330146720869e-01 1.320426925902395965e-01
3.554079800698347058e-01 4.731751256585734616e-03
8.025715147854798337e-01 4.172419665990207416e-01
7.188884406605179356e-01 2.202249162005469607e-01
6.640749662717094770e-01 1.061130558225247544e-01
6.079120152751322781e-01 0.000000000000000000e+00
1.000000000000000000e+00 4.201323806284158469e-01
9.930629887612230089e-01 2.343469397131211773e-01
9.875134027693767136e-01 1.314145273423124594e-01
9.712795499153400458e-01 3.753946335865145090e-02
