2.728625818914722778e-01 0.000000000000000000e+00
5.081236940621609577e-01 1.121301466069034719e-01
6.856708455395252866e-01 2.616922932626098430e-01
8.470226175219995879e-01 3.198068015964642408e-01
1.000000000000000000e+00 3.251213590382172058e-01
5.848435775074372067e-01 1.770597103244019033e-01
6.007251357013621007e-01 4.502513729622891203e-01
6.152090004472280382e-01 6.588875002096998834e-01
6.100155233449119363e-01 8.517913707356576936e-01
4.459382991470199897e-01 1.206446288617185614e-01
4.300404305545158512e-01 4.528808187903290983e-01
4.265456199155506223e-01 7.494736533073864670e-01
4.011287872918606334e-01 1.000000000000000000e+00
3.031104468641450667e-01 7.734532155760494299e-02
2.684799316317330597e-01 4.006056895008227592e-01
2.542730359183442701e-01 6.851834835801182688e-01
2.355754720225501919e-01 9.280641727377958450e-01
1.644516709426325496e-01 4.302603023643470498e-02
7.417357633878174372e-02 2.967100758122248050e-01
3.556220828332824074e-02 5.193997169432925665e-01
0.000000000000000000e+00 7.168250981014154810e-01
