7.692773784256309311e-01 1.000000000000000000e+00
9.101132589647289439e-01 8.507936438042994487e-01
9.486872435973321416e-01 7.096167212499298049e-01
9.705027910020826987e-01 6.045650388943042408e-01
1.000000000000000000e+00 5.371118486730441788e-01
7.363620239260407763e-01 4.524831420151114170e-01
6.350099442663204030e-01 2.449729330001254313e-01
5.565848755412600157e-01 1.293360573752688758e-01
4.892173290868180868e-01 4.647198567028607702e-02
6.207691650262626704e-01 4.604847519605255735e-01
4.899356007830269477e-01 2.161692814080627967e-01
3.961534823426640095e-01 8.609331155044258610e-02
3.143200449539009789e-01 0.000000000000000000e+00
5.117285799867963281e-01 5.252687180324638883e-01
3.831445846868483107e-01 2.960573663346616757e-01
2.953936346429869575e-01 1.597891563718193964e-01
2.246908013886694810e-01 6.356294615033161732e-02
4.044370712601945139e-01 6.324745032680557655e-01
2.163772301680304266e-01 5.166842144207599574e-01
9.519853784129210517e-02 4.473640924929849771e-01
0.000000000000000000e+00 3.935325158973972948e-01
