4.227101420979898494e-01 0.000000000000000000e+00
6.091461964238163995e-01 1.108080436520731127e-01
7.593288314411141826e-01 2.716893524014825645e-01
8.758837050937829938e-01 3.873627941597891366e-01
1.000000000000000000e+00 4.401526599398838946e-01
6.494106264583699994e-01 3.776737826095921124e-01
6.538345459884499222e-01 6.303191899971004597e-01
6.574168604143270089e-01 7.992859056001307971e-01
6.624097876160776055e-01 9.341762579648588138e-01
5.209171166980136602e-01 3.750732725677765611e-01
5.041856599015491769e-01 6.483870970955027957e-01
4.846431736445644956e-01 8.442429152088102295e-01
4.650440497453476874e-01 1.000000000000000000e+00
3.909851029186870441e-01 3.516975678936017924e-01
3.617290307845648645e-01 5.978472781052652785e-01
3.364614721945356490e-01 7.792299649516827298e-01
3.135808514512392620e-01 9.280850602251948800e-01
2.684892629239074013e-01 3.128894776259817379e-01
1.503516927879560428e-01 4.818769610528101377e-01
6.941814656900872904e-02 5.900662667889428059e-01
0.000000000000000000e+00 6.881133044655601827e-01
