0.000000000000000000e+00 1.000000000000000000e+00
9.648044576580194764e-02 8.051000927453645373e-01
2.423097693839776634e-01 6.124811595979869905e-01
4.089663735418952450e-01 5.135092553704864171e-01
5.585788668859070771e-01 4.499243184258795991e-01
2.105510463285686085e-01 4.452140979353421679e-01
4.424406153540985653e-01 2.347448337798673235e-01
5.967153302932326486e-01 1.080000028157014069e-01
7.173526907092800942e-01 1.078701605852102653e-02
2.226442916499745683e-01 4.786544556522869809e-01
4.449336713891521300e-01 2.376318236203687206e-01
6.205094386888005964e-01 1.014502973988614387e-01
7.641469144067439823e-01 0.000000000000000000e+00
2.808869817933080659e-01 5.602475948630599722e-01
5.178869710080776789e-01 3.333043017454084822e-01
7.176597918050261482e-01 2.129064456972467045e-01
8.730458302242405377e-01 1.228583951129150614e-01
3.891553507918416033e-01 6.795506550121372946e-01
6.658128544602097687e-01 5.419662695610455438e-01
8.495727214171658881e-01 4.862632487549960469e-01
1.000000000000000000e+00 4.504077871549878043e-01
