0.000000000000000000e+00 1.000000000000000000e+00
1.445835293808202804e-01 8.550252792260553125e-01
2.633874258048084505e-01 6.841433397712136655e-01
3.700619958223244632e-01 5.798689846545780346e-01
4.580738236064619828e-01 4.967286278953459422e-01
2.045210439045778428e-01 5.317759943597875072e-01
4.191089966098804909e-01 3.327526642363057285e-01
5.926755758629504989e-01 2.223778988716879901e-01
7.409170665996259730e-01 1.425528216763573275e-01
2.343873495972801924e-01 5.108216373702685331e-01
4.516264788399640961e-01 2.473313760823376839e-01
6.341853115801742158e-01 1.043798458431357268e-01
7.830781477085076991e-01 0.000000000000000000e+00
3.109472642730300995e-01 5.384090606943997548e-01
5.109092427050079266e-01 2.690118201638221351e-01
6.860531651428879441e-01 1.205093340488901515e-01
8.315343933733972959e-01 1.307953380244426290e-02
4.597856161284720189e-01 6.049237530203223079e-01
6.930080121236901203e-01 4.332954180983600856e-01
8.576361176244997608e-01 3.458998299424301259e-01
1.000000000000000000e+00 2.820895362413297081e-01
