4.749997366276811350e-01 0.000000000000000000e+00
2.977249804698569591e-01 1.139515207302448790e-01
1.886954106117937069e-01 2.742475603292153785e-01
9.464819518596181980e-02 3.884009429905598276e-01
0.000000000000000000e+00 4.533402242764631440e-01
3.306782760429629042e-01 4.753759603953935930e-01
3.806366254571114660e-01 6.926990522568786668e-01
4.121699383172589548e-01 8.298254606909248876e-01
4.405305492821339208e-01 9.367561421708432423e-01
4.578994533976558645e-01 4.746060129277258066e-01
5.440269971164223284e-01 7.211880840007918181e-01
5.989765446087950140e-01 8.768964115559967354e-01
6.492775234740254531e-01 1.000000000000000000e+00
5.768904251456034027e-01 4.300395589774720362e-01
6.835607076593315234e-01 6.634930719630468543e-01
7.597927775267402373e-01 8.029545758631548846e-01
8.236033403690558030e-01 9.140994841709627616e-01
6.794743020548591472e-01 3.533193444369859271e-01
8.201158755132126332e-01 4.791865717433289595e-01
9.172626527365932425e-01 5.576672390874930496e-01
1.000000000000000000e+00 6.263112422680784386e-01
