9.423013502019189636e-01 1.000000000000000000e+00
6.147563202564650942e-01 9.541659391723663619e-01
3.610429355235670879e-01 8.499002890476965444e-01
1.593970351417930698e-01 7.773437155898960116e-01
0.000000000000000000e+00 7.455910457328703833e-01
5.009724369709209757e-01 5.040539408130966237e-01
3.760485523986917822e-01 3.286433573351866810e-01
3.124420498238481558e-01 2.248702763785668801e-01
2.579931416461750948e-01 1.258011378048502216e-01
6.597608823167492309e-01 4.611208035060670452e-01
5.639651229393091159e-01 2.474425140215350261e-01
5.032739017178357033e-01 1.157981946998360434e-01
4.540571420500851829e-01 0.000000000000000000e+00
8.220045830231305084e-01 4.670321417334323821e-01
7.537753557998329024e-01 2.629393284435175837e-01
6.837254747903979135e-01 1.399234115081956220e-01
6.148371134016032968e-01 2.510493422962136942e-02
1.000000000000000000e+00 5.134880266672871008e-01
9.777285604991359236e-01 3.531861539896690716e-01
9.304825864082131304e-01 2.533510288557555556e-01
8.688822337875597990e-01 1.581647899384206746e-01
