0.000000000000000000e+00 9.259924544160856863e-01
2.753792818432483913e-01 9.685763693188025325e-01
5.541470270069995818e-01 9.615960863353293364e-01
7.773921396164741315e-01 9.646735651094223707e-01
9.567204538946487702e-01 1.000000000000000000e+00
6.435818837085143240e-01 5.556930775640566145e-01
8.296663328819586791e-01 3.999437947925132408e-01
9.230888690453080692e-01 3.008203303193039413e-01
1.000000000000000000e+00 2.064349161043873560e-01
5.158456751887861014e-01 4.561555580063790249e-01
6.786212963840690948e-01 2.582070596827016340e-01
7.588378222153989716e-01 1.321747719723752046e-01
8.164120384010733478e-01 2.652638648262439433e-02
3.629830853728787665e-01 4.094697304383629333e-01
5.036941315445468970e-01 2.177720889279164129e-01
5.779553495782231431e-01 1.014675140224392674e-01
6.408566869308998104e-01 0.000000000000000000e+00
1.794400575941210718e-01 4.057241476495948573e-01
2.377588350631211767e-01 2.378199086062019463e-01
2.686447270063492820e-01 1.283152471651266280e-01
3.025878924244929657e-01 2.744645087726942101e-02
