5.346293480281001376e-01 3.842427679718131150e-01
7.107244586232970285e-01 3.652605347666185165e-01
8.579274719760914270e-01 3.208059929948879341e-01
9.251938595863010706e-01 4.308359601591095212e-01
1.000000000000000000e+00 5.364944658738926009e-01
5.560869207993135444e-01 0.000000000000000000e+00
4.660138848674628131e-01 2.670057908780258948e-01
4.341393662486385252e-01 5.465897980254736943e-01
4.303382948089259918e-01 8.073576669188565758e-01
3.518648701253908606e-01 8.414543216986575258e-02
2.655279891986082608e-01 4.154463924986833701e-01
2.202201622757087862e-01 7.234767603929782576e-01
2.125194914066457774e-01 9.982065686885287503e-01
1.995995831288447375e-01 2.096359159255167526e-01
1.333585676293045363e-01 5.053080311343178810e-01
1.528913845895633616e-01 7.736775086414264813e-01
1.907159173340281233e-01 1.000000000000000000e+00
9.334741650164785076e-02 3.473818421101613763e-01
1.402282861665823770e-02 5.669868492652734293e-01
0.000000000000000000e+00 7.607148761733124598e-01
3.358079932232075314e-03 9.273609953872246070e-01
