1.000000000000000000e+00 4.530732059645181664e-01
9.085322896806202753e-01 6.347547577127351515e-01
7.689098858047063167e-01 7.792594262956981099e-01
6.375467104707825960e-01 8.879078366629217234e-01
5.452989403137656899e-01 1.000000000000000000e+00
5.156206245570125191e-01 6.142410832619773497e-01
3.135939696095547125e-01 6.466438575871814587e-01
1.857119218385938075e-01 6.624451847556787065e-01
6.787907330713482956e-02 6.672332942060956729e-01
5.045014892416859187e-01 4.814407263556376715e-01
2.772273977595052230e-01 4.738331322855613981e-01
1.341600422320269326e-01 4.669039224000779420e-01
0.000000000000000000e+00 4.567981130354668573e-01
5.484521399391441010e-01 3.589752029827853463e-01
3.285002539013040512e-01 3.351974997094376851e-01
1.880588675867853332e-01 3.291826488350523827e-01
5.500989478169177049e-02 3.240839442837270545e-01
6.372571691947376271e-01 2.469411272844639627e-01
5.052591736081988305e-01 1.399961245118962749e-01
4.153613638586566847e-01 6.351987557925663219e-02
3.250040530419252005e-01 0.000000000000000000e+00
