6.734864610756123859e-01 1.000000000000000000e+00
8.353941185779936163e-01 8.369953548028753465e-01
8.947004666380347082e-01 6.636373084114544074e-01
9.398312101594902268e-01 5.304549626640497895e-01
1.000000000000000000e+00 4.482980564811954727e-01
6.427874306079436328e-01 4.249321647515211242e-01
5.625621404485159349e-01 2.277355268064582827e-01
4.974400348560737983e-01 1.141381728541980972e-01
4.363332471341926366e-01 3.482503440158991187e-02
5.111521338269570114e-01 4.533709482612314212e-01
4.110735448152745830e-01 2.252774178561063045e-01
3.358423529243606542e-01 9.123607306906429681e-02
2.668247525484361837e-01 0.000000000000000000e+00
4.007669104242779223e-01 5.293452039074733051e-01
3.035445909174028789e-01 3.094675911842268978e-01
2.362614030600825310e-01 1.795891953826909415e-01
1.827056742845112880e-01 8.446876289058941056e-02
3.127032703560491678e-01 6.391631134610575860e-01
1.698265057699794300e-01 5.285039041838213159e-01
7.635553778397050073e-02 4.555672936435876119e-01
0.000000000000000000e+00 3.953570735112560963e-01
