0.000000000000000000e+00 8.910254471650481678e-01
2.802823828663514871e-01 1.000000000000000000e+00
5.560219867045366193e-01 9.883661342903284908e-01
7.711120228814412059e-01 9.326746326828346811e-01
9.329141669121233660e-01 9.169878420124352170e-01
6.238226317264929932e-01 5.736471327496408534e-01
8.109879313753535213e-01 4.306984427370359469e-01
9.112221068773094235e-01 3.320406661502173229e-01
1.000000000000000000e+00 2.377408305652564113e-01
5.322659361472182882e-01 4.546682760670270329e-01
7.204789535760321995e-01 2.671160149770008263e-01
8.346057909605292258e-01 1.471261500681701195e-01
9.283325799492487818e-01 4.221114492305060029e-02
4.131669888711254068e-01 3.788050531145190081e-01
5.723968130936878396e-01 1.974961730583026653e-01
6.787314544612679246e-01 9.486563895187299922e-02
7.733129182804888702e-01 0.000000000000000000e+00
2.629978367550496188e-01 3.281834127312102667e-01
3.851735105332997899e-01 1.808935932598587093e-01
4.688251552068207206e-01 9.131868123216291266e-02
5.494794897814399004e-01 7.510128491596566869e-03
