6.238930821426142970e-01 0.000000000000000000e+00
7.730574700222815343e-01 1.447682750960793963e-01
8.540211027132261767e-01 3.223514612906279164e-01
9.258180984217391218e-01 4.553144693042736613e-01
1.000000000000000000e+00 5.477541041519250475e-01
6.703556817677177593e-01 5.217066908604381936e-01
5.792042744136310928e-01 7.393944343615294068e-01
5.194705160383649156e-01 8.773209868671952849e-01
4.702345555649116715e-01 9.825153055029952620e-01
5.477415271843503186e-01 4.997285421664781069e-01
4.179046808171323901e-01 7.352516166980684886e-01
3.329806809915703547e-01 8.859009464107698850e-01
2.599368021731111034e-01 1.000000000000000000e+00
4.404188022521964840e-01 4.320132610468280787e-01
3.035824314500238374e-01 6.466266655165370247e-01
2.066463564771236494e-01 7.771929855004739984e-01
1.269069125269323139e-01 8.758462311022777724e-01
3.545731568604660322e-01 3.321485169625181255e-01
1.971926448021488476e-01 4.256993404797730918e-01
9.133946197496713160e-02 4.863556543751507699e-01
0.000000000000000000e+00 5.354218187165460385e-01
