0.000000000000000000e+00 1.244029283214915932e-01
3.475387355931620209e-02 3.682432901533373992e-01
7.945128619120019053e-02 5.998929490000384224e-01
7.767564207230145956e-02 8.180294551801041703e-01
5.618201905864820406e-02 1.000000000000000000e+00
4.397866262550961802e-01 5.096169662350090723e-01
6.092686787188354991e-01 6.722822824586962565e-01
7.187419151758179803e-01 7.642062204401454117e-01
8.224316445007489040e-01 8.395946641658726950e-01
5.005016203135047581e-01 3.552616541128518768e-01
7.285066999543561295e-01 4.789647054802421700e-01
8.750297385543367445e-01 5.462375405346515667e-01
1.000000000000000000e+00 5.991018824313527613e-01
5.056991614866563900e-01 1.870822367437270095e-01
7.247986192471663758e-01 2.679090795483189957e-01
8.657483858908807672e-01 3.249267545789736866e-01
9.852000419654431962e-01 3.766124406666694902e-01
4.701016954868586506e-01 0.000000000000000000e+00
6.465428586367663044e-01 9.100403103491000456e-03
7.632762799579175805e-01 1.831228984999508716e-02
8.754979401780295101e-01 3.150127211515045544e-02
