1.000000000000000000e+00 7.837906323306167433e-01
7.922501957580802001e-01 8.670152693278756484e-01
5.648486632221048076e-01 9.080281379523078567e-01
3.873448097248182731e-01 9.418559972655577983e-01
2.564531604112570973e-01 1.000000000000000000e+00
4.013281030843446895e-01 5.463170616060987195e-01
1.996674725531076000e-01 4.410005967610347022e-01
9.027037399513290761e-02 3.682394710557991835e-01
0.000000000000000000e+00 2.970787426104641304e-01
4.837844583343610672e-01 4.373932497115009532e-01
2.907554108871174825e-01 2.868112477167047425e-01
1.869366128438203767e-01 1.865103827116655899e-01
1.110919266566693792e-01 1.033219374938391943e-01
5.987471482865890371e-01 3.718923132693744416e-01
4.344899608400226709e-01 2.179352261795307055e-01
3.406094441306647957e-01 1.220152873431001594e-01
2.666202895254690119e-01 4.207237893406121088e-02
7.485553200001839880e-01 3.405763678005448991e-01
6.717567808801316875e-01 1.917902416960166889e-01
6.265081315377241111e-01 9.082206050824551125e-02
5.806186749654993484e-01 0.000000000000000000e+00
