1.000000000000000000e+00 1.000000000000000000e+00
5.992222478363243843e-01 9.478192348626174324e-01
3.787912287821328938e-01 8.299476420150826428e-01
1.885123943203469710e-01 7.680707667196161603e-01
0.000000000000000000e+00 7.336577874026313228e-01
4.787356224484610179e-01 5.214670383232363760e-01
3.086002744227804850e-01 3.419311377317503231e-01
1.637847364664863081e-01 2.389392734902774373e-01
2.817642895388651481e-02 1.514271482427829163e-01
5.484818734399845575e-01 4.936214104578426354e-01
3.942525882722928143e-01 2.560655092796316756e-01
2.323898423799805324e-01 1.110357666546917116e-01
8.630706922215208854e-02 0.000000000000000000e+00
6.226069574939293583e-01 5.041713977374541189e-01
4.819977624895139812e-01 2.653438785113922949e-01
3.233864036253856766e-01 1.225967122244136231e-01
1.857758261959596702e-01 1.195938949829729488e-02
6.792259892955966327e-01 5.476166945361001792e-01
5.286677532610720709e-01 3.637914500713929078e-01
3.883827689597343924e-01 2.518266622229468066e-01
2.557774980685084687e-01 1.555056077917068846e-01
