0.000000000000000000e+00 9.851438688022203793e-01
2.981123569868564527e-01 1.000000000000000000e+00
5.691355575575580694e-01 9.581626886262702980e-01
7.955762776410478798e-01 9.178134316916610747e-01
1.000000000000000000e+00 9.166493952909505749e-01
5.972280374466324426e-01 5.700476191480472465e-01
7.879598411956835191e-01 4.021435806370654564e-01
8.885224367331169271e-01 2.959033063708145783e-01
9.752655187201985099e-01 1.902761100222102597e-01
4.481274027974815333e-01 4.827405432906952676e-01
6.107905135875332236e-01 2.717448537531482189e-01
7.009098385283142330e-01 1.364087821798003475e-01
7.730405862762346203e-01 1.794733997487230406e-02
2.763473159682585112e-01 4.474393212314193846e-01
4.016947379384676053e-01 2.395983659009807143e-01
4.900098357801154769e-01 1.128720351790282739e-01
5.732543915176269156e-01 0.000000000000000000e+00
8.223534326734038835e-02 4.532304886019465351e-01
1.273333996904003895e-01 2.724991063940390146e-01
1.649867243526663974e-01 1.547120946347405879e-01
2.151092501366593801e-01 4.288848468650487827e-02
