8.746264881062405794e-02 1.636007267035237108e-03
7.940936797932310331e-02 2.610235693367393139e-01
8.721139637731752103e-02 5.181688157300492481e-01
4.920005872679050762e-02 7.527554319701889041e-01
0.000000000000000000e+00 9.466844332265673678e-01
4.356875629121305660e-01 5.412314993250161299e-01
5.787811708812292677e-01 7.644052768762666927e-01
6.797229912216122827e-01 8.904875294434368982e-01
7.828566358632679245e-01 1.000000000000000000e+00
5.175727509804521898e-01 3.863054023696866346e-01
7.274272859878511133e-01 5.720724929948848292e-01
8.682118273221112181e-01 6.870090985256942506e-01
9.964328227834597929e-01 7.864107480947429840e-01
5.461382910292714721e-01 2.033302478715296180e-01
7.516691188974573556e-01 3.494144675469740835e-01
8.831133543242880579e-01 4.530000495387766501e-01
1.000000000000000000e+00 5.475289899332295152e-01
5.383963361242641854e-01 0.000000000000000000e+00
7.155661378790967309e-01 6.148404887498593735e-02
8.325005782898885487e-01 1.024318917645611199e-01
9.449852232410217434e-01 1.506036581570217581e-01
