4.089238538092103414e-02 1.000000000000000000e+00
3.613479874313633711e-01 9.730124775700877970e-01
6.199540600600708107e-01 8.931669580302435962e-01
8.244419257137329815e-01 8.235539378445934089e-01
1.000000000000000000e+00 7.998504364446157311e-01
5.196341628237237664e-01 5.251633230327875657e-01
6.463802895751536992e-01 3.457177294621026076e-01
7.096644313485849231e-01 2.382849198438235783e-01
7.594772260408658715e-01 1.362901653124383439e-01
3.562465600965635804e-01 4.659275597595707308e-01
4.550349684791691329e-01 2.473554307536681429e-01
5.069806214441203718e-01 1.147728727339607929e-01
5.444716702128542529e-01 0.000000000000000000e+00
1.868080352993820026e-01 4.569800869977906355e-01
2.672379527374988961e-01 2.493827297416822686e-01
3.235659416033696556e-01 1.219424731384039368e-01
3.742395982203287619e-01 5.980520461763902743e-03
0.000000000000000000e+00 4.892560547477013411e-01
2.450513434959321682e-02 3.204752114523214956e-01
4.897154435216293650e-02 2.111272235246166307e-01
8.208227876216088459e-02 1.046681482077096575e-01
