1.028713967503059740e-01 1.000000000000000000e+00
4.018551157679747798e-01 9.626477955141592435e-01
6.491158145887018227e-01 8.582835524166706476e-01
8.359386521884150101e-01 7.749280781714786848e-01
1.000000000000000000e+00 7.502843628923047126e-01
5.068491098213727675e-01 5.042551284790468547e-01
6.052591840647831845e-01 3.269309963042416056e-01
6.520367239201586562e-01 2.245092141671350960e-01
6.877491420006334177e-01 1.263112610123114099e-01
3.415709041510462951e-01 4.571637084568822562e-01
4.094865752942796200e-01 2.403451301688517283e-01
4.494583875938080175e-01 1.115008437198519026e-01
4.781270142640497434e-01 0.000000000000000000e+00
1.786307381859710552e-01 4.591475867194474425e-01
2.217486950555772884e-01 2.502323547444492147e-01
2.573005106180787926e-01 1.222829027747227293e-01
2.896719066828862266e-01 5.416048100835363192e-03
7.569960513324818993e-03 5.036332907859905061e-01
0.000000000000000000e+00 3.320331033569301482e-01
1.881693526132086178e-04 2.208337439585532636e-01
1.013705466341727375e-02 1.134949186278784161e-01
