5.687209174086944596e-01 0.000000000000000000e+00
3.862035235102760367e-01 1.245605604752582779e-01
2.356374725913809032e-01 2.949300891964064530e-01
1.206077880550823350e-01 4.244731078607670294e-01
0.000000000000000000e+00 4.865902922600622293e-01
3.299506593481115746e-01 3.477212741832780840e-01
3.193717715027081794e-01 6.222842412492809450e-01
3.128269939877426076e-01 8.011418549791047283e-01
3.071825823320324944e-01 9.427662748000491533e-01
4.639872836337406992e-01 3.352344611169895128e-01
4.691381517702833959e-01 6.321142833396325988e-01
4.780123450954926190e-01 8.412794751475450861e-01
4.920526820887884956e-01 1.000000000000000000e+00
6.032644427410742693e-01 3.091660071555965006e-01
6.285761355097198022e-01 5.703948834039661575e-01
6.420643613629062330e-01 7.609027108732400180e-01
6.555499157105759700e-01 9.134534208964142366e-01
7.345890779264458992e-01 2.776639710220172863e-01
8.482576646520775254e-01 4.776821716864467215e-01
9.284794133099885105e-01 5.949675688883312441e-01
1.000000000000000000e+00 6.953236128108479797e-01
