0.000000000000000000e+00 7.837906323306167433e-01
2.077498042419197721e-01 8.670152693278756484e-01
4.351513367778951369e-01 9.080281379523078567e-01
6.126551902751816714e-01 9.418559972655577983e-01
7.435468395887429027e-01 1.000000000000000000e+00
5.986718969156553660e-01 5.463170616060987195e-01
8.003325274468924277e-01 4.410005967610347022e-01
9.097296260048670646e-01 3.682394710557991835e-01
1.000000000000000000e+00 2.970787426104641304e-01
5.162155416656388773e-01 4.373932497115009532e-01
7.092445891128824620e-01 2.868112477167047425e-01
8.130633871561796511e-01 1.865103827116655899e-01
8.889080733433306625e-01 1.033219374938391943e-01
4.012528517134110184e-01 3.718923132693744416e-01
5.655100391599773291e-01 2.179352261795307055e-01
6.593905558693351487e-01 1.220152873431001594e-01
7.333797104745309881e-01 4.207237893406121088e-02
2.514446799998160675e-01 3.405763678005448991e-01
3.282432191198683125e-01 1.917902416960166889e-01
3.734918684622758334e-01 9.082206050824551125e-02
4.193813250345006516e-01 0.000000000000000000e+00
