0.000000000000000000e+00 1.000000000000000000e+00
5.474322272305254082e-03 8.306474768669551700e-01
7.921660881005350430e-02 6.474485659553700367e-01
2.134778161251530415e-01 5.343882700434137156e-01
3.565833030692784900e-01 4.476232847876850940e-01
4.998331282604840525e-02 5.067495136761696051e-01
2.226731846019586458e-01 2.622454716614395775e-01
3.505584202085935686e-01 1.204151487393388398e-01
4.515093955371295431e-01 1.233951066307483954e-02
1.132473705117890417e-01 5.322530008264441115e-01
2.871511857960014069e-01 2.655214635056959427e-01
4.555268617039811563e-01 1.148457867532307192e-01
5.948496644368059805e-01 0.000000000000000000e+00
2.440863520598786918e-01 5.910863830591424062e-01
4.250130283852313617e-01 3.317591016702151063e-01
6.126763671673851608e-01 1.827668123462919125e-01
7.683871362409023797e-01 6.757613806975201753e-02
4.409494730957069231e-01 6.754883172648682432e-01
6.619912638191869370e-01 4.934194130680388257e-01
8.381914045954386161e-01 3.890296092752982271e-01
1.000000000000000000e+00 3.042572342163812893e-01
