1.000000000000000000e+00 9.818750701490479571e-01
7.091943169666777846e-01 1.000000000000000000e+00
4.367773369742242728e-01 9.527510392170674969e-01
2.047618762413437044e-01 9.119679584427771157e-01
0.000000000000000000e+00 9.272745902537230522e-01
4.261552818181357227e-01 5.701839329103773890e-01
2.437937997660480360e-01 3.999472849916933526e-01
1.467438152230951809e-01 2.883539266782770283e-01
6.498340728605120353e-02 1.784310004695141005e-01
5.807005290410502951e-01 4.823086881681433735e-01
4.247596555865822965e-01 2.700153055532429902e-01
3.375162575425091904e-01 1.320467141259032695e-01
2.673746654620459129e-01 8.165096395324812975e-03
7.557641425070639185e-01 4.486512339322868415e-01
6.302487732264593356e-01 2.441465949104401068e-01
5.472164415067096721e-01 1.162981390995373315e-01
4.694055279560623850e-01 0.000000000000000000e+00
9.511978866000991850e-01 4.569697566177727266e-01
9.134239501762472235e-01 2.786268616672570864e-01
8.851851229031052481e-01 1.601489367510904593e-01
8.473432307578191436e-01 4.518640181981376652e-02
