0.000000000000000000e+00 8.006488770310997705e-01
1.799004315270086862e-01 9.143763664911868094e-01
4.054766130639227417e-01 9.514204892030178051e-01
5.996757690976224353e-01 9.589852754984157235e-01
7.554768010490146013e-01 1.000000000000000000e+00
5.645345590346936282e-01 6.721588676374629090e-01
7.687640211572882576e-01 5.892969847377449444e-01
8.935706495694707430e-01 5.336443814503638583e-01
1.000000000000000000e+00 4.749268986539214032e-01
5.003979499791915142e-01 5.469287662862439836e-01
7.097288936845974616e-01 4.248900178014431428e-01
8.412874404846428789e-01 3.474177321347221570e-01
9.574864484439317147e-01 2.735951062088646801e-01
3.952431384718431695e-01 4.549884883797449819e-01
5.817940487390393933e-01 3.207626450327499823e-01
7.114326170330110832e-01 2.435992393683620305e-01
8.319589695062151735e-01 1.735619584834536544e-01
2.539509405183356106e-01 3.947237554678096894e-01
3.094762417210642491e-01 2.255630698203676121e-01
3.462012984853318209e-01 1.064237421384848087e-01
3.876343695746418128e-01 0.000000000000000000e+00
