7.541100311266851763e-01 5.326742751098094697e-01
5.239437465614578127e-01 6.910998940511535737e-01
3.134871674716501189e-01 7.876519237974000109e-01
1.546963998926359218e-01 8.943299239021402780e-01
0.000000000000000000e+00 1.000000000000000000e+00
3.287907193838132125e-01 2.646882834541203766e-01
2.406779359404218332e-01 3.342545108829204636e-01
1.883327574624707734e-01 5.337783453448977644e-01
1.234916755765999713e-01 7.771435170451417296e-01
4.635493207442525354e-01 1.100679603437093312e-01
3.784441032059447929e-01 1.695981866499082225e-01
3.234249252232920813e-01 4.002004836853547687e-01
2.913760434261004617e-01 6.847139582569602423e-01
6.239634324473819493e-01 2.398391833479029955e-02
6.040690095960352668e-01 3.629896105674910306e-02
5.809537570754261804e-01 2.328209115360702908e-01
5.652128337146933301e-01 4.615851505104747177e-01
7.931011535706712356e-01 0.000000000000000000e+00
8.907355477421660117e-01 2.279820437519051307e-02
9.570456564260515497e-01 1.438782649097151978e-01
1.000000000000000000e+00 2.885951236674146325e-01
