3.931544165379984301e-01 1.000000000000000000e+00
1.708927977749767346e-01 6.404147130863956372e-01
7.617233649829113773e-02 3.227970580776736709e-01
0.000000000000000000e+00 1.217512209285037256e-01
5.286116072526605980e-02 2.226697280228693010e-01
8.373153471389498392e-01 1.204908672175726836e-01
4.533009587730092993e-01 0.000000000000000000e+00
2.243812939082968361e-01 2.026305300117707542e-01
2.591298719710685150e-01 3.055547109948549833e-01
9.947958797052574020e-01 3.407311839022201250e-01
4.380434431151873365e-01 2.634262041978490676e-01
2.101954992691680568e-01 4.434762808932415368e-01
3.038453449640028392e-01 5.233704609642002570e-01
1.000000000000000000e+00 5.975661950899580077e-01
4.367843505517097213e-01 5.527059891901427990e-01
2.523314353903947094e-01 6.690390840789319782e-01
3.645122715925669388e-01 7.232198433081892253e-01
9.243447315847349577e-01 8.459939478965816662e-01
4.561032411684577959e-01 8.359401859466509821e-01
3.271581788922914846e-01 8.908710264486341401e-01
4.052666880200216926e-01 9.345675205119663431e-01
