6.556779320772339048e-01 1.000000000000000000e+00
8.794708322774087428e-01 6.593526367438757863e-01
8.725910681591033669e-01 3.725838291245158751e-01
6.727746566702639264e-01 2.125982190224432189e-01
4.321309792621151336e-01 1.709272832009326171e-01
1.000000000000000000e+00 1.864510686548405405e-01
5.546280819948006258e-01 1.229607670362047045e-02
3.919952846440561411e-01 1.413860978103220201e-01
3.700778489320686870e-01 2.903942877569746783e-01
8.497475035094662621e-01 1.171781683390369228e-01
3.796562716227259715e-01 0.000000000000000000e+00
2.650223666189246430e-01 1.670078575217954497e-01
2.839232985851084523e-01 3.138946759654551166e-01
6.455716657222666521e-01 1.153689574382338739e-01
1.920325860709068688e-01 2.495668230885001587e-02
1.099082271001984717e-01 2.219316161084889105e-01
1.520898053207210832e-01 3.603524158862651539e-01
4.120437337874046646e-01 1.649078887150868533e-01
4.778391084104751524e-02 1.182468231795754526e-01
0.000000000000000000e+00 2.788675696782992874e-01
4.521053950391949738e-02 3.898874536939004321e-01
