1.000000000000000000e+00 8.669706482845499496e-01
6.932151874674203906e-01 1.000000000000000000e+00
2.915623851116487253e-01 9.617352439387335528e-01
2.207178286713449081e-02 7.365689854534054337e-01
0.000000000000000000e+00 4.329063808968273142e-01
2.110029858019881188e-01 4.256291906251077339e-01
2.666642371520658306e-02 3.402051494566577516e-01
2.338550715938651769e-01 5.977330403474263587e-01
3.407874771384462598e-01 6.216453746589859497e-01
3.668624212328143175e-01 2.569704782641649699e-01
1.765763173060398705e-01 1.806151178630566734e-01
4.080316179888406891e-01 5.196320313956147574e-01
4.873193629098153679e-01 4.838707063298271494e-01
5.502480784504555356e-01 1.309727406475679201e-01
3.734989261902745827e-01 3.722246754239347255e-02
5.618111388242507109e-01 3.798531881920683695e-01
6.332922816822101897e-01 3.578705058011114049e-01
7.686158876678196306e-01 2.666356604568972249e-02
6.216223941222895899e-01 0.000000000000000000e+00
7.151235140213361152e-01 2.473930869711472302e-01
7.704512430361357689e-01 2.491578826773538924e-01
