5.815638211653231249e-01 1.000000000000000000e+00
4.560850518079114790e-01 6.382697399313089770e-01
4.194272596265761210e-01 2.896158977289937098e-01
5.675451792963508435e-01 4.434052080709346283e-02
7.100532027947492608e-01 0.000000000000000000e+00
0.000000000000000000e+00 3.807252516934944153e-01
3.781415691048534145e-01 1.870168850965640145e-02
5.558881072640590171e-01 1.244506274357895237e-01
5.171599190215108166e-01 2.382024643854371293e-01
1.607058654387887586e-01 5.321299331278029898e-01
6.335471635340399477e-01 1.356909708454877017e-01
7.256037508995375473e-01 2.570298759740304306e-01
6.247808086897465030e-01 3.685269166871512070e-01
3.910725912831083395e-01 6.568807129990205107e-01
8.407141906212459714e-01 2.871953479416651245e-01
8.814468585801151779e-01 4.052239004748101059e-01
7.457653289887368198e-01 5.121869955761001458e-01
6.540253476892557982e-01 7.551255366252180856e-01
9.946244442201097602e-01 4.405065757279876260e-01
1.000000000000000000e+00 5.259731552307117530e-01
8.796442801091719499e-01 6.353601486759122841e-01
