6.704101024046275059e-01 1.000000000000000000e+00
9.349132001536613057e-01 6.657750381960442221e-01
9.403578384851659644e-01 3.509559471921562812e-01
7.504963212481454704e-01 2.030750998100658566e-01
5.111596980892084696e-01 1.826980831021054741e-01
1.000000000000000000e+00 1.019821649214526366e-01
6.493198646016542508e-01 0.000000000000000000e+00
5.523328826858197038e-01 1.586465859123734889e-01
5.871963437311441547e-01 3.041651565733393681e-01
7.369578033945707318e-01 3.782675855118712571e-02
4.338158783956158615e-01 9.316270330357867557e-03
3.702716163498472879e-01 1.670674271706987235e-01
4.379428089132745283e-01 2.974259153932991562e-01
4.611997099265237043e-01 6.682829923382090087e-02
2.008416475989112104e-01 6.736119521017952527e-02
1.723965395274488499e-01 2.403576712777924507e-01
2.632202830224392165e-01 3.507595704862858654e-01
2.025441669127287792e-01 1.463289843383488720e-01
2.811526964291533731e-03 1.733462789935151516e-01
0.000000000000000000e+00 3.413122347558431025e-01
8.242833503025658037e-02 4.429043029966376888e-01
