0.000000000000000000e+00 5.608088705762604986e-01
1.576543056228560946e-01 8.048095570289482970e-01
5.090200320784257215e-01 1.000000000000000000e+00
8.157320523564681736e-01 9.401604150985017894e-01
8.810863216002097209e-01 6.683187974341798787e-01
8.113091179022065003e-01 7.111368379013489616e-01
1.000000000000000000e+00 6.478315977600012099e-01
7.008762285315356388e-01 7.170341845607689502e-01
6.236797842585951601e-01 7.414789036585224258e-01
7.728299195388247389e-01 4.742189070435054443e-01
9.422152008730987349e-01 4.198483376903969777e-01
6.020207714434260282e-01 5.229320779001167541e-01
5.683465250581403172e-01 5.587758122500185998e-01
6.975391443691169036e-01 2.567465289703054765e-01
8.499186624857687500e-01 1.865699653899892674e-01
5.508414695394875382e-01 3.034337335646035694e-01
5.245792836407393578e-01 3.532201700957657842e-01
5.858849035511612957e-01 5.101535823381603968e-02
7.159857119922941049e-01 0.000000000000000000e+00
5.040646664535960442e-01 1.008316405340117239e-01
4.602462438932427569e-01 1.544370057394743589e-01
