3.610777294922479230e-01 1.000000000000000000e+00
7.821959823061711559e-01 7.566000580308515078e-01
9.039572534625084366e-01 5.191958446105036096e-01
1.000000000000000000e+00 3.376608334562128944e-01
9.608038922182144947e-01 1.515240233455261432e-01
1.385299383048774757e-01 1.964139787759295597e-01
5.477832346906496008e-01 2.959644775082884149e-02
6.995539430270020231e-01 2.082696341678042795e-01
6.508031322954791476e-01 3.800804345654583138e-01
4.733125738936497240e-02 1.812625753330828204e-01
5.748855255926071939e-01 0.000000000000000000e+00
7.546589449091362090e-01 2.371138213315702181e-01
6.382657326096984329e-01 3.936736858628283597e-01
0.000000000000000000e+00 1.696370217805958092e-01
5.944093544721452682e-01 1.027479035165744688e-02
7.623187009916108092e-01 2.518139397715867811e-01
6.106496102303272666e-01 3.975053868802709278e-01
1.505044649878854203e-02 1.803193361651120319e-01
5.720548134036231858e-01 7.649393767867081195e-02
7.066101790766762258e-01 2.581183734237726957e-01
5.848970658146106505e-01 3.954426755076510536e-01
