6.150993321719852025e-01 1.000000000000000000e+00
3.431919116652618618e-01 7.835206409751291901e-01
1.696313147581080816e-01 4.890064342671781028e-01
1.799516640045631111e-01 2.194959484038153386e-01
2.797521432120396723e-01 6.901834096986053657e-02
0.000000000000000000e+00 3.801560750171939507e-01
2.035342776952248633e-01 5.109043364204073762e-03
3.532567681784088975e-01 1.121945958258066395e-01
3.442147476980421672e-01 2.361334011925506349e-01
2.268807192091605862e-01 3.882221919863562687e-01
4.760432307546350050e-01 0.000000000000000000e+00
5.887060100484196035e-01 1.207662864338981956e-01
5.499140811965134157e-01 2.439674864705833335e-01
4.961345910342813137e-01 4.023410010819276073e-01
7.279374383075885024e-01 5.371915047308387786e-02
8.091599047121683652e-01 1.831508803810996400e-01
7.582609076797481862e-01 3.033142037277274938e-01
7.783914858055908104e-01 4.246140920935201346e-01
9.505163058288389477e-01 1.478073803462416624e-01
1.000000000000000000e+00 2.638599465227265961e-01
9.606708443285082444e-01 3.772063632739955374e-01
