1.000000000000000000e+00 6.194238792137041205e-01
8.642704706378442348e-01 8.344414076328521279e-01
6.641722496401557541e-01 1.000000000000000000e+00
6.390750989141787963e-01 9.090922221020335536e-01
7.150699358790790772e-01 6.352653723990088208e-01
0.000000000000000000e+00 6.590848468906108648e-01
2.610309522578962427e-01 7.084197872005664198e-01
5.228418165028577702e-01 7.717579492487117721e-01
5.256697738188692570e-01 7.702586302265664875e-01
3.939775533522130169e-02 3.799854892715258114e-01
4.171198222971868597e-01 4.542584778055304140e-01
6.639568643900305434e-01 5.749413670691893019e-01
6.054044617797653682e-01 5.855363192286512364e-01
1.787881684955928141e-01 1.668332747413759087e-01
5.547705171087091713e-01 2.180614932836408004e-01
7.404545626958514148e-01 3.755494532509932037e-01
6.977109050816501234e-01 4.343202083251386791e-01
3.736297472095853611e-01 3.053414354128151671e-03
6.084759752282562495e-01 0.000000000000000000e+00
7.506876911655003815e-01 1.227462583094048737e-01
7.440604356371864903e-01 1.958578046945678997e-01
