3.442819369977620503e-01 1.000000000000000000e+00
6.288920058467805108e-01 7.933731729116720865e-01
8.085727842324806902e-01 5.012349617338056618e-01
7.473520311430782437e-01 2.231088325940198680e-01
5.980085282892991794e-01 8.888832873907448473e-02
1.000000000000000000e+00 4.466096763875889719e-01
7.873198440371023121e-01 0.000000000000000000e+00
6.323213782966540242e-01 1.010663041841673715e-01
6.501412896949227971e-01 2.341143151867836336e-01
7.671365260369893413e-01 4.925624937510042489e-01
4.958198107080910022e-01 2.054366305044062757e-02
3.850808657442733596e-01 1.423539353624957149e-01
4.433529154165943842e-01 2.805606451442120841e-01
4.916158551591481296e-01 5.314206671339327670e-01
2.433960040624830456e-01 8.974518934815366167e-02
1.736340238298212379e-01 2.321387473480231722e-01
2.462763619119995862e-01 3.777799284533193691e-01
1.944583276261503124e-01 5.687696395503386571e-01
2.657658177097147259e-02 2.205756815135780091e-01
0.000000000000000000e+00 3.385506511348176373e-01
5.674904041979366570e-02 4.736429373154701916e-01
