1.000000000000000000e+00 6.335730486798961669e-01
8.869058749868590219e-01 8.325530253533696134e-01
6.921783754264433375e-01 1.000000000000000000e+00
6.787580276477631624e-01 9.197455177631423950e-01
7.615396709769192141e-01 6.468946656316184596e-01
0.000000000000000000e+00 6.614179705314789937e-01
2.847806590323189724e-01 7.389406539471078394e-01
5.645886653288416657e-01 7.897090103072287315e-01
5.783634716093625228e-01 7.845595695292124638e-01
3.911556556598463907e-02 3.762043628344841073e-01
4.491054341930579841e-01 4.800629527861692281e-01
7.164729704459757986e-01 5.929493790090095695e-01
6.665854947394078689e-01 6.028984385493237896e-01
1.826826554430777683e-01 1.620727675322674866e-01
5.844325268239495275e-01 2.431739556371048105e-01
7.864761987163205736e-01 3.959082206656027725e-01
7.473852870881280142e-01 4.512159160669989011e-01
3.844444351410716831e-01 0.000000000000000000e+00
6.270768616746629220e-01 1.340736508138863463e-02
7.830786069873911792e-01 1.341946087950263156e-01
7.853353726326405271e-01 2.031908927897964345e-01
