7.454080445304684943e-01 7.498907627836868262e-01
4.494948356736231942e-01 8.654113184418813498e-01
1.171840323995975708e-01 9.313114184415881569e-01
5.486267961391681769e-02 1.000000000000000000e+00
3.397445675471211235e-01 9.442419157128570939e-01
0.000000000000000000e+00 1.474440324221923115e-01
1.127519090298553378e-01 6.781318089976275942e-01
2.241309819016686911e-01 8.154983416470918955e-01
2.406932644677407251e-01 6.693539755015380788e-01
3.193835593203049328e-01 1.638026721329263052e-02
4.662445280487246269e-01 6.450818692613804473e-01
4.763857709932791118e-01 7.392595622886736217e-01
3.890383291015881984e-01 5.331269189826423061e-01
6.467970358885040127e-01 0.000000000000000000e+00
7.816229736907467363e-01 6.019177729684077605e-01
7.319714729058792724e-01 6.664558901586798978e-01
6.529426542590301974e-01 4.828138333905179214e-01
9.394941500858408068e-01 4.894340485805027258e-02
1.000000000000000000e+00 4.882584655176964161e-01
9.428136759817249413e-01 5.553053730047712300e-01
8.791038300159820240e-01 4.294476042592250686e-01
