6.973044750151261573e-01 1.000000000000000000e+00
3.543758268703554037e-01 9.029173129747323223e-01
7.200023376728648117e-02 5.920577706639222892e-01
0.000000000000000000e+00 2.816796780403142408e-01
1.062766335484281871e-01 6.900728455504455405e-02
3.511615266813151170e-01 1.755367208809525958e-01
2.322642641469013780e-01 0.000000000000000000e+00
2.016835406118189233e-01 3.043933005513237977e-01
2.694196926141117499e-01 4.058121958641231486e-01
5.759698447437823221e-01 1.924407863614086001e-01
4.308575351229919637e-01 2.329265406458710247e-02
3.656610692790703832e-01 3.922043358784333411e-01
4.603465907610536645e-01 4.366365207419190542e-01
7.851266106783159060e-01 2.616568411347973688e-01
6.517035700534697940e-01 1.104081780750863634e-01
5.602278253997203805e-01 4.636124092248123940e-01
6.388653674126955062e-01 5.031726476104400048e-01
1.000000000000000000e+00 3.658183366497423927e-01
8.498528279328023682e-01 2.676865071216895098e-01
7.485136236390111941e-01 5.041132818266006455e-01
7.916578008794861177e-01 5.567318980827499209e-01
