6.544479137994814177e-01 1.000000000000000000e+00
8.993613153082710143e-01 6.528950619432889457e-01
9.010033468270011170e-01 3.678446727454233178e-01
7.049353864279064297e-01 2.063332038045702643e-01
4.576814851566732290e-01 1.714171262115094796e-01
1.000000000000000000e+00 1.726953210635409075e-01
5.673932442833073964e-01 1.266668987521017090e-03
4.234109584478015775e-01 1.462901535245152707e-01
4.211984410693717096e-01 3.086701786838309536e-01
8.284993977815218180e-01 9.359107832224811130e-02
3.836750579865390587e-01 0.000000000000000000e+00
2.834795780438331136e-01 1.714494691986560293e-01
3.178465298365507063e-01 3.205815716010225747e-01
6.144767361336346267e-01 9.668977171261174119e-02
1.949953628300586661e-01 2.171049474655799977e-02
1.204082813368373556e-01 2.233458502653771494e-01
1.723575582363676972e-01 3.630466200049490832e-01
3.808008892145913760e-01 1.553575981791956717e-01
3.617413318232581138e-02 1.263233574231742429e-01
0.000000000000000000e+00 2.989028317872993168e-01
5.922709159155736813e-02 4.124074284902434773e-01
