8.321267568338206466e-01 1.000000000000000000e+00
4.686233842091283575e-01 9.896999546618823196e-01
1.020178802190467166e-01 7.143895435575309261e-01
0.000000000000000000e+00 3.531864171649338746e-01
1.622652860253385176e-01 1.468798462379049818e-01
2.627832502396815206e-01 2.987742432990649344e-01
1.822289138248935902e-01 4.795494088606957334e-02
2.454495090647804967e-01 3.654675444952937280e-01
2.984747430415083391e-01 4.797662568152490925e-01
4.995151457959032260e-01 2.371557112465657313e-01
4.162172342077657405e-01 0.000000000000000000e+00
4.715123749680187326e-01 3.609496979396344396e-01
5.240981081330632341e-01 4.224811963062996556e-01
7.386530083128903801e-01 2.243948523798636741e-01
6.723414675218866154e-01 2.272253459453385180e-03
6.981886302502653407e-01 3.441752143872960357e-01
7.227179006789179461e-01 4.001567071351347371e-01
1.000000000000000000e+00 2.473313673898806797e-01
9.203958476630393903e-01 1.035947314782163925e-01
9.126164189042701436e-01 3.497945059501435527e-01
9.270048334920363287e-01 4.121447254718845765e-01
