3.343315446031385751e-01 1.000000000000000000e+00
7.805464723696730056e-01 7.389057718600241520e-01
8.971413541804341696e-01 4.988351544424641237e-01
1.000000000000000000e+00 3.314143446977813601e-01
9.743695351775066849e-01 1.553313441179456078e-01
1.195614134847218790e-01 1.575890644389748574e-01
6.300590979126700075e-01 1.703731238033692752e-02
7.239509670427815013e-01 2.203272496890082699e-01
6.206418088642039477e-01 3.664537734147793047e-01
2.536217724807203824e-02 1.525332033595827030e-01
6.569923601710190297e-01 0.000000000000000000e+00
7.484551509677452863e-01 2.451065964197610969e-01
5.718898730003025843e-01 3.633021735063531321e-01
0.000000000000000000e+00 1.598307395749025972e-01
6.728366954172003700e-01 2.421067281530561721e-02
7.687800204355216271e-01 2.702666093535755487e-01
5.795437530489718769e-01 3.775086734108377695e-01
6.357361683704318422e-02 1.866091070842864075e-01
6.648192439910828311e-01 9.946596275586983005e-02
7.389864877029007628e-01 2.856281300464577622e-01
5.767405650373429449e-01 3.905729421672231583e-01
