6.305189023882439292e-01 1.000000000000000000e+00
3.573692398435024953e-01 9.486983280417472519e-01
9.102921063544271163e-02 8.275462652586537127e-01
0.000000000000000000e+00 8.046368471086071672e-01
1.953497197245410433e-01 8.134767372897475646e-01
2.543496570499859666e-01 0.000000000000000000e+00
1.648551144583330075e-01 3.931761718768676528e-01
1.840556361166845734e-01 6.784723811638246893e-01
2.254727850769308595e-01 6.287857291194389742e-01
5.415570935147289156e-01 2.928904823585734910e-02
4.217999702939780327e-01 5.101959955239272482e-01
3.749739213751999145e-01 7.821502569293168339e-01
3.923633201029922968e-01 6.393111105429056806e-01
7.907582075764092444e-01 1.772000514710941887e-01
6.916102810309878723e-01 6.824682510034888461e-01
5.958789762927055866e-01 8.949812980735549761e-01
5.890193320952962219e-01 7.603475920321249859e-01
1.000000000000000000e+00 3.739493483688797748e-01
9.226829946760970458e-01 7.597958784458972437e-01
8.156831483575402997e-01 9.389123758670415709e-01
7.800719812972258804e-01 8.869506848295601875e-01
