0.000000000000000000e+00 5.501320202334764042e-01
1.146786604043876640e-01 7.878402457613427057e-01
2.749448534062479133e-01 1.000000000000000000e+00
2.662381120364929465e-01 9.632252429866934307e-01
1.707160011284704348e-01 6.956995667488524715e-01
1.000000000000000000e+00 6.766141941848657915e-01
6.497691265953846607e-01 7.986641097746485229e-01
3.690625818964509142e-01 8.163840895130743958e-01
3.534838183353533614e-01 7.893494052260188187e-01
9.500764008857824905e-01 3.853329930387912605e-01
5.053683496501694128e-01 5.301885746887983197e-01
2.551059229900075054e-01 6.223692148952227887e-01
3.235707592496148699e-01 6.146304799323781820e-01
7.939140405304192516e-01 1.642074142063605358e-01
3.996618407529628492e-01 2.572030442312660536e-01
2.013847153356937147e-01 3.837993261231475994e-01
2.307473825357265473e-01 4.292419158582719829e-01
5.803323927821808503e-01 0.000000000000000000e+00
3.732919592662268804e-01 1.802296675962327191e-02
2.182456580858678219e-01 1.183956517225850241e-01
1.979319967673427161e-01 1.740787656986223508e-01
