0.000000000000000000e+00 2.940003787735540608e-01
1.044652661889303863e-01 5.792382170637110361e-01
2.908591588416221674e-01 8.802295166246479896e-01
5.460971757424785133e-01 1.000000000000000000e+00
7.175383354780728862e-01 7.811613612180239308e-01
7.589833826054419585e-01 7.456831054739996301e-01
9.403393099727095361e-01 8.001409386471799445e-01
6.554294052703822926e-01 7.365344986547073258e-01
4.994557553125473781e-01 6.821393683684084941e-01
8.178574440010440982e-01 4.941446856333626680e-01
9.993533804418441857e-01 5.519172009130562939e-01
6.209096418040528365e-01 4.921637555811396170e-01
4.948733360639858136e-01 4.485935193634258411e-01
8.166649563192353023e-01 2.453306084894145145e-01
1.000000000000000000e+00 2.833323171054903944e-01
6.537091532383075831e-01 2.729295021819326261e-01
5.305999521627465798e-01 2.659872250010393846e-01
7.560397484087127973e-01 0.000000000000000000e+00
9.240314505835367509e-01 3.882744699331763111e-02
6.830370693454216324e-01 7.596394599040977302e-02
5.733836946200406848e-01 1.045432301444805395e-01
