1.867419270469760639e-01 1.000000000000000000e+00
1.153093928344330610e-01 6.036500089476288800e-01
9.934638450831910494e-02 2.652361316515833289e-01
4.315166915509178330e-02 4.081608612175115919e-02
0.000000000000000000e+00 1.315039864155417570e-01
9.483576089415037824e-01 2.130173189023294722e-01
4.596552012149285882e-01 0.000000000000000000e+00
2.375637169938198956e-01 1.712326714397748306e-01
3.186309983594074469e-01 2.779240946567324011e-01
1.000000000000000000e+00 4.399210460531775002e-01
2.952420377000977147e-01 2.390437453302125537e-01
1.234638877593261103e-01 3.955300660253592837e-01
2.596123421821283084e-01 4.769841518695867033e-01
9.011245771252257564e-01 6.823900095608835814e-01
2.241710313175769020e-01 4.953793682055837588e-01
8.484594829725269904e-02 5.876823458344326845e-01
2.105357013304589853e-01 6.434663512851237499e-01
7.209288643697557841e-01 9.053900412630344618e-01
1.849851944294231276e-01 7.536171201315760015e-01
1.077392561305792196e-01 7.945146270778984388e-01
2.169508389213667954e-01 8.444735788558087597e-01
