0.000000000000000000e+00 5.583290358897404770e-01
1.113197626170311094e-01 7.761466427927997680e-01
2.622762936878548778e-01 9.888539437252528153e-01
1.977420084602371231e-01 1.000000000000000000e+00
1.800284131836389634e-02 7.826365572644502500e-01
1.000000000000000000e+00 6.425779644798764734e-01
5.768130591653477524e-01 8.630152044660952537e-01
2.782613993332249680e-01 8.573667774042260659e-01
2.619627342106943813e-01 7.732322013903797364e-01
9.023487197788538916e-01 3.756027671847945171e-01
3.874893681119793154e-01 6.082891600397504206e-01
1.634623002717655316e-01 6.511859837678362073e-01
2.346676891351222038e-01 6.091641416880063664e-01
6.996501240753733031e-01 1.683011707490536524e-01
2.264100639736788823e-01 3.643206682321903367e-01
6.659198436338692462e-02 4.332645004599924854e-01
1.190754690431978513e-01 4.212369702616903244e-01
4.497175100191614927e-01 0.000000000000000000e+00
1.634019358804404964e-01 1.063095325045353701e-01
1.695708413161281861e-02 2.080030572714589854e-01
8.401828985164193353e-03 2.520671625879684630e-01
