5.287857626397527433e-01 1.000000000000000000e+00
1.989975874103976916e-01 8.424711285893007329e-01
1.254576415072770380e-02 5.113510623981338821e-01
0.000000000000000000e+00 2.306380245325996559e-01
8.654208413148264945e-02 1.443626608051597204e-02
3.795811617210402278e-01 1.868060020634896845e-01
3.112548746338122396e-01 0.000000000000000000e+00
2.044619487799374247e-01 2.545581191341317884e-01
2.291685760949846440e-01 3.784269380105766412e-01
6.062568279665557780e-01 2.525473381481426194e-01
4.994879584243314685e-01 7.959948861342464044e-02
3.318003564707999176e-01 3.925148655990350344e-01
4.078526958477016739e-01 4.477284168448544821e-01
8.074081511133996969e-01 3.667079115390941557e-01
6.979686333529826481e-01 2.210961915157677593e-01
5.016560086602721569e-01 5.111303836396170475e-01
5.612496558058714946e-01 5.574673156192213597e-01
1.000000000000000000e+00 5.096908005243456774e-01
8.494327382544064609e-01 4.055258160503610876e-01
6.786881954088230806e-01 5.939004939416142603e-01
7.088150477199686161e-01 6.503386814599937393e-01
