5.589309431682962792e-01 1.000000000000000000e+00
8.570937177522749417e-01 6.959266765858068693e-01
9.189570129081420236e-01 4.070927909642440556e-01
7.765405257726698540e-01 2.369525734748595125e-01
5.670639120080447348e-01 1.850791528906118311e-01
1.000000000000000000e+00 1.566088876230084248e-01
7.571646524610723406e-01 0.000000000000000000e+00
6.471605543769677338e-01 1.345039981666654449e-01
6.653678976828544256e-01 2.582579230508282309e-01
7.125939555728183494e-01 9.607738466144002953e-02
5.070666440641143913e-01 5.685247731201752835e-03
4.244683599928242290e-01 1.431662339979102028e-01
4.695630849850477295e-01 2.652292877896034740e-01
4.206033235626669420e-01 1.176397291989576127e-01
2.461773433552610912e-01 7.575256172058490722e-02
1.962528040605594770e-01 2.246319754273359004e-01
2.581713986645841619e-01 3.367247669107616970e-01
1.502857961063263637e-01 1.837663499415764790e-01
1.843973265350122917e-02 1.729978976254600009e-01
0.000000000000000000e+00 3.278660727089106608e-01
5.851570356204154055e-02 4.416007245285025196e-01
