1.000000000000000000e+00 9.533551926578557323e-01
6.304375612131348783e-01 1.000000000000000000e+00
2.329865571117230860e-01 8.606766765695339494e-01
0.000000000000000000e+00 5.914034233967374599e-01
1.658108245614068818e-02 2.981438502447505967e-01
2.764840765844704396e-01 3.520022813517849625e-01
9.666419913817271559e-02 2.167979615941334481e-01
2.384862776224420666e-01 5.126096648167761671e-01
3.466464256511563868e-01 5.807913415667771417e-01
4.666405541725344719e-01 2.243264691569452907e-01
2.759361166262683240e-01 9.592878896686998780e-02
4.192594080192823536e-01 4.647260137578083095e-01
5.158291346065217997e-01 4.739625014468474840e-01
6.800090141760566365e-01 1.490095784415367830e-01
5.023760900513122296e-01 0.000000000000000000e+00
6.086201507843234104e-01 3.607718884689055105e-01
6.952081720864463632e-01 3.748792738007967751e-01
9.272821971747533532e-01 1.056951651024119060e-01
7.646351491162025615e-01 3.769426650121784211e-02
8.027190848158465286e-01 2.931994434148836870e-01
8.686618835067214661e-01 3.225967396458614966e-01
