3.926217922156556295e-01 1.000000000000000000e+00
6.855600985217240595e-01 7.677790898160427036e-01
8.372864340002562633e-01 4.719494886188899674e-01
8.090248971681754941e-01 2.241919532902423018e-01
6.955715931229220494e-01 8.406536999030765622e-02
1.000000000000000000e+00 3.310125498402690658e-01
8.096087785028454054e-01 9.198314733173557642e-04
6.695408670427790421e-01 1.112656267792090647e-01
6.809160516059886703e-01 2.382134880522328579e-01
7.578179640423911012e-01 3.195377441130875518e-01
5.208848592608950057e-01 0.000000000000000000e+00
4.113224972238632704e-01 1.201220643890997392e-01
4.532863427875503115e-01 2.430313284252940687e-01
4.822799816014370911e-01 3.236610709280713372e-01
2.643647260063327065e-01 5.323563878480749162e-02
1.884196468568071492e-01 1.795684260830816004e-01
2.475341815114845412e-01 2.921581654656585370e-01
2.053702080699841559e-01 3.465823495287869704e-01
4.506807798326306624e-02 1.463481551815499215e-01
0.000000000000000000e+00 2.672725952266314375e-01
4.712606466080725143e-02 3.723693707506323114e-01
