3.931108707111937162e-01 8.405068942127702503e-01
6.618295748441952453e-01 9.406953820656350773e-01
9.774056175467391583e-01 9.497804460891204892e-01
9.512693292819194291e-01 1.000000000000000000e+00
6.603678396061611888e-01 9.816160336198574976e-01
1.000000000000000000e+00 1.149916538141294159e-01
8.948581354174635072e-01 5.793677381060992060e-01
8.471475594568029788e-01 7.758265680966910383e-01
8.666428321010462010e-01 6.989576372919629188e-01
6.668764324138691801e-01 0.000000000000000000e+00
5.458096268380598914e-01 6.279916181143064824e-01
5.696281692211019321e-01 7.928200444048100204e-01
6.408852777031182057e-01 6.055081220703156797e-01
3.427386655431912121e-01 1.985595301759063638e-02
2.233577664593121015e-01 6.443695429304794331e-01
3.114616913282008404e-01 7.497792200345964053e-01
4.098301174772922550e-01 5.689969395515452888e-01
6.083915388986813055e-02 1.125269236164425507e-01
0.000000000000000000e+00 5.844463083678581583e-01
8.228818300878959491e-02 6.925365373263284718e-01
1.674764949507158429e-01 5.793051732649435737e-01
