0.000000000000000000e+00 5.985645866110547164e-01
1.348968198846055289e-01 8.201112761912313642e-01
3.204450531906031241e-01 1.000000000000000000e+00
3.569226527445273911e-01 9.268757555181346142e-01
2.761949084282609990e-01 6.549221098929601803e-01
1.000000000000000000e+00 6.531359870410825552e-01
7.182197872375876146e-01 7.491059782103460796e-01
4.527752943805278818e-01 7.930915583107494005e-01
4.362378087512002733e-01 7.773363690046222185e-01
9.608519717464079068e-01 3.760294138662076402e-01
5.653829360519058156e-01 4.971411124638154266e-01
3.163764154128014816e-01 6.003997264269506084e-01
3.521405311961991469e-01 6.005025237590141396e-01
8.195883477099019654e-01 1.629646566177280764e-01
4.343621178918951053e-01 2.485189270785843341e-01
2.379055257104082111e-01 3.947339185559325947e-01
2.580718272282844228e-01 4.450760308428874379e-01
6.203684324286818930e-01 0.000000000000000000e+00
3.931980300909383441e-01 2.038521802023401941e-02
2.376416782252102622e-01 1.417072746859956434e-01
2.218573904342505121e-01 2.101828978122299851e-01
