6.378954260989995184e-01 1.000000000000000000e+00
3.067060524710030767e-01 7.595732905001648660e-01
2.124780706787815221e-01 4.922506706161698387e-01
9.145939822174911638e-02 3.265888440131434201e-01
0.000000000000000000e+00 1.807815459182489370e-01
1.000000000000000000e+00 1.820477639524850089e-01
3.540551975793407302e-01 5.451852185248765026e-02
2.159144402441965926e-01 2.441910211158237198e-01
2.890707857485287913e-01 4.106322932365461531e-01
9.518942906029691509e-01 1.278979842952863155e-01
2.487009137235218770e-01 0.000000000000000000e+00
1.374669084323355550e-01 2.241057064085424377e-01
2.515119376490554948e-01 3.659575236183713054e-01
8.118718665051622985e-01 1.104762634811841809e-01
1.378324151636790285e-01 9.471728163159865181e-04
6.333616702098589235e-02 2.345617629111926838e-01
2.089091832700120388e-01 3.492736388244039314e-01
6.073704172536499302e-01 1.287387305657274050e-01
5.299631072056360664e-02 9.789085559207033604e-02
7.557414654827828392e-03 2.939433215349895878e-01
1.523071746286360773e-01 3.956852240337395687e-01
