1.000000000000000000e+00 5.432201777135511334e-01
8.564076512246000528e-01 7.814764938211475886e-01
5.500170793914903600e-01 9.808366258777586610e-01
2.493363203843608766e-01 1.000000000000000000e+00
1.019251465031295600e-01 7.873763154076497406e-01
2.110762553267048480e-01 7.505986367079756638e-01
0.000000000000000000e+00 7.352862818466635586e-01
2.748120367118649376e-01 7.721887843748564961e-01
3.910003175926987651e-01 7.609400575851984483e-01
2.443191955735153353e-01 4.989390703687042183e-01
2.874239632860783530e-02 4.755007717641500653e-01
3.714427432467846124e-01 5.665900856924331874e-01
4.442326588473390347e-01 5.565251437624906261e-01
3.277570362722398434e-01 2.647587043111613303e-01
1.285245205387181011e-01 2.160751509442354057e-01
4.350502363777498660e-01 3.422199830408746979e-01
5.043435472036502665e-01 3.574578227428724109e-01
4.512265539718197660e-01 3.432101159797103229e-02
2.961006026719949502e-01 0.000000000000000000e+00
4.873251719036897356e-01 1.204019152291632838e-01
5.537390670041753005e-01 1.723416789825691353e-01
