6.182521791034272240e-01 1.000000000000000000e+00
4.182822954783781966e-01 7.219787788695432029e-01
3.406992535847929715e-01 3.772575489412023919e-01
4.802909800680826846e-01 7.984674244471798299e-02
5.928856015008511227e-01 0.000000000000000000e+00
0.000000000000000000e+00 4.905039126806043370e-01
2.274919553832632224e-01 3.449674121618461625e-02
3.941798811748594700e-01 1.237949474782173154e-01
3.772233788968558099e-01 2.464369758422784995e-01
2.203243098912886777e-01 5.717067974354563820e-01
5.142984217104911160e-01 8.019184142883978295e-02
6.267970536663969305e-01 1.946282180638789772e-01
5.491319938101018039e-01 3.244000199735746492e-01
4.917538312349757912e-01 6.227814470854828865e-01
7.593955198528747896e-01 1.511654818585252691e-01
8.294473981547769714e-01 2.770439426568183094e-01
7.304268789163900211e-01 4.163970366190127836e-01
7.919532875360898450e-01 6.514820471645846878e-01
9.811159462324389180e-01 2.743671666136944243e-01
1.000000000000000000e+00 3.815702558599060046e-01
9.180767331081159943e-01 5.189277360825004237e-01
