0.000000000000000000e+00 9.533551926578557323e-01
3.695624387868651217e-01 1.000000000000000000e+00
7.670134428882768862e-01 8.606766765695339494e-01
1.000000000000000000e+00 5.914034233967374599e-01
9.834189175438593500e-01 2.981438502447505967e-01
7.235159234155296160e-01 3.520022813517849625e-01
9.033358008618272983e-01 2.167979615941334481e-01
7.615137223775578779e-01 5.126096648167761671e-01
6.533535743488436687e-01 5.807913415667771417e-01
5.333594458274655281e-01 2.243264691569452907e-01
7.240638833737317315e-01 9.592878896686998780e-02
5.807405919807175909e-01 4.647260137578083095e-01
4.841708653934782003e-01 4.739625014468474840e-01
3.199909858239434191e-01 1.490095784415367830e-01
4.976239099486878259e-01 0.000000000000000000e+00
3.913798492156766451e-01 3.607718884689055105e-01
3.047918279135535813e-01 3.748792738007967751e-01
7.271780282524667460e-02 1.056951651024119060e-01
2.353648508837974107e-01 3.769426650121784211e-02
1.972809151841534436e-01 2.931994434148836870e-01
1.313381164932785616e-01 3.225967396458614966e-01
