1.000000000000000000e+00 4.733723290970048292e-01
8.416803477608357786e-01 7.467094141793584328e-01
5.509272064419973303e-01 9.971202985927237750e-01
2.532317591189596206e-01 1.000000000000000000e+00
1.439925871619952003e-01 7.282178796095938322e-01
2.069101038538007364e-01 7.362647485939813885e-01
0.000000000000000000e+00 7.032889115756373322e-01
2.978024457775769740e-01 7.284144683778325247e-01
4.061173451211363417e-01 7.332833580200888157e-01
2.040717996011299218e-01 4.829437640391616160e-01
6.407780158941679769e-04 4.538230111628163699e-01
3.557200468927489978e-01 5.018733798593417728e-01
4.426167848018536799e-01 5.151121057480919641e-01
2.502471832213736258e-01 2.489869274641453023e-01
6.536038376157124463e-02 2.056988213778095098e-01
3.802934966675158845e-01 2.815146531928778284e-01
4.616057921332534786e-01 3.212808267468123535e-01
3.477025323558382564e-01 2.710579515604657694e-02
1.901500599685758408e-01 0.000000000000000000e+00
4.015112808741148620e-01 8.255401214684039701e-02
4.784182624626380220e-01 1.398884937396353001e-01
