1.000000000000000000e+00 5.367167149495855050e-01
9.088885457927111666e-01 7.881474218699396905e-01
7.625062152884828359e-01 1.000000000000000000e+00
7.730732845444175938e-01 9.225175044102350563e-01
8.687115305408608101e-01 6.440433885845717743e-01
0.000000000000000000e+00 7.098185993169692232e-01
3.687973578610873049e-01 8.161625747898391126e-01
6.156113182740748924e-01 8.125853312216699820e-01
5.948638821854608238e-01 7.747714552061094606e-01
4.262309387830644919e-02 4.167340320280222832e-01
4.910602934527180108e-01 5.332293271422819947e-01
7.215879204999273711e-01 5.939748378468654444e-01
6.381980482196105697e-01 5.856863583079430224e-01
1.892401309370089768e-01 1.854119648502044193e-01
5.782136218026326935e-01 2.665309199070834412e-01
7.621036899514428420e-01 3.542479231571313836e-01
7.205028522000802571e-01 3.828171336837813965e-01
3.875422363914550750e-01 0.000000000000000000e+00
5.982367999739162112e-01 1.330198647908932552e-02
7.570755994846525283e-01 1.082531722576212246e-01
7.780690099602844967e-01 1.694771728266018795e-01
