6.856376911399963969e-01 1.000000000000000000e+00
3.214371701539209814e-01 7.699451715479287417e-01
2.018298087543871910e-01 5.036572235588564483e-01
6.896564453261987138e-02 3.236203710717591719e-01
0.000000000000000000e+00 1.594187841681115048e-01
1.000000000000000000e+00 1.850552306540272918e-01
4.133307958060251641e-01 3.676594918371764442e-02
3.024167896806858047e-01 2.220358829810411549e-01
3.917670090551169659e-01 3.697704071761271916e-01
9.858104918277538209e-01 1.455767048379384143e-01
3.487087527055222624e-01 0.000000000000000000e+00
2.508054530039962038e-01 2.086718728563397851e-01
3.775980089160725361e-01 3.296226782804142497e-01
8.751643206160285571e-01 1.383117414594232097e-01
2.586440334543443909e-01 8.024104913031742878e-03
1.883457769242790070e-01 2.280203666627814429e-01
3.423533132163199544e-01 3.337012171827242191e-01
6.883504937719153727e-01 1.598295461074707158e-01
1.744983427458369762e-01 1.126003658044379130e-01
1.303002499108925905e-01 2.959901520323393598e-01
2.740357225328733382e-01 3.967575721260676591e-01
