4.148257943731091246e-01 1.000000000000000000e+00
6.955977868758527194e-01 7.550497388407227950e-01
9.083935965155870429e-01 4.862013846038037990e-01
1.000000000000000000e+00 3.492489154806643348e-01
8.418522274808695194e-01 4.651225568434391167e-01
4.565950575964228819e-01 0.000000000000000000e+00
6.900696977019372680e-01 4.645916807554113792e-02
7.872898156545355963e-01 2.967937230104013002e-01
7.462375301458977761e-01 3.607599570595489968e-01
2.317979723758637201e-01 1.374480679157461527e-01
5.417463010516674338e-01 2.731934698722026100e-01
6.800566886660008858e-01 5.093541053373175087e-01
6.198178992488579953e-01 5.162399587384393085e-01
8.870179607102221531e-02 3.667797571497249942e-01
4.023869499325942178e-01 5.756482975529144674e-01
5.513698115685566892e-01 7.201782610662343931e-01
4.998523553823115972e-01 6.815418117921098196e-01
0.000000000000000000e+00 6.223071986368372555e-01
2.729036932185195941e-01 8.066522679223896430e-01
4.228172739052301621e-01 8.885965327139406789e-01
4.329980999339462233e-01 8.721646946715748694e-01
