3.363821727050240740e-01 1.000000000000000000e+00
7.332878470937090887e-01 7.842462184026580685e-01
9.285814796902363000e-01 5.559610553911995545e-01
1.000000000000000000e+00 3.424915393201749536e-01
9.024182203528454682e-01 1.466634046983722461e-01
5.049646614487564023e-01 2.951131849331443679e-01
6.606044624602537274e-01 8.346442338153371721e-02
7.557495355791868930e-01 2.539143316901228409e-01
6.739456474911027506e-01 4.096140825998645929e-01
3.795629615877771923e-01 2.525159302402013584e-01
6.087852296641231842e-01 8.151450557030313557e-03
7.106172530016385824e-01 2.703937277240229808e-01
5.594590684938418601e-01 4.203262831804093769e-01
2.087932705591693527e-01 2.101530336849875558e-01
4.978338853565447142e-01 0.000000000000000000e+00
5.931247982385710049e-01 2.695027794318292091e-01
4.251221210935144379e-01 4.041146558451957915e-01
0.000000000000000000e+00 1.988329061583290203e-01
3.157529411347358428e-01 3.644293252240898145e-02
4.222553843449291522e-01 2.357784497281820990e-01
2.985741995269273197e-01 3.772220595407669852e-01
