3.694810976117560153e-01 1.000000000000000000e+00
6.426307601564975602e-01 9.486983280417472519e-01
9.089707893645573300e-01 8.275462652586537127e-01
1.000000000000000000e+00 8.046368471086071672e-01
8.046502802754589290e-01 8.134767372897475646e-01
7.456503429500140889e-01 0.000000000000000000e+00
8.351448855416669925e-01 3.931761718768676528e-01
8.159443638833154822e-01 6.784723811638246893e-01
7.745272149230690850e-01 6.287857291194389742e-01
4.584429064852710289e-01 2.928904823585734910e-02
5.782000297060220229e-01 5.101959955239272482e-01
6.250260786248000855e-01 7.821502569293168339e-01
6.076366798970076477e-01 6.393111105429056806e-01
2.092417924235907001e-01 1.772000514710941887e-01
3.083897189690121277e-01 6.824682510034888461e-01
4.041210237072943579e-01 8.949812980735549761e-01
4.109806679047037781e-01 7.603475920321249859e-01
0.000000000000000000e+00 3.739493483688797748e-01
7.731700532390295422e-02 7.597958784458972437e-01
1.843168516424597003e-01 9.389123758670415709e-01
2.199280187027740918e-01 8.869506848295601875e-01
