7.053728310679977520e-01 1.000000000000000000e+00
8.616119967264074253e-01 6.120611860602573895e-01
9.296672869511484194e-01 2.755298413220179654e-01
1.000000000000000000e+00 6.295174585679907953e-02
9.971202762270665598e-01 1.704860305663190578e-01
9.688525208785869758e-02 1.851587585326237018e-01
5.555590932997483966e-01 0.000000000000000000e+00
7.856675369517380769e-01 1.842622680424762793e-01
7.183121304531379092e-01 2.892054114302871626e-01
0.000000000000000000e+00 4.120155935923133783e-01
6.726153835268479098e-01 2.610122045410665503e-01
8.711111346960723756e-01 4.283060111022918282e-01
7.471883778027778034e-01 5.108609322048682788e-01
6.329083323309725451e-02 6.584569896166534431e-01
7.110544482416232270e-01 5.255219740753981350e-01
8.826559732452199381e-01 6.270935118879731318e-01
7.622913025738268233e-01 6.853336743447376866e-01
2.073551470640261074e-01 8.898543737175031998e-01
7.298351529130965298e-01 7.946245461934253740e-01
8.453713923853594103e-01 8.352190379187931502e-01
7.558546718270562348e-01 8.802064999901085818e-01
