1.000000000000000000e+00 5.062026126990741837e-01
8.260215595646888120e-01 7.773903732579344750e-01
5.378368337125232213e-01 1.000000000000000000e+00
2.419147953938087514e-01 9.888116918968000713e-01
1.176487898724119657e-01 7.312448572658373225e-01
2.064586732094544352e-01 7.478716495229520422e-01
0.000000000000000000e+00 7.055434301523542118e-01
2.680470771726475854e-01 7.452451097446162187e-01
4.124056700073385762e-01 7.579826641378230034e-01
2.211350682265869338e-01 4.965379988166958580e-01
1.381066501380349282e-02 4.597031701296311335e-01
3.458456179200776748e-01 5.213911884906179406e-01
4.691208251563813159e-01 5.409979908164647133e-01
2.838707897510221456e-01 2.600587697591261183e-01
8.175989464836501408e-02 2.041633902728748062e-01
3.757417192842416043e-01 2.950763596210384532e-01
4.933500458890239804e-01 3.469315463108439412e-01
3.951758588788364390e-01 3.677627186184848074e-02
2.103306400737167126e-01 0.000000000000000000e+00
4.060238770063803182e-01 9.151207411316829299e-02
5.095151213070371332e-01 1.586674748015531877e-01
