0.000000000000000000e+00 8.669706482845499496e-01
3.067848125325796094e-01 1.000000000000000000e+00
7.084376148883513302e-01 9.617352439387335528e-01
9.779282171328654849e-01 7.365689854534054337e-01
1.000000000000000000e+00 4.329063808968273142e-01
7.889970141980118257e-01 4.256291906251077339e-01
9.733335762847934447e-01 3.402051494566577516e-01
7.661449284061347953e-01 5.977330403474263587e-01
6.592125228615537402e-01 6.216453746589859497e-01
6.331375787671856825e-01 2.569704782641649699e-01
8.234236826939601572e-01 1.806151178630566734e-01
5.919683820111593109e-01 5.196320313956147574e-01
5.126806370901846321e-01 4.838707063298271494e-01
4.497519215495444089e-01 1.309727406475679201e-01
6.265010738097254173e-01 3.722246754239347255e-02
4.381888611757492891e-01 3.798531881920683695e-01
3.667077183177898103e-01 3.578705058011114049e-01
2.313841123321803972e-01 2.666356604568972249e-02
3.783776058777104101e-01 0.000000000000000000e+00
2.848764859786638848e-01 2.473930869711472302e-01
2.295487569638641756e-01 2.491578826773538924e-01
