4.671931334950822912e-01 1.000000000000000000e+00
2.135047350708303981e-01 6.690273300125710865e-01
8.350264798726879378e-02 3.667037550132900003e-01
0.000000000000000000e+00 1.714679051926660258e-01
8.703008009183167693e-02 2.459382145167491041e-01
7.654436356995643065e-01 7.742522913292933240e-02
4.224364091727322301e-01 0.000000000000000000e+00
2.371362604680284925e-01 2.026547587290663255e-01
2.764188254937257061e-01 2.894712398383053609e-01
9.494617933265503407e-01 2.763382629100997745e-01
4.631817588896715576e-01 2.488236349951358783e-01
2.576431608880540569e-01 4.338776263061493998e-01
3.483590305496856443e-01 5.002327111944993021e-01
1.000000000000000000e+00 5.279089808340514667e-01
4.863987373144452175e-01 5.455922218927683476e-01
3.128397380710130071e-01 6.637673628499717315e-01
4.299822597897263177e-01 6.966465787983574520e-01
9.684852991051629001e-01 7.784172928217522047e-01
5.278889149774333989e-01 8.154431644226894926e-01
4.051151809240562396e-01 8.714113636446275679e-01
4.888372335707391048e-01 8.998788182899098986e-01
