7.126058638937988743e-01 1.000000000000000000e+00
3.136304096432903643e-01 8.687324658353924312e-01
4.642058542009674244e-02 6.284358106283404188e-01
0.000000000000000000e+00 3.361948067127121798e-01
1.682345719066741796e-01 1.307102079632533886e-01
3.579643438424268687e-01 3.140374728275410754e-01
1.794903724605118045e-01 1.297767988395440719e-01
1.929822553872622692e-01 3.739976891170084250e-01
3.110382503362200679e-01 4.499167939922530390e-01
5.437015442565261703e-01 2.738488650590774620e-01
3.507687626965995675e-01 4.694712348954058895e-02
3.711109196477732630e-01 3.834986788450175377e-01
5.250973658384231468e-01 4.691388100237387504e-01
7.505499335637175751e-01 2.338608348492032252e-01
5.422173294364560636e-01 0.000000000000000000e+00
5.467312272067009760e-01 3.528120587028644173e-01
6.916521835122244610e-01 4.556492207848744647e-01
1.000000000000000000e+00 2.260058783694192108e-01
7.828768727694708218e-01 1.596949125523007898e-02
7.378163127661321319e-01 2.661777713413337465e-01
8.454925641174071416e-01 3.910734753766723082e-01
