0.000000000000000000e+00 5.367167149495855050e-01
9.111145420728880562e-02 7.881474218699396905e-01
2.374937847115171086e-01 1.000000000000000000e+00
2.269267154555824340e-01 9.225175044102350563e-01
1.312884694591392454e-01 6.440433885845717743e-01
1.000000000000000000e+00 7.098185993169692232e-01
6.312026421389127506e-01 8.161625747898391126e-01
3.843886817259250521e-01 8.125853312216699820e-01
4.051361178145391206e-01 7.747714552061094606e-01
9.573769061216935716e-01 4.167340320280222832e-01
5.089397065472819337e-01 5.332293271422819947e-01
2.784120795000726289e-01 5.939748378468654444e-01
3.618019517803894858e-01 5.856863583079430224e-01
8.107598690629910232e-01 1.854119648502044193e-01
4.217863781973673620e-01 2.665309199070834412e-01
2.378963100485571580e-01 3.542479231571313836e-01
2.794971477999197429e-01 3.828171336837813965e-01
6.124577636085449805e-01 0.000000000000000000e+00
4.017632000260838443e-01 1.330198647908932552e-02
2.429244005153474995e-01 1.082531722576212246e-01
2.219309900397155033e-01 1.694771728266018795e-01
