3.578366306106868233e-01 1.000000000000000000e+00
5.603742670594585862e-01 7.485077339167958144e-01
6.575664161324165091e-01 4.043924190395153939e-01
5.279760890528554240e-01 9.879737847063947698e-02
4.090878134780766562e-01 0.000000000000000000e+00
1.000000000000000000e+00 4.720967575287932649e-01
7.880261888363817580e-01 1.447084207007627576e-02
6.250675403698628951e-01 1.123901905369678184e-01
6.414237708712661190e-01 2.393078676269486671e-01
7.824130839244247682e-01 5.384210451676948450e-01
4.894637023013941879e-01 4.911789791432420726e-02
3.780389854012103368e-01 1.740928070015498319e-01
4.484632859956715900e-01 3.058644057495365498e-01
5.141115980230380744e-01 5.788827098590978437e-01
2.425909638603703788e-01 1.186868042260511985e-01
1.708989315173111423e-01 2.571584161424620985e-01
2.555004161732255530e-01 3.955427517954639982e-01
2.171454359139606549e-01 6.022555687239796729e-01
3.402206181835237819e-02 2.314625662219791102e-01
0.000000000000000000e+00 3.467437323365848978e-01
6.045522275536089479e-02 4.803662037459102141e-01
