6.636178272949758705e-01 1.000000000000000000e+00
2.667121529062908558e-01 7.842462184026580685e-01
7.141852030976365839e-02 5.559610553911995545e-01
0.000000000000000000e+00 3.424915393201749536e-01
9.758177964715449015e-02 1.466634046983722461e-01
4.950353385512435422e-01 2.951131849331443679e-01
3.393955375397462726e-01 8.346442338153371721e-02
2.442504644208131348e-01 2.539143316901228409e-01
3.260543525088971939e-01 4.096140825998645929e-01
6.204370384122227522e-01 2.525159302402013584e-01
3.912147703358768713e-01 8.151450557030313557e-03
2.893827469983614731e-01 2.703937277240229808e-01
4.405409315061581954e-01 4.203262831804093769e-01
7.912067294408305917e-01 2.101530336849875558e-01
5.021661146434552858e-01 0.000000000000000000e+00
4.068752017614289951e-01 2.695027794318292091e-01
5.748778789064855621e-01 4.041146558451957915e-01
1.000000000000000000e+00 1.988329061583290203e-01
6.842470588652641572e-01 3.644293252240898145e-02
5.777446156550708478e-01 2.357784497281820990e-01
7.014258004730726803e-01 3.772220595407669852e-01
