3.189144704165812194e-01 1.000000000000000000e+00
9.408122850597749887e-02 6.388199100586539059e-01
1.075464664862456760e-01 3.412913359974452665e-01
3.281318346066852687e-01 1.871920039808203096e-01
5.790086004712227119e-01 1.619294382093493523e-01
0.000000000000000000e+00 1.587929619879181742e-01
4.400329189172989541e-01 0.000000000000000000e+00
5.514868231729512793e-01 1.579989806935444829e-01
5.153928601373664042e-01 3.172536205217334482e-01
1.857272114114423556e-01 8.750255935049965073e-02
6.408713141739577068e-01 1.373744525604702997e-02
7.095595848902978009e-01 1.980953771166723831e-01
6.371820787205262349e-01 3.409211751878117314e-01
4.090451594611076436e-01 8.962643657579878742e-02
8.409877560888716630e-01 5.235535846993528974e-02
8.745936066047955704e-01 2.630969113059002940e-01
7.776336564950040442e-01 3.853297858831171707e-01
6.458599982961362729e-01 1.431652637276398521e-01
9.958056665929223561e-01 1.751688261843753203e-01
1.000000000000000000e+00 3.624389322770562583e-01
9.019665483727259403e-01 4.568856447522600117e-01
