1.000000000000000000e+00 4.143546381582450255e-01
8.788135994159488318e-01 6.517602427693358624e-01
6.631902301222888374e-01 8.859973768070897870e-01
4.250952767797266385e-01 1.000000000000000000e+00
2.381157067875900868e-01 8.485843255469159852e-01
2.408354633461623762e-01 7.479699484115875929e-01
3.995768055980834788e-02 7.623512715867958311e-01
2.396068769881756488e-01 7.454623858106030898e-01
4.110349936499734791e-01 7.234420298736407018e-01
2.234519908621526163e-01 5.034142743115405105e-01
0.000000000000000000e+00 5.181073276527740079e-01
2.968155949124512416e-01 5.182443974506732998e-01
4.556464583806368318e-01 5.077187519273207439e-01
2.643560636905640249e-01 2.570065142457184093e-01
5.883003684791752314e-02 2.489446947663563892e-01
3.285560544394520721e-01 2.907421214702829992e-01
4.770267277990461463e-01 3.137249675209611843e-01
3.598402899291445745e-01 1.511991356169866720e-02
1.859482293002413245e-01 0.000000000000000000e+00
3.660209472610992942e-01 7.408265251641353577e-02
4.855755642606681688e-01 1.350682786970593685e-01
