3.254564529654596639e-01 1.000000000000000000e+00
7.870165089671008474e-01 7.412196451803624297e-01
8.997845952297830463e-01 4.863933675856481620e-01
1.000000000000000000e+00 3.084476266396252164e-01
9.935176120842615921e-01 1.307007335788621105e-01
6.018061968911170984e-02 1.682538525598362977e-01
6.273313022541020523e-01 2.510731711862101978e-02
7.400629478601686850e-01 2.200586801760570366e-01
6.507671433044567300e-01 3.767534084544318373e-01
0.000000000000000000e+00 1.572937486871734680e-01
6.769216372921982305e-01 0.000000000000000000e+00
7.956237020827859885e-01 2.378504944601521620e-01
6.352101321221238495e-01 3.702893189554282150e-01
2.363109098827060814e-02 1.504278354959515118e-01
7.194127925599875795e-01 1.275421658355980863e-02
8.322798534455765340e-01 2.525369322205871514e-01
6.477956551940082797e-01 3.728250422846607903e-01
1.469899117866179106e-01 1.593962761192771194e-01
7.385261418972175473e-01 8.790609756543434072e-02
8.134539803994256246e-01 2.703398329229589336e-01
6.458341581218575156e-01 3.810146030537421291e-01
