4.320009893125121292e-01 9.195753233172793140e-01
7.103092649167861428e-01 9.216714370682750346e-01
1.000000000000000000e+00 8.779890878405218757e-01
9.974326931503649796e-01 9.563483559828995784e-01
7.249049460260016398e-01 1.000000000000000000e+00
9.138224996544305201e-01 4.033440765783659343e-02
9.368988783107284890e-01 4.801229926200133447e-01
8.897166943164864783e-01 7.892991267266312727e-01
8.675624305507471101e-01 7.598021553769547243e-01
5.787462865648959065e-01 0.000000000000000000e+00
6.195457185278150369e-01 5.790652732656387247e-01
6.478175208983325550e-01 8.665474245199358272e-01
6.543093732505942395e-01 7.317953529918255207e-01
2.725251920817184370e-01 9.490551169267305576e-02
2.696139764920746362e-01 7.071998350936938849e-01
3.778450719231729593e-01 9.262250412802569555e-01
4.382043773501601569e-01 7.901872158962808257e-01
3.603887650686833904e-03 2.561918238250962543e-01
0.000000000000000000e+00 7.339294724930698344e-01
1.127059971194449284e-01 9.287566107459648279e-01
1.869895184485576567e-01 8.787537120023017900e-01
