2.873941361062011257e-01 1.000000000000000000e+00
6.863695903567096357e-01 8.687324658353924312e-01
9.535794145799032506e-01 6.284358106283404188e-01
1.000000000000000000e+00 3.361948067127121798e-01
8.317654280933257649e-01 1.307102079632533886e-01
6.420356561575730758e-01 3.140374728275410754e-01
8.205096275394881955e-01 1.297767988395440719e-01
8.070177446127376752e-01 3.739976891170084250e-01
6.889617496637798766e-01 4.499167939922530390e-01
4.562984557434738297e-01 2.738488650590774620e-01
6.492312373034004880e-01 4.694712348954058895e-02
6.288890803522266815e-01 3.834986788450175377e-01
4.749026341615767977e-01 4.691388100237387504e-01
2.494500664362824249e-01 2.338608348492032252e-01
4.577826705635439364e-01 0.000000000000000000e+00
4.532687727932990240e-01 3.528120587028644173e-01
3.083478164877755945e-01 4.556492207848744647e-01
0.000000000000000000e+00 2.260058783694192108e-01
2.171231272305291782e-01 1.596949125523007898e-02
2.621836872338678126e-01 2.661777713413337465e-01
1.545074358825928862e-01 3.910734753766723082e-01
