4.246961914910367675e-01 1.000000000000000000e+00
7.767016564370224918e-01 8.856855793780591402e-01
9.974159051601172443e-01 5.445720622630429997e-01
1.000000000000000000e+00 2.300191528402487084e-01
9.091892775380920888e-01 8.107133895885574801e-03
6.552101835907732097e-01 2.096757252536869398e-01
6.911931329752633024e-01 0.000000000000000000e+00
7.901710399971422216e-01 2.552253886931137306e-01
7.707471723085455029e-01 3.877915695674338803e-01
4.230878800793199668e-01 2.601881253981886410e-01
4.987900744495115668e-01 6.811426084253399682e-02
6.447472786778198905e-01 3.865778402089227184e-01
5.749626485190971747e-01 4.505563103051882234e-01
2.133013280892416264e-01 3.579521552979445520e-01
2.873403300900017610e-01 1.984497896396953120e-01
4.563241872055324722e-01 4.984132133113433061e-01
4.021285429774276721e-01 5.546607896985781272e-01
0.000000000000000000e+00 4.761141192054104132e-01
1.331651514699465355e-01 3.820081863074565320e-01
2.739016798662022301e-01 5.896948913558386351e-01
2.356536436814904711e-01 6.470794106834707460e-01
