1.000000000000000000e+00 4.936906633268715594e-01
9.085632646179916394e-01 7.732571129968024426e-01
7.788629906445126982e-01 1.000000000000000000e+00
7.551401723979201952e-01 9.219440266227122427e-01
7.837699783274710841e-01 6.205725475820433878e-01
3.885269693571411897e-03 7.882710538551829238e-01
3.764427126321351347e-01 8.733933790054259072e-01
6.054379840596002538e-01 8.228951574397258550e-01
6.072943239996244635e-01 7.627461039471731263e-01
0.000000000000000000e+00 4.846880903640089500e-01
4.459958363706932327e-01 5.645832106193373612e-01
6.421622636656065808e-01 5.748798335192004672e-01
6.012087911836874188e-01 5.586032684756272459e-01
9.818475722404304551e-02 2.239659035528868969e-01
4.832025907432921374e-01 2.852230849953059089e-01
6.308613431028381457e-01 3.133887852515491734e-01
5.943051986427655420e-01 3.211930663274221165e-01
2.556700493965524679e-01 0.000000000000000000e+00
4.808301946963869922e-01 1.365720395049670709e-02
6.292752529965635055e-01 7.170435179204115439e-02
6.445287201557260426e-01 1.105605663085008489e-01
