5.679990106874879263e-01 9.195753233172793140e-01
2.896907350832139127e-01 9.216714370682750346e-01
0.000000000000000000e+00 8.779890878405218757e-01
2.567306849634974023e-03 9.563483559828995784e-01
2.750950539739983602e-01 1.000000000000000000e+00
8.617750034556952154e-02 4.033440765783659343e-02
6.310112168927155263e-02 4.801229926200133447e-01
1.102833056835135078e-01 7.892991267266312727e-01
1.324375694492528899e-01 7.598021553769547243e-01
4.212537134351040935e-01 0.000000000000000000e+00
3.804542814721849076e-01 5.790652732656387247e-01
3.521824791016674450e-01 8.665474245199358272e-01
3.456906267494057605e-01 7.317953529918255207e-01
7.274748079182815630e-01 9.490551169267305576e-02
7.303860235079253638e-01 7.071998350936938849e-01
6.221549280768270407e-01 9.262250412802569555e-01
5.617956226498398431e-01 7.901872158962808257e-01
9.963961123493131344e-01 2.561918238250962543e-01
1.000000000000000000e+00 7.339294724930698344e-01
8.872940028805550439e-01 9.287566107459648279e-01
8.130104815514422878e-01 8.787537120023017900e-01
