3.015073373174719240e-01 5.120290470516174475e-01
4.642592292176387914e-01 6.797706064758400890e-01
6.577089806648745984e-01 8.624063352806904392e-01
6.060866204217345565e-01 1.000000000000000000e+00
4.150639506105738286e-01 9.397507786286916076e-01
1.000000000000000000e+00 3.676488034944402905e-01
7.941038008179117647e-01 7.593610865115359987e-01
6.089504153582574464e-01 8.288976220680549511e-01
5.795484550614300456e-01 7.328218980023737394e-01
7.479797559650823713e-01 1.624383468473041825e-01
4.597838672647898139e-01 6.469330115598027620e-01
3.874318659014848176e-01 7.075919999911298719e-01
4.694186171117324946e-01 5.762327502244056765e-01
4.530352227077624749e-01 5.314553636639099410e-02
1.823199705788148273e-01 5.067872916139674055e-01
1.848711832236585584e-01 5.641160317125174517e-01
2.756482136705266095e-01 4.528698979288785509e-01
1.710060106228136756e-01 0.000000000000000000e+00
0.000000000000000000e+00 3.162560627547085779e-01
1.156720620142380473e-02 4.106151051827851006e-01
7.169218452893290350e-02 3.778660528978070587e-01
