1.000000000000000000e+00 6.408576134532026902e-01
8.838482302862327167e-01 8.413358066973123384e-01
6.811870014851060251e-01 1.000000000000000000e+00
6.514769808561252651e-01 9.231310187230504782e-01
7.148054691626077872e-01 6.471352798934799644e-01
0.000000000000000000e+00 6.577136799549408996e-01
2.789442204998803798e-01 7.270348323233729593e-01
5.488985839581461690e-01 7.870482071356970089e-01
5.555680192115847182e-01 7.768697326709003148e-01
4.217204660253776743e-02 3.780114221081262160e-01
4.170979041497203665e-01 4.715394206568624402e-01
6.698649862548694545e-01 5.884586195850373125e-01
6.220274180370418682e-01 5.919372668857771913e-01
1.872186085143071332e-01 1.664061578727761281e-01
5.560708788306933936e-01 2.371302700893223314e-01
7.413748741722452351e-01 3.874808260365057988e-01
6.971175851904682919e-01 4.351408242607625043e-01
3.891298361869337530e-01 0.000000000000000000e+00
6.211713379045108452e-01 1.643237232091637051e-02
7.602077342878938992e-01 1.489298079973771782e-01
7.479477098220129738e-01 2.240830041895579827e-01
