2.946271689320021925e-01 1.000000000000000000e+00
1.383880032735926302e-01 6.120611860602573895e-01
7.033271304885152508e-02 2.755298413220179654e-01
0.000000000000000000e+00 6.295174585679907953e-02
2.879723772933426729e-03 1.704860305663190578e-01
9.031147479121413024e-01 1.851587585326237018e-01
4.444409067002516589e-01 0.000000000000000000e+00
2.143324630482618953e-01 1.842622680424762793e-01
2.816878695468621463e-01 2.892054114302871626e-01
1.000000000000000000e+00 4.120155935923133783e-01
3.273846164731520347e-01 2.610122045410665503e-01
1.288888653039275967e-01 4.283060111022918282e-01
2.528116221972221411e-01 5.108609322048682788e-01
9.367091667669027455e-01 6.584569896166534431e-01
2.889455517583767730e-01 5.255219740753981350e-01
1.173440267547800758e-01 6.270935118879731318e-01
2.377086974261731767e-01 6.853336743447376866e-01
7.926448529359738648e-01 8.898543737175031998e-01
2.701648470869035257e-01 7.946245461934253740e-01
1.546286076146405897e-01 8.352190379187931502e-01
2.441453281729437930e-01 8.802064999901085818e-01
