8.633387726581316368e-01 1.000000000000000000e+00
8.660636762644700060e-01 5.695595120259681066e-01
8.388891701670069256e-01 2.338424853495638112e-01
9.006553290969704362e-01 1.749609822328524952e-02
1.000000000000000000e+00 6.867091470514369300e-02
0.000000000000000000e+00 2.689877135579564760e-01
5.139460660914126899e-01 0.000000000000000000e+00
7.491953436696228152e-01 1.492121885799203573e-01
6.922730035796397230e-01 2.774481838186952376e-01
1.811675669488218123e-03 4.998100877613159687e-01
7.162455513943865038e-01 2.245797091969956027e-01
8.719958841848355346e-01 3.604441866859523502e-01
7.497711426890348863e-01 4.580596105812665408e-01
1.526251057806636557e-01 7.301763882122530580e-01
8.421901872651873511e-01 4.630063933861841008e-01
9.591827364699022640e-01 5.489069781950178806e-01
8.387555193842378687e-01 6.197745474232276841e-01
3.803676119812737788e-01 9.322451430189345745e-01
9.157421439283707221e-01 7.059907935665518108e-01
9.739126250932017559e-01 7.482588415833331119e-01
8.577213516402409921e-01 8.135172013210142383e-01
