5.836050454112183816e-01 8.804778926085573554e-01
3.215306504268780619e-01 9.463990247667040112e-01
1.665036050911828866e-02 9.404138263778716311e-01
2.652056349503320240e-02 1.000000000000000000e+00
3.103953184735605553e-01 9.893791301340424393e-01
0.000000000000000000e+00 1.040917097538034825e-01
1.115338887725525613e-01 6.264092551114029961e-01
1.697323387149374807e-01 8.285553565701392342e-01
1.649629306685066743e-01 7.278082398576537493e-01
3.437692741642951466e-01 0.000000000000000000e+00
4.575736666426365451e-01 6.562410593842099571e-01
4.317975793652155669e-01 8.152153295833237667e-01
3.648745913448059874e-01 6.260719664542976348e-01
6.739784621405350284e-01 3.280150804513488200e-02
7.739318894659933390e-01 6.804037337779884620e-01
6.797498120500787833e-01 7.821859841671641167e-01
5.805401743671780856e-01 5.912938203022084505e-01
9.588890300182056903e-01 1.385329395320734069e-01
1.000000000000000000e+00 6.330340361855630871e-01
9.081545663534740243e-01 7.280364495119645563e-01
8.181903483567398716e-01 5.930189810494777003e-01
