2.027618429459742411e-01 1.000000000000000000e+00
6.122834161255399366e-01 9.164301511264529854e-01
9.159446808604904122e-01 6.787667976592666186e-01
1.000000000000000000e+00 3.649017167205950152e-01
8.233429401196675768e-01 1.656100620566622883e-01
6.944222304432486892e-01 3.361184529687382128e-01
8.425026084529382286e-01 1.715258425433839606e-01
8.009078713726522913e-01 4.341563791001723516e-01
7.053120665434778891e-01 5.064254163664466679e-01
4.935367014154476983e-01 2.771674146584384157e-01
6.549854600703371998e-01 6.452439202259677153e-02
5.955605191145721955e-01 4.173291730866631188e-01
4.647862809141626861e-01 4.973373952121893371e-01
2.690705046553408253e-01 2.361163658884688488e-01
4.482478823033121951e-01 0.000000000000000000e+00
4.069594821892586478e-01 3.711789746562930703e-01
2.814875950934185300e-01 4.800930158285623972e-01
0.000000000000000000e+00 2.342867730802562498e-01
1.880247563307793635e-01 3.201823816934908778e-02
2.058897712251484824e-01 2.863406178097354648e-01
1.110186685165031190e-01 3.963426102433414422e-01
