3.474128066263141301e-01 1.000000000000000000e+00
5.221922905383880043e-01 6.930990334594513413e-01
6.048043325899967737e-01 3.582755918339565748e-01
4.841982797069130373e-01 8.635054922304609415e-02
3.974300095571838276e-01 0.000000000000000000e+00
1.000000000000000000e+00 4.797884532546731751e-01
7.540763300414144998e-01 5.405180995140040218e-02
5.874224912392481679e-01 1.453462961673341325e-01
6.075448231920993480e-01 2.647182921729847038e-01
7.978658171392163378e-01 5.914175371350658406e-01
4.739922268238292435e-01 1.111563383197578248e-01
3.705559732398853168e-01 2.238259981225675377e-01
4.498046511627907251e-01 3.528229078271413188e-01
5.335699267282574265e-01 6.722917690121548162e-01
2.318478496336413008e-01 2.098503442432179400e-01
1.661861739407454741e-01 3.323551756855165351e-01
2.697845173622172577e-01 4.698005314665306131e-01
2.408313475629181299e-01 7.253821747272634068e-01
2.146696400127429127e-02 3.457277067499652801e-01
0.000000000000000000e+00 4.416532245485480512e-01
8.640254858235106583e-02 5.764880416879497593e-01
