4.684473203516950623e-01 1.000000000000000000e+00
7.347995010118152370e-01 6.915369423650860048e-01
8.893440019226706017e-01 3.896226706614940305e-01
1.000000000000000000e+00 2.089842198494643311e-01
8.950689211424327496e-01 3.114240705336505100e-01
3.078592609045318063e-01 5.559187658034882296e-02
6.108106391057611662e-01 0.000000000000000000e+00
7.589316274884769786e-01 2.236346166384592382e-01
7.037193629774602943e-01 3.064127398299917315e-01
9.961590911441417506e-02 2.286501537859693400e-01
5.209499194536936217e-01 2.288973632553863158e-01
7.015479862438432912e-01 4.394109490174151755e-01
6.031879198762477579e-01 4.883155505919518080e-01
1.207431240147174845e-02 4.668994124406871116e-01
4.608745885883785975e-01 5.295178299020885104e-01
6.288511895293249498e-01 6.641724072491265174e-01
5.126810568187583073e-01 6.721864917174311671e-01
0.000000000000000000e+00 7.110012905693308127e-01
4.075273736782255019e-01 8.071141643422019563e-01
5.302384771503105831e-01 8.724881260988323062e-01
4.437234703219734566e-01 8.749906366177732098e-01
