9.497993080737886229e-02 1.000000000000000000e+00
5.627082126664297856e-01 9.150461873509699862e-01
9.560270786492841566e-01 6.135376089557785795e-01
1.000000000000000000e+00 2.434331295034621034e-01
7.514100595537579474e-01 6.438452901753538571e-02
8.770796816313549682e-01 3.167594567276882933e-01
9.981435860990278686e-01 6.354863695648020616e-02
8.612865799567428482e-01 3.341267125964081930e-01
8.064356164869839194e-01 4.020604994381797859e-01
5.959258868858937630e-01 2.467061445935877784e-01
6.582738646987592590e-01 1.067914249045253013e-02
5.399940377418906978e-01 3.600290548742894892e-01
5.467213194919112729e-01 4.006622444673301753e-01
3.080397392109752164e-01 2.090991425946541193e-01
3.370802104829248025e-01 0.000000000000000000e+00
2.614403091390984923e-01 3.463679019185247898e-01
2.697074183023936977e-01 4.032249521106898715e-01
0.000000000000000000e+00 1.991871842474995935e-01
3.729454025955020874e-02 3.304666320485857151e-02
1.506683633384153786e-02 2.902694609478523313e-01
1.714348431321198116e-02 3.626459256313313562e-01
