6.971537755145915671e-01 1.000000000000000000e+00
2.856398073698241391e-01 7.620250922609052013e-01
8.129349688880152525e-02 5.147935534772971611e-01
0.000000000000000000e+00 3.205871219606634126e-01
9.781194909059637288e-02 1.723137392820209002e-01
4.731686005442293785e-01 2.307589964025591467e-01
2.946766411341593117e-01 4.946930297232183388e-02
2.205530285812566382e-01 2.323014512136845067e-01
3.145112992094545867e-01 3.681768619519852348e-01
6.084343269921805852e-01 2.169071265935229864e-01
3.820746749058654967e-01 0.000000000000000000e+00
2.923409388264055497e-01 2.602424346691764034e-01
4.417395069994287660e-01 3.901926673583548388e-01
7.919892781896694656e-01 2.154036664264991074e-01
5.165526201020891328e-01 2.523386747189373946e-02
4.309558873211751795e-01 2.853651304185911286e-01
5.890964471526237700e-01 4.030818238672161380e-01
1.000000000000000000e+00 2.532696850564281066e-01
7.152193809544284964e-01 9.110036545061851732e-02
6.219924569561238181e-01 2.685838011809987824e-01
7.515859280462410252e-01 3.863737284734241606e-01
