2.019039838553648158e-01 1.000000000000000000e+00
2.396718075233629786e-01 5.711903394935230471e-01
2.909335121524483370e-01 2.626094086008824435e-01
2.116478127444491319e-01 5.348669661155804056e-02
6.896444986507566099e-02 4.869305357882335733e-03
1.000000000000000000e+00 3.329742610274370462e-01
5.046219688308561935e-01 0.000000000000000000e+00
2.662748152022476611e-01 1.322231505810690932e-01
2.903265840303267398e-01 2.777172695002300129e-01
9.601620249297606602e-01 5.707694793719805260e-01
2.937014283928959801e-01 2.030182052988971642e-01
1.331403004901711151e-01 3.507412179210934178e-01
2.448437145621091826e-01 4.643136978499967649e-01
7.785389290293315279e-01 7.930544760416357031e-01
1.384559841145676651e-01 4.524176934034939701e-01
3.264480645415118037e-02 5.619902447398728018e-01
1.501345771984799737e-01 6.556378190640015369e-01
5.330263785194888637e-01 9.833402289645555294e-01
6.012349164765073972e-02 6.943027471621309177e-01
0.000000000000000000e+00 7.390173313897920870e-01
9.847538961429688764e-02 8.172573554093428561e-01
