1.000000000000000000e+00 9.480852031294041415e-01
6.631225724075561212e-01 1.000000000000000000e+00
2.305188912264974355e-01 8.787090589996972012e-01
0.000000000000000000e+00 6.107894057059773951e-01
9.556112600832385173e-02 3.491247521309722157e-01
1.676127799672033347e-01 4.615801371596466307e-01
5.651013019234502749e-02 2.290909455648288406e-01
2.510795437507201133e-01 4.912688902692299853e-01
2.959484754601081624e-01 5.818222547392208899e-01
3.876455766326126207e-01 3.111266718485182214e-01
2.662418856662158162e-01 8.812965928720419007e-02
4.790992280630870237e-01 4.191243756302571177e-01
4.961247299167772518e-01 4.841940202673678528e-01
6.182242452268856825e-01 2.088143469158994792e-01
5.293712052222139253e-01 1.102754604247596680e-03
6.987763197974751206e-01 3.165984337860984765e-01
6.979161570136410697e-01 3.896161684234519806e-01
8.693639609154657499e-01 1.436313886465700462e-01
7.951828122114705799e-01 0.000000000000000000e+00
8.947298852116710721e-01 2.319041618156463536e-01
8.994897814239560807e-01 3.096937886249394589e-01
