8.453414809416779363e-01 0.000000000000000000e+00
5.787116279273857300e-01 2.051503447533067626e-01
4.682483935937494235e-01 4.298513758245858241e-01
6.018502235653054866e-01 5.972985831997646988e-01
7.887580421572575329e-01 6.672760514238281759e-01
0.000000000000000000e+00 4.122155490511570375e-01
8.232644281220750926e-02 6.879147407596077901e-01
1.034931678159119323e-01 8.637299732398926455e-01
1.072478903313194981e-01 1.000000000000000000e+00
1.435573801865817622e-01 3.080123015843874712e-01
5.556726046682906039e-01 6.029232173917636883e-01
7.235762753112142676e-01 5.501011540046691906e-01
6.982082709880853555e-01 4.687852642778010948e-01
3.992960401583842134e-01 2.076355523570371231e-01
8.174720159423817245e-01 4.935659662864647079e-01
8.769460915141042978e-01 4.193552709269231515e-01
7.507878875432928423e-01 3.231066203018915228e-01
6.707077300906716388e-01 1.151286272081662176e-01
9.551907418614768996e-01 3.711691697177775806e-01
1.000000000000000000e+00 3.233599079197730375e-01
9.012721299611937686e-01 2.327478730475048274e-01
