3.034311192116122546e-01 1.000000000000000000e+00
5.141973358547410888e-02 7.738749815081631400e-01
6.967596340705640989e-02 5.791802654890959579e-01
2.428865978074779830e-01 4.817299521647682714e-01
4.692207538303544423e-01 4.566493141944187317e-01
0.000000000000000000e+00 4.561814382303710502e-01
1.069431976650784266e-01 2.327642801338396517e-01
2.254520013092899677e-01 9.837736321154581798e-02
3.208498724139384195e-01 0.000000000000000000e+00
2.940572747820041632e-01 4.417012422106845193e-01
5.311990935099839550e-01 3.440989257048003291e-01
5.615944566208974642e-01 4.306564311076940821e-01
4.954851359782553866e-01 5.054856196514233568e-01
5.945114387011792845e-01 4.769381790064055049e-01
7.725276616024099319e-01 4.348042532411429129e-01
7.765562948741551175e-01 5.145158517845794810e-01
7.062408960461153962e-01 5.745334886741807479e-01
8.859399938337892966e-01 5.357264548484438338e-01
1.000000000000000000e+00 5.247059416517988462e-01
9.792446486891732693e-01 6.055231514407132254e-01
9.178933866597547286e-01 6.667570398098027207e-01
