8.250451380877564800e-01 1.000000000000000000e+00
1.000000000000000000e+00 7.585253802954505797e-01
9.139003336373058284e-01 5.797931210988852557e-01
7.212996839418277517e-01 4.987353727099035905e-01
5.062340002417130558e-01 4.843563371681608443e-01
9.505271908910789547e-01 4.469088024962827310e-01
8.122079757993927451e-01 2.304660446860098411e-01
6.944984636569725422e-01 9.977739899654429478e-02
6.026460258340017306e-01 0.000000000000000000e+00
6.594372479866398296e-01 4.386511520474358772e-01
4.428007954557939829e-01 3.862200561053076853e-01
4.314834957572028507e-01 4.668094474736176336e-01
5.118062193509637092e-01 5.235061706908319401e-01
3.773002113158347437e-01 4.832972612926134670e-01
2.275285569362500149e-01 4.692554174720412474e-01
2.333362631889280836e-01 5.465998768654874995e-01
3.061819953049064180e-01 5.988027793869963311e-01
1.100483059941183145e-01 5.458702659286196468e-01
0.000000000000000000e+00 5.306044237603121383e-01
2.171718836407850531e-02 6.017366766994504124e-01
8.810881483678872916e-02 6.577614231770667619e-01
