1.107701297485907121e-01 1.000000000000000000e+00
0.000000000000000000e+00 7.497159488723414977e-01
8.754206576677818485e-02 5.360524847201858512e-01
3.346547354469375790e-01 4.481101526333997609e-01
5.965711311858457044e-01 4.486557315777334742e-01
2.184155804828537620e-02 3.939516286799228939e-01
2.790432401463580625e-01 1.927323581983822476e-01
4.341330172234729723e-01 8.341282989571835449e-02
5.439429480541515538e-01 0.000000000000000000e+00
2.253866094097972117e-01 3.965025545295793874e-01
6.619261346819740321e-01 3.412909692591555300e-01
7.027374799419620066e-01 4.490682299303141445e-01
6.096135541740120845e-01 5.147097813462711002e-01
4.791143039965427008e-01 4.447262503912620679e-01
8.499635170062489475e-01 4.176016200309715098e-01
8.378157072412846240e-01 5.192231954580649456e-01
7.302735806061122492e-01 5.770388615920660769e-01
7.327926190985238897e-01 5.143989596547009491e-01
1.000000000000000000e+00 4.933096757055073223e-01
9.739055672515866124e-01 5.880579088482891237e-01
8.822642433944477558e-01 6.543619030164247174e-01
