1.117703433801260776e-01 1.000000000000000000e+00
5.555756561999555254e-01 8.394385593617843533e-01
8.294488300004571046e-01 6.476996894227365908e-01
9.880795861557091220e-01 5.250020325737135840e-01
1.000000000000000000e+00 4.479588582064069069e-01
1.875280365251520975e-01 4.228760855507149308e-01
2.716992051766174976e-01 2.140700381123206431e-01
3.043650981191219906e-01 9.421191801160505586e-02
3.252488713724900893e-01 0.000000000000000000e+00
3.983665794548343908e-02 4.622123282787915510e-01
4.788142651389488136e-01 3.502380925577782689e-01
7.367324771233576541e-01 4.361676166603500326e-01
8.310483161815007680e-01 5.389040862861939063e-01
2.201859882066463294e-03 5.218931329028029253e-01
4.150964921319535428e-01 4.279103641246361778e-01
6.820191256555414583e-01 5.021871118565965908e-01
7.760297103880215985e-01 5.794005846307407337e-01
0.000000000000000000e+00 5.791680581979014031e-01
3.537789168429885112e-01 5.103827617736050870e-01
5.785909801220552318e-01 5.542537077271573187e-01
6.641478019751659856e-01 6.183200559364285809e-01
