8.698495580972186447e-01 7.099204999720022391e-01
6.960210878606706286e-01 8.533166894518490198e-01
4.947746620743436186e-01 1.000000000000000000e+00
5.325009747855471431e-01 9.998072023028284905e-01
6.990523459838835496e-01 8.953545542822257675e-01
2.159198726280218278e-02 5.771953329755080686e-01
1.278674941512867105e-02 6.121536299458755215e-01
1.277456459578892728e-02 5.658596478289431575e-01
0.000000000000000000e+00 4.808235716695278827e-01
1.523320119573693676e-01 2.700947781642836776e-01
4.712295295035092146e-01 5.158619923582004052e-01
6.648607681310111372e-01 7.159607357360433522e-01
6.675318429945411580e-01 7.262256766470773783e-01
4.032881141148947357e-01 9.739311109016968171e-02
7.474853782167922844e-01 4.022210658912875880e-01
8.332569209773850183e-01 5.760403677860769234e-01
7.478735053288276813e-01 5.490509664240648124e-01
6.861593449441123482e-01 0.000000000000000000e+00
9.487155575773329463e-01 2.520450896224761816e-01
1.000000000000000000e+00 4.514559526687343949e-01
9.244377112035352395e-01 5.017347240261440522e-01
