1.459038223324742867e-01 9.934562029342649536e-01
4.328440104099832153e-01 9.957412234011551178e-01
7.255947390016045384e-01 9.734943296648458366e-01
8.781872127175663900e-01 1.000000000000000000e+00
7.406629655847460914e-01 9.475494392043730674e-01
7.524698695568414752e-01 1.554198272230905287e-01
8.196490870148420704e-01 1.095461432049073952e-01
9.080637736546597338e-01 1.041966812542944598e-01
1.000000000000000000e+00 1.074469992133329499e-01
5.094530925388514042e-01 0.000000000000000000e+00
6.550505669061681413e-01 4.333495791473058190e-01
6.440106698754693992e-01 6.959375908707556846e-01
6.209806448510963861e-01 7.295843833516426624e-01
2.446414283157131719e-01 6.325533977432075405e-02
3.536782384764597942e-01 6.623226179220836896e-01
3.441934715721758353e-01 8.141043069469600102e-01
3.332334914019529082e-01 7.146200669092301894e-01
0.000000000000000000e+00 2.288363092997151016e-01
1.086713367134483493e-01 7.249708662253308011e-01
1.214180759593515568e-01 8.528904264478911479e-01
1.218352029872012826e-01 7.636775944181609654e-01
