1.715511000965942445e-01 1.000000000000000000e+00
6.303543451172526346e-01 8.617978385069505753e-01
8.788117645136016565e-01 6.732212089245210862e-01
1.000000000000000000e+00 5.281191553437618591e-01
9.570152479890334796e-01 4.571112949480410359e-01
7.978842362692482870e-02 4.681495265634909586e-01
2.320361898460801819e-01 2.376591184601991313e-01
3.121589384024937019e-01 1.030943169932034970e-01
3.400707254457889794e-01 0.000000000000000000e+00
0.000000000000000000e+00 4.966333831560302836e-01
5.681531506090361505e-01 3.805133201460992320e-01
7.480890620096196653e-01 4.684628131100962434e-01
6.895652348415400867e-01 5.465726535493246052e-01
1.754688669219204439e-02 5.282130018213023748e-01
5.388779964337294670e-01 4.226132851684792358e-01
7.021624161265436204e-01 5.074446982291750396e-01
6.397361315667902115e-01 5.616596186027821291e-01
6.409604724904993667e-02 5.644597252150588274e-01
4.776028157772402860e-01 4.878724071772134740e-01
6.332736886073607740e-01 5.376163965530333932e-01
5.934358527489018709e-01 5.920617485272603453e-01
