1.569771034397097476e-01 1.000000000000000000e+00
5.744055108547470034e-01 8.775588695370598602e-01
8.569839494938348290e-01 6.934635451489743474e-01
1.000000000000000000e+00 5.496309696371433073e-01
8.192068601421998997e-01 5.523521912698563519e-01
3.942919747260770769e-01 3.970949945819604032e-01
5.131426003897769927e-01 2.311614127689914366e-01
5.862280315385313134e-01 1.070760325136606989e-01
6.039890092175814740e-01 0.000000000000000000e+00
1.926668235944826724e-01 4.089897072232108188e-01
6.444390815283769225e-01 3.439317028742225890e-01
7.620163619651572073e-01 4.934304931807481642e-01
6.454956871422038445e-01 5.659561587619040823e-01
6.442293234316674722e-02 4.643774420602279629e-01
5.432481494553010881e-01 4.476505202473988199e-01
6.169348246269135139e-01 5.837965151865659452e-01
4.877311311755029299e-01 6.358202560899607336e-01
0.000000000000000000e+00 5.487440180718343719e-01
4.333363656038818901e-01 5.378783975846375132e-01
4.902019627647596911e-01 6.333546306364059575e-01
3.727513916402488969e-01 6.799300771055609705e-01
