1.000000000000000000e+00 0.000000000000000000e+00
8.868962200413097463e-01 2.491791558926373384e-01
7.343908616397004652e-01 4.646973282181224296e-01
7.245727062131916973e-01 6.049172592244206337e-01
7.865258276359270440e-01 6.468161759341612971e-01
0.000000000000000000e+00 4.808649691209168076e-01
1.636654114669950089e-01 7.233997614468586912e-01
2.383266897771260107e-01 8.793968406233071411e-01
2.791682851152464950e-01 1.000000000000000000e+00
1.741383182484061709e-02 3.938233407329599367e-01
4.617283504533265526e-01 6.484535401237381258e-01
7.409031768523279826e-01 5.818984776548793425e-01
8.244596666001117180e-01 4.951134080924019520e-01
1.635859815928275007e-01 2.991942678061692562e-01
6.280171281957674934e-01 5.170777927603401602e-01
8.307645296707958371e-01 4.391691707207174278e-01
8.272593360472393353e-01 3.620718023224228088e-01
3.873766929075975196e-01 2.071663731873187586e-01
7.282962541182832483e-01 3.775409468550700032e-01
8.844114666835286576e-01 3.397471930978802068e-01
8.874341627577304603e-01 2.802511571202169760e-01
