7.203205752103162274e-01 1.000000000000000000e+00
9.622547595419798094e-01 7.597813965639140799e-01
9.520678870333395549e-01 5.724995893225305332e-01
7.884729987495826542e-01 4.671442827545133070e-01
6.007176914503060683e-01 4.203341431097004643e-01
1.000000000000000000e+00 4.406645231835572551e-01
8.490340879579472144e-01 2.385151784221735405e-01
7.375628626976454827e-01 1.056968744369014834e-01
6.664012152888981744e-01 0.000000000000000000e+00
8.498596240011848657e-01 3.901081366242529214e-01
4.041501814876203302e-01 3.584272825887949709e-01
3.239678367633701539e-01 4.802561469552336093e-01
3.864288701957445671e-01 5.673814263787365642e-01
6.372684924753803104e-01 3.930890399410071900e-01
2.097535119694467209e-01 4.003654486732765583e-01
1.453681242877732649e-01 5.384415097589269061e-01
2.209536758286239910e-01 6.165658969087384200e-01
3.879837704532611564e-01 4.173473057748850468e-01
2.571715461328371449e-02 4.241843077063355838e-01
0.000000000000000000e+00 5.499336764932558630e-01
7.638722816087344103e-02 6.335366096349638321e-01
