7.073272595798650586e-02 0.000000000000000000e+00
2.994881341375709161e-01 2.066501567670752104e-01
4.726699081676470904e-01 4.221526870417286470e-01
4.898056898186409769e-01 5.728035965411001351e-01
4.638951582545606245e-01 6.600588223170882340e-01
1.000000000000000000e+00 4.476204174750859632e-01
7.685107813648252018e-01 7.122481176567193595e-01
6.652712535856938336e-01 8.776055775564061134e-01
6.124386249904746338e-01 1.000000000000000000e+00
8.939566730779356929e-01 3.754203771408927137e-01
4.901301233599671958e-01 6.529029019578053150e-01
2.039941301076615698e-01 6.396923206738852619e-01
1.114981928855518223e-01 5.799821765595321033e-01
6.841273179255745740e-01 2.983553079873895730e-01
2.722801954581266504e-01 5.509651881814555674e-01
7.909735524524330597e-02 5.098979009710311594e-01
1.012376550911700812e-01 4.356059424848215400e-01
4.231924849156391000e-01 2.224539741859004882e-01
1.160085386198557861e-01 4.274672403373008800e-01
0.000000000000000000e+00 4.051951692627981938e-01
4.997224981251861819e-02 3.336326206726660248e-01
