3.217690226848636259e-01 1.000000000000000000e+00
6.901362028768525114e-01 8.519726312083664155e-01
9.099449625005145981e-01 6.757366853667211570e-01
9.938233369587017307e-01 5.416552297834928975e-01
1.000000000000000000e+00 4.562579142631201234e-01
4.668600350469216398e-01 4.280253227602500155e-01
4.917386923919517261e-01 2.126552444323091540e-01
4.795972888878970997e-01 9.311652124714737966e-02
4.689161968864706265e-01 0.000000000000000000e+00
2.327019408033293435e-01 4.535914694899978450e-01
5.242363060106592920e-01 3.611358259855111386e-01
7.141689717347394772e-01 4.174915030862174081e-01
8.075199666689720779e-01 5.032804943327091607e-01
9.714661286318769517e-02 5.342434090533045854e-01
3.516179505769935210e-01 4.434914709068505934e-01
5.355442952146661773e-01 4.800903375687624042e-01
6.297738887266474128e-01 5.531947747432314211e-01
0.000000000000000000e+00 6.180151862596985346e-01
1.948235172800062698e-01 5.415460840952518451e-01
3.484197076078265343e-01 5.608485410859671561e-01
4.364982794630943297e-01 6.192204716486570115e-01
