8.436096825304915114e-01 1.000000000000000000e+00
4.463289791599770462e-01 9.482948426848670787e-01
9.099546772928499005e-02 7.495395081526664560e-01
7.409321685941538949e-02 5.178201499355725712e-01
2.942508330218822632e-01 4.024397957863534714e-01
1.829078517247369473e-01 4.859312201588082414e-01
6.187852356412294752e-02 2.634751980883365263e-01
2.096109406172521131e-02 1.189260891132534748e-01
0.000000000000000000e+00 0.000000000000000000e+00
4.398773365408404357e-01 4.552126144145426379e-01
2.810583589074122091e-01 2.524538983612753529e-01
3.565577114401671799e-01 4.140828011221050486e-01
4.564903985345131754e-01 5.773450166501743475e-01
7.055817072079422214e-01 4.471429840057521976e-01
5.735710976938585004e-01 3.020164553009538899e-01
6.321885972069420934e-01 5.035329989026857689e-01
7.229863373883381739e-01 6.689379696519400786e-01
1.000000000000000000e+00 4.636981604559463621e-01
8.710757168199356748e-01 2.984537647294098206e-01
8.572565023082470148e-01 4.349553862351900890e-01
8.938160298150770178e-01 5.745831881977203626e-01
