6.539634470237997155e-01 0.000000000000000000e+00
2.589656071977468055e-01 7.412840702348702515e-02
1.604047198030110130e-02 3.287500067260296643e-01
5.581659296892890754e-02 5.850069000550137677e-01
1.577897879252178337e-01 7.488130686176943662e-01
5.428765017930624326e-03 2.635408258420120498e-01
0.000000000000000000e+00 6.155878239996589452e-01
1.652208453244628436e-02 8.291429090245063804e-01
7.391395189068339366e-02 1.000000000000000000e+00
3.731541136558406135e-01 2.902722131470960032e-01
3.053196349187987102e-01 6.973495084072646177e-01
2.719331432065480447e-01 6.209497126606082773e-01
2.979419916567707660e-01 4.804910062937247095e-01
7.060758728637296366e-01 3.162024707244026067e-01
5.539910689201726912e-01 6.988746654268522818e-01
5.063185087953312458e-01 6.139257624780450895e-01
5.369726165490571468e-01 4.869733322971274703e-01
1.000000000000000000e+00 3.421498924482318515e-01
8.302475110782691070e-01 6.574406881678479531e-01
7.715014035228541234e-01 5.911272805242039352e-01
8.042088569492678030e-01 4.869599824053875703e-01
