7.864335393632269078e-01 1.000000000000000000e+00
3.850189633881040407e-01 8.937197445046757283e-01
1.329230731086199768e-01 7.270732146069437407e-01
0.000000000000000000e+00 5.712408583863505251e-01
1.177803558174651960e-01 4.592443687046227629e-01
5.515338669635544422e-01 4.236720184445132431e-01
4.050272973612817351e-01 2.226665608047956879e-01
2.394939550701269404e-01 9.805762644644329395e-02
1.102601847230753468e-01 0.000000000000000000e+00
6.944833016610360010e-01 4.122308049606259184e-01
3.637113454007985247e-01 2.951724301934932626e-01
2.885520241477272929e-01 4.442724316893675307e-01
3.659905910882473301e-01 5.761612874644586046e-01
8.402996391277641752e-01 4.135473277356951360e-01
4.704369897240990861e-01 3.119998649877587793e-01
4.284857922553235166e-01 4.854912086702406482e-01
5.312961887668918859e-01 6.277971793948305956e-01
1.000000000000000000e+00 4.361354893867721016e-01
6.153377498592342842e-01 3.608001930061357498e-01
4.972776620725839480e-01 4.918303402423546689e-01
5.254728050138206541e-01 6.246470983299522439e-01
