6.971516471134469040e-01 1.000000000000000000e+00
2.955964516781485751e-01 9.140922613589084200e-01
0.000000000000000000e+00 7.459953383986731579e-01
5.993218129425473273e-02 5.715089906591143132e-01
3.329872248294091786e-01 4.844072811471122897e-01
1.090544768780139506e-01 4.826205629258453755e-01
4.676395372736748962e-02 2.503008675067915356e-01
4.214307765249996479e-02 1.172632112438443674e-01
5.268887820720162540e-02 0.000000000000000000e+00
4.153932575988968368e-01 4.859256847393716439e-01
3.396786104125706363e-01 3.294810114058561168e-01
3.698842201544877417e-01 5.090678214912710553e-01
4.311208592880591550e-01 6.637386369996812752e-01
7.107739373745595168e-01 5.124799184183232992e-01
6.393951999554535748e-01 4.148205543619906122e-01
6.383216630895752752e-01 5.980563557173886879e-01
6.778660609221935918e-01 7.327596524945587664e-01
1.000000000000000000e+00 5.653617212938786274e-01
9.441846810956791014e-01 4.502556222948412290e-01
8.729779061036015975e-01 5.735388872805274874e-01
8.492802553560154788e-01 6.820357656385706013e-01
