6.853678738953232763e-01 1.000000000000000000e+00
2.425017415189337222e-01 8.819067648351428534e-01
0.000000000000000000e+00 6.700277883365816090e-01
5.244863922087697472e-02 5.107613797094866515e-01
2.062188874181897502e-01 4.577432253172212251e-01
4.908695024306441446e-01 4.492022451526058169e-01
4.728823616119094964e-01 2.303527320220131736e-01
4.881948585722014067e-01 1.018391265390807265e-01
4.997896709034274632e-01 0.000000000000000000e+00
7.667656083868259476e-01 4.667036407110360385e-01
4.743382789228696161e-01 3.937599044607713594e-01
3.446095967233255841e-01 4.646749253539564362e-01
3.207345880250838666e-01 5.480929214615060108e-01
9.083071388433919813e-01 5.369219511481392315e-01
6.298439853435562341e-01 4.647955295405895582e-01
5.104708872655496776e-01 5.176367215242104747e-01
4.834863600346283596e-01 5.862720041676182658e-01
1.000000000000000000e+00 6.081654874892875595e-01
7.581032819868953609e-01 5.327904599499266869e-01
6.497165308493898506e-01 5.757519231490614287e-01
6.106842093055099285e-01 6.373126834238848071e-01
