1.000000000000000000e+00 1.182876946200400042e-01
6.644993261482393665e-01 0.000000000000000000e+00
3.244160117545265565e-01 1.695646224737340779e-01
1.537142091013847800e-01 4.477979962281556925e-01
1.036395969648759713e-01 6.749836797972862401e-01
3.302818115846680724e-01 1.615114954902008015e-01
1.360973715794048522e-01 5.354231334077650395e-01
3.933883778514096763e-02 7.817707398309199363e-01
0.000000000000000000e+00 1.000000000000000000e+00
5.250745622954022807e-01 3.370340857373880783e-01
2.420264197737612422e-01 7.493318789305870586e-01
2.758603073401994510e-01 6.497856137401057941e-01
3.795719247040434952e-01 5.038862227295879403e-01
7.000769048274102513e-01 4.998562937519177019e-01
3.897479834288288814e-01 8.339942346341769897e-01
4.224985745443525786e-01 7.241407361586940095e-01
5.090673433095291855e-01 5.990181242954716323e-01
8.595789124271820958e-01 6.315202563307914518e-01
5.722117888172506550e-01 8.814239313163944045e-01
5.837739287152557965e-01 7.842288907348846649e-01
6.690906888838382693e-01 6.876155984309912927e-01
