5.901784238872451738e-01 0.000000000000000000e+00
3.216589990285202427e-01 1.551087738013256778e-01
2.154185309499977441e-01 4.021779703974214248e-01
3.121465492470768543e-01 6.135687623887545739e-01
4.737668890650112430e-01 7.417614060603983095e-01
0.000000000000000000e+00 4.435424418308858141e-01
2.011018348652821863e-01 7.132609658094272165e-01
3.403670888340874501e-01 8.772543151792578930e-01
4.441414929212491036e-01 1.000000000000000000e+00
2.246175916774813541e-01 3.899682995126306784e-01
6.031505204205465098e-01 6.955599428646213056e-01
6.577499455318772670e-01 6.325047736435319701e-01
5.771700152721248589e-01 5.408038972842234005e-01
4.920984383699769649e-01 3.268755499016481880e-01
8.184303813189600652e-01 6.107655070479164339e-01
8.380360110599233137e-01 5.434077128365930598e-01
7.445381892585704042e-01 4.537785928253761369e-01
7.636312397576247024e-01 2.672555250040904440e-01
9.923297305433024240e-01 5.042915816300460596e-01
1.000000000000000000e+00 4.590898447127743087e-01
9.344261691174690077e-01 3.811417427916801159e-01
