9.226353575776391480e-01 1.000000000000000000e+00
1.000000000000000000e+00 7.426372018692479759e-01
8.948635935123495644e-01 5.535363533053848650e-01
6.899979589708394867e-01 4.741792771220871838e-01
4.797853787279328652e-01 4.552492829777981531e-01
9.115332603427345193e-01 4.103501518519809821e-01
7.261090308828707096e-01 2.256461640888839104e-01
6.081320384098971576e-01 1.055588762856383839e-01
5.343063271559790328e-01 0.000000000000000000e+00
7.674417644129184479e-01 3.889153907656996978e-01
2.958951909153895166e-01 3.739763097585070417e-01
2.860404275216089087e-01 4.814418334759475449e-01
4.170590112125812654e-01 5.307718484221436439e-01
5.800157431153126764e-01 4.156097484618652138e-01
1.470855790103727523e-01 4.222549745891380768e-01
1.599079230824565490e-01 5.364448958711254267e-01
3.010920710663637090e-01 5.735755237620714375e-01
3.691240818380414068e-01 4.597633485533522135e-01
0.000000000000000000e+00 4.648762451471110668e-01
1.939253052164643942e-02 5.684922517747434956e-01
1.365014832740585882e-01 6.206833051306649418e-01
