6.877827189890719506e-01 0.000000000000000000e+00
3.742476104554839367e-01 1.424582372742094760e-01
2.463465488910313583e-01 3.906105949703370661e-01
3.002138658132986193e-01 5.909542644884594464e-01
3.865326469661157782e-01 6.976345743147347456e-01
1.890652668177068840e-02 3.659971746866457765e-01
1.533203121991019539e-02 6.600445488902766389e-01
7.603775451063983157e-03 8.527452990162093238e-01
0.000000000000000000e+00 1.000000000000000000e+00
2.604655132517617599e-01 3.072588725526865794e-01
5.194332571353565964e-01 6.681732892478070562e-01
6.077736109737411629e-01 6.138053068278793711e-01
5.636844695089466839e-01 5.120010515560526887e-01
5.645077650760608190e-01 2.442516304323580356e-01
7.905840499424894308e-01 5.592632719673479302e-01
7.963921043736652550e-01 4.957602519441405287e-01
7.159007891867276152e-01 3.949364317426392601e-01
8.688528984656568310e-01 1.922739595759973830e-01
1.000000000000000000e+00 4.593174726214929171e-01
9.936354815739858459e-01 4.057159157702567298e-01
9.334323013483621923e-01 3.114757002555764709e-01
