5.257294749514613841e-01 1.000000000000000000e+00
9.085318086061087151e-01 8.071974736807203676e-01
1.000000000000000000e+00 6.249455351352271038e-01
8.276450055858755039e-01 5.079173007108058746e-01
6.171017472713548058e-01 4.657797557401190391e-01
8.117993527392765030e-01 4.509070731309663405e-01
7.953481921778737807e-01 2.317452477706612446e-01
7.650677580653687526e-01 1.004633261119000504e-01
7.274211548181368503e-01 0.000000000000000000e+00
5.024561816131153380e-01 4.331825980915242069e-01
5.335793969392609304e-01 3.716796482556091186e-01
5.780258607326316245e-01 4.464078917927187806e-01
6.029167119535360220e-01 5.129812211336216565e-01
2.405035662295963994e-01 4.782353421491551959e-01
3.263327257468769949e-01 4.571931595520863367e-01
3.845321435804600618e-01 5.236152387187957835e-01
4.070401630683650462e-01 5.862682281354282265e-01
0.000000000000000000e+00 5.475889834109777254e-01
8.790463446517840507e-02 5.341442962186756516e-01
1.618172596128432950e-01 5.896116643703732674e-01
1.797152242873034655e-01 6.452511670619535122e-01
