8.845950042057754148e-01 1.000000000000000000e+00
4.153591482942607938e-01 8.271486750183830727e-01
2.682988286822768353e-01 6.664852847057126661e-01
1.351840991033630424e-01 5.418540494878936187e-01
0.000000000000000000e+00 4.709345729143541437e-01
9.331273283775812777e-01 4.153346052842858405e-01
6.873446414850142849e-01 2.368274289959605983e-01
5.360239740990259127e-01 1.096455342518921627e-01
4.391392123460142183e-01 0.000000000000000000e+00
1.000000000000000000e+00 4.355754768996825677e-01
3.612193481165975051e-01 3.185286255337109185e-01
2.660101592131073334e-01 4.487049611252561521e-01
4.018019650757258532e-01 5.228135535814291135e-01
9.445346310320538175e-01 4.862824083251376384e-01
2.905727636205983067e-01 4.049523440512724504e-01
2.333452471705759479e-01 5.291246904986307564e-01
3.904603513447870156e-01 5.849887052377248375e-01
7.989693239464422669e-01 5.563454258281729237e-01
2.834066073624819104e-01 5.127391066265437614e-01
2.470038271377449635e-01 6.122279916262519661e-01
3.759794808014856882e-01 6.714455268425769674e-01
