4.889021972412787576e-01 0.000000000000000000e+00
1.216410233164961635e-01 1.105891989414429510e-01
0.000000000000000000e+00 3.331876388563975722e-01
7.683545226828850105e-02 5.262331189141625787e-01
2.192356166327361078e-01 6.467207052208919782e-01
5.517302117226930980e-01 3.393392591506118605e-01
8.061896320325417920e-01 6.321373737507954838e-01
8.983209304525540118e-01 8.453785102903698112e-01
9.820876748343052576e-01 1.000000000000000000e+00
7.908011584343201950e-01 3.454593215356155378e-01
6.455428461063954515e-01 6.683308459653340972e-01
4.449480103821571997e-01 6.252688650817611604e-01
3.991486650808322434e-01 4.974705760826055867e-01
9.286845030340415974e-01 3.570207596103735503e-01
7.207112506873153412e-01 6.218908911480831581e-01
5.305005429545002205e-01 5.575794495917338889e-01
5.035003813491680802e-01 4.552330615477608311e-01
1.000000000000000000e+00 3.776803301340597718e-01
7.916897414117605170e-01 5.759135727245630054e-01
6.512197260986699598e-01 5.244573157557907983e-01
6.348855164177221733e-01 4.356531037075943580e-01
