3.999466237936937230e-01 1.000000000000000000e+00
7.400332835316665303e-01 9.175084989510996492e-01
1.000000000000000000e+00 7.477848486314453424e-01
9.681161827465847303e-01 6.072550770146435406e-01
7.005169509769377800e-01 5.652688659122794279e-01
7.158013324700686075e-01 4.809916689022682990e-01
7.348847372270013167e-01 2.527417271745073801e-01
7.272635099451483232e-01 1.222064141976095947e-01
6.604845946754411834e-01 0.000000000000000000e+00
4.595709504431756964e-01 5.027107219453985643e-01
6.235901062122002347e-01 4.124295052503653691e-01
6.748971782370210004e-01 5.924430801166323812e-01
5.698942070690415918e-01 6.443983153092532890e-01
2.338454331495267435e-01 5.530391721383932646e-01
4.006841749223747362e-01 4.770210938175719617e-01
4.940643159097377612e-01 6.439898965466185343e-01
4.026652223377004680e-01 6.846779927375931107e-01
0.000000000000000000e+00 6.251044135906986821e-01
1.726045008558737548e-01 5.575308989464086151e-01
3.040041023887867788e-01 6.697528230884139955e-01
2.559967603384148416e-01 7.169737137227825130e-01
