7.533482847857940756e-01 7.502841473919269477e-01
5.177630460079705177e-01 8.846368018905607089e-01
2.819028501869489944e-01 1.000000000000000000e+00
3.934147704376776411e-01 9.994176875353496525e-01
6.012238185518091749e-01 9.035673582998945408e-01
2.213328798189740515e-02 3.800926298635243783e-01
0.000000000000000000e+00 3.785612303871426221e-01
5.605303437130594590e-02 2.577892651314434014e-01
1.329756601859352905e-01 1.167575072396820207e-01
2.545658200413692396e-01 9.420524508178737544e-02
4.551716973528892041e-01 4.834584936471613692e-01
5.299858165059678772e-01 7.175061799967952236e-01
5.378520007271868630e-01 7.708109189760045110e-01
5.464844119798163424e-01 0.000000000000000000e+00
7.584494835549382419e-01 5.037447784139033047e-01
7.610784146992269905e-01 6.825237072418940398e-01
7.003767464421882805e-01 6.525451607236415486e-01
8.405515561211452935e-01 3.820010920930763925e-03
1.000000000000000000e+00 4.069962887868584511e-01
9.851675671328313788e-01 6.061926770092287420e-01
9.080267852729589917e-01 6.319610323906164062e-01
