8.699305847075461395e-01 1.000000000000000000e+00
5.868659984307422750e-01 9.224420639176710290e-01
5.215837445015359952e-01 7.454057286956671247e-01
7.099882116580228386e-01 5.796899149019985042e-01
8.911405904938223266e-01 4.540506734948264178e-01
1.150327722135943420e-01 4.877895366407352107e-01
7.451860562534606824e-03 2.643658049517576547e-01
0.000000000000000000e+00 1.191156363803660689e-01
5.854127554798882818e-03 0.000000000000000000e+00
3.741774133232068089e-01 4.574233952650488821e-01
5.388009750131197428e-01 3.082732969976321180e-01
6.454371953223040359e-01 4.138970399007405598e-01
6.102434663020044336e-01 5.065259053613609952e-01
6.173293743725137839e-01 4.596752790233929464e-01
7.753519984676712218e-01 3.557612597782189856e-01
8.332703761568936995e-01 4.532226968259696065e-01
7.658163221040421575e-01 5.203260436689760571e-01
8.157879691282922119e-01 4.888568918742119407e-01
9.680458960040879690e-01 3.975317410225849835e-01
1.000000000000000000e+00 4.638104179276573702e-01
9.376064348908227375e-01 5.291576031089021415e-01
