3.918550862003560287e-01 1.000000000000000000e+00
8.073106742419328130e-01 8.578817056777793271e-01
1.000000000000000000e+00 6.735299141044273075e-01
9.109908065415288636e-01 5.264288303239762490e-01
7.469970894528676908e-01 4.666810303498971080e-01
7.008827303505081874e-01 4.893941113487450534e-01
7.046721043794552664e-01 2.472750220083961281e-01
6.963956826700943292e-01 1.067312904355424141e-01
6.756521241936068733e-01 0.000000000000000000e+00
4.200770574775331556e-01 4.721900257665909151e-01
4.997696412451028136e-01 3.918347689813379553e-01
5.469860388300193943e-01 4.604224769019221175e-01
5.614238700050909747e-01 5.349162090910483114e-01
1.983248685195793948e-01 5.093236684740256592e-01
3.140966363223527402e-01 4.807238250552470782e-01
3.650312111372685520e-01 5.376472297539962586e-01
3.817723549701962926e-01 6.000786694448548841e-01
0.000000000000000000e+00 5.654106500735178731e-01
9.957133479428798006e-02 5.582885682102344260e-01
1.589030085183258945e-01 6.096451385895342856e-01
1.767082558598539188e-01 6.597634015378851524e-01
