9.605248082851169933e-01 1.000000000000000000e+00
6.187545284637451237e-01 9.408102474628636802e-01
4.073273598076487811e-01 7.687056832122987071e-01
4.887322776994404427e-01 5.551092916238494768e-01
5.968266874607056627e-01 4.095528864136736558e-01
2.338026591107374708e-01 5.313629488735079898e-01
9.329833384271112029e-02 2.921622576770648849e-01
3.770173185274189320e-02 1.342776514097245855e-01
0.000000000000000000e+00 0.000000000000000000e+00
4.818496475454814298e-01 4.821711369251240331e-01
3.820249306309969062e-01 3.153404302509416057e-01
4.884790169675169436e-01 4.782573582075913543e-01
5.586182754594476441e-01 6.017411222849085028e-01
7.321159997626077720e-01 4.726344326680951280e-01
6.590442485852467946e-01 3.052937338113002053e-01
7.257517924226800643e-01 4.909995353238383320e-01
7.804313557097758425e-01 6.140355232736652846e-01
1.000000000000000000e+00 4.984846053400817656e-01
9.309203583861515030e-01 3.323224221428136560e-01
9.401771492172243949e-01 4.711603907467377117e-01
9.652253655539380084e-01 5.896532606522186803e-01
