8.892298702514093156e-01 1.000000000000000000e+00
1.000000000000000000e+00 7.497159488723414977e-01
9.124579342332218568e-01 5.360524847201858512e-01
6.653452645530624210e-01 4.481101526333997609e-01
4.034288688141543511e-01 4.486557315777334742e-01
9.781584419517146411e-01 3.939516286799228939e-01
7.209567598536419375e-01 1.927323581983822476e-01
5.658669827765270277e-01 8.341282989571835449e-02
4.560570519458484462e-01 0.000000000000000000e+00
7.746133905902027328e-01 3.965025545295793874e-01
3.380738653180259679e-01 3.412909692591555300e-01
2.972625200580379934e-01 4.490682299303141445e-01
3.903864458259879155e-01 5.147097813462711002e-01
5.208856960034573547e-01 4.447262503912620679e-01
1.500364829937511080e-01 4.176016200309715098e-01
1.621842927587154037e-01 5.192231954580649456e-01
2.697264193938877508e-01 5.770388615920660769e-01
2.672073809014761103e-01 5.143989596547009491e-01
0.000000000000000000e+00 4.933096757055073223e-01
2.609443274841342572e-02 5.880579088482891237e-01
1.177357566055522581e-01 6.543619030164247174e-01
