7.896158679284847048e-01 1.000000000000000000e+00
1.000000000000000000e+00 7.548885696902185583e-01
9.210613720511278135e-01 5.852957434226500055e-01
7.182020010928409359e-01 5.066420081364738648e-01
4.871901130034300698e-01 4.944805882721823864e-01
9.448264540983832838e-01 4.496170543619413817e-01
8.151457197827175483e-01 2.282190507678022728e-01
7.108658851476177265e-01 9.834938994999152528e-02
6.267848587954566453e-01 0.000000000000000000e+00
6.146292988522108480e-01 4.462783319226665268e-01
4.625277228041013711e-01 3.798315338518600814e-01
4.692630823319450806e-01 4.540243213554671087e-01
5.405870270286816659e-01 5.130029342611945875e-01
3.188252571773173005e-01 4.975762628993142811e-01
2.347530317153470603e-01 4.690257518124378300e-01
2.603341583211268850e-01 5.373315873471163906e-01
3.208012483488764666e-01 5.938521396061685609e-01
4.450916287463093507e-02 5.659128968590430020e-01
0.000000000000000000e+00 5.412327211868055432e-01
3.902314710649689572e-02 6.027236939705218344e-01
9.592664190172696392e-02 6.580538685481164274e-01
