1.000000000000000000e+00 5.716130513574632088e-01
8.936656599081019836e-01 8.149711437354142385e-01
7.272835420961752950e-01 1.000000000000000000e+00
6.262918367857644997e-01 8.452204994171672592e-01
6.411194847244118256e-01 5.590606361688273962e-01
4.334207654060047710e-01 7.526142514417240026e-01
2.348072817711250870e-01 7.605236105522892309e-01
1.138380985930404626e-01 7.500971024794407249e-01
0.000000000000000000e+00 7.333155284890940928e-01
4.397743936830231237e-01 4.630453995208812512e-01
4.378341793570220131e-01 4.985673708221154410e-01
6.155426582661037704e-01 5.770560183822672773e-01
7.293834518151490753e-01 6.188367700240778868e-01
5.031178716007461693e-01 2.148362132233208877e-01
5.339842037078744719e-01 2.683237225659627079e-01
6.848422969495022716e-01 3.866972544015252478e-01
7.750312326151275188e-01 4.502816788806300874e-01
5.985927709730138879e-01 1.825940510762309472e-03
5.913921565230447763e-01 0.000000000000000000e+00
6.852274446619659454e-01 1.417251804864425868e-01
7.456295705972599830e-01 2.349407288208218980e-01
