8.765589658626525837e-01 1.000000000000000000e+00
1.000000000000000000e+00 7.527320016285616866e-01
9.334685258070669622e-01 5.239964323552096515e-01
7.055081858203422485e-01 4.193754443499352336e-01
4.486316526327055465e-01 3.874474529149635194e-01
9.956809986229493425e-01 3.691620167581010636e-01
6.322512320375535122e-01 1.899243076239139350e-01
4.478892737567621296e-01 8.501925679279456749e-02
3.110640656124761816e-01 0.000000000000000000e+00
8.347234574879620617e-01 3.716641990643030358e-01
2.861520901717238274e-01 3.099801903004517634e-01
2.460588665781982820e-01 4.285958625820075474e-01
3.476495787939976045e-01 4.976724859637081111e-01
6.193057983312384440e-01 4.170166547801023027e-01
1.207899605465528325e-01 3.887896480217945538e-01
1.382015782399784454e-01 5.082138766191371948e-01
2.618228898054858478e-01 5.617288277203990043e-01
3.895551052542830517e-01 4.889947820123236588e-01
0.000000000000000000e+00 4.753243021506955990e-01
3.862735285865211837e-02 5.791980283010068620e-01
1.619725056078276104e-01 6.334860714969866580e-01
