6.499602751995906535e-01 1.000000000000000000e+00
9.816152305187672011e-01 7.584512980408053551e-01
1.000000000000000000e+00 5.236011887357012728e-01
8.434737738809837682e-01 3.803308626597736164e-01
6.333961292240006813e-01 3.501896948803958631e-01
8.259923672078943735e-01 3.020252225630526421e-01
7.513076043014323968e-01 1.103804943912927855e-01
6.790065075976019493e-01 3.411300586620442249e-02
6.260676652597132463e-01 0.000000000000000000e+00
5.013376718505200280e-01 3.049292511654851379e-01
4.698561016099635501e-01 3.159197415131305142e-01
5.061395708011046102e-01 4.112002868373862419e-01
5.477412989858282399e-01 4.833073336968783940e-01
2.325115107486810939e-01 3.975380235311288257e-01
2.397761869643856014e-01 3.883421828731622449e-01
3.028351872464414840e-01 4.756973792266486756e-01
3.571841308197634124e-01 5.544565342892802118e-01
0.000000000000000000e+00 5.192196543589502333e-01
2.782767258639542649e-02 4.344518425253419136e-01
7.169511309229285867e-02 4.406995859884868527e-01
1.004129633097502750e-01 4.573860043815343723e-01
