4.563046164648578151e-01 1.000000000000000000e+00
8.513208376808616418e-01 8.303157260209491630e-01
1.000000000000000000e+00 6.328319998462977880e-01
8.942743358786954255e-01 5.055913993988800925e-01
6.992868497158358787e-01 4.712038848241850708e-01
7.088821294345403201e-01 4.505105195976363275e-01
6.546302180374548030e-01 2.278165035381535808e-01
5.925353081555946311e-01 9.857225026087353126e-02
5.417234118435928503e-01 0.000000000000000000e+00
4.250669597183375226e-01 4.564494301609430815e-01
4.488701996365359603e-01 4.054337345202028153e-01
5.071686093954449470e-01 4.745021188094320497e-01
5.516361860491481028e-01 5.459856696674627585e-01
1.979384811017877721e-01 5.198594104798511806e-01
2.711280048322071146e-01 5.217271328887975734e-01
3.356583497200134603e-01 5.805697550010266994e-01
3.759568862801261346e-01 6.436812167453790368e-01
0.000000000000000000e+00 6.006236948818354238e-01
8.137966917991894256e-02 6.148208588352972459e-01
1.414500192741106055e-01 6.729965573099225828e-01
1.748256032927684167e-01 7.290837064815515189e-01
