9.977111065216504038e-01 0.000000000000000000e+00
5.363404240501616904e-01 1.146579966861014169e-02
2.071185937999053817e-01 2.456177070250502581e-01
1.368019850484975264e-01 5.032311779168505694e-01
2.005073688861779002e-01 6.867044103613110240e-01
2.065071215355908651e-01 2.648256085861211417e-01
7.752099478162305379e-02 6.099576878971094684e-01
1.520575726502294660e-02 8.200105828740932301e-01
0.000000000000000000e+00 1.000000000000000000e+00
4.945642907402026389e-01 3.526977751051238452e-01
3.024953591746655235e-01 6.860945599342889167e-01
2.950598324259809391e-01 6.007881511193843282e-01
3.603771976379219755e-01 4.764440051240563800e-01
7.620319250359618435e-01 4.252817611907478978e-01
5.259054712508975937e-01 7.022681274235326176e-01
5.421477595560176832e-01 6.104839971697449963e-01
6.095099696695348568e-01 5.122968849741238451e-01
1.000000000000000000e+00 4.825504159678175586e-01
7.525863745848472286e-01 7.047992752208134259e-01
7.597661456294592108e-01 6.204155486199821601e-01
8.341622379704763945e-01 5.350543905128277711e-01
