8.980852760933852874e-01 1.000000000000000000e+00
4.004977188698716217e-01 9.001987247963150196e-01
1.737930219775391805e-01 7.399901907408847901e-01
0.000000000000000000e+00 5.974922898905902224e-01
3.535776106565339388e-02 4.494267615000864802e-01
8.390507218290436109e-01 4.620507065682354364e-01
8.100062190451178257e-01 2.647055555643736402e-01
7.009669297150271650e-01 1.149778498040529007e-01
6.535201064559936768e-01 0.000000000000000000e+00
9.499391275568134230e-01 4.459193958258269030e-01
3.801901446196472856e-01 2.966163611458103588e-01
2.309062134801952160e-01 4.483655202954840990e-01
3.442065738333432434e-01 5.857657809233719481e-01
9.986712526836106774e-01 4.381970645236556994e-01
3.615823125280076544e-01 3.183608537547399364e-01
2.818989663888435970e-01 4.939554012034595987e-01
4.614355743048972336e-01 6.335786177198392544e-01
1.000000000000000000e+00 4.440835723480477393e-01
4.460993309400911877e-01 3.305802065658545730e-01
3.521190151453763018e-01 4.441243648980900405e-01
4.800233922011026277e-01 5.655402949444221505e-01
