8.053739243262640901e-01 1.000000000000000000e+00
3.653047540235829227e-01 8.375952201772884909e-01
1.286886897715882605e-01 6.485687780454478801e-01
0.000000000000000000e+00 4.923271075936437868e-01
7.889444932398001487e-02 4.716358910888093781e-01
7.370786398266191419e-01 4.017931485584924634e-01
5.560329914506798588e-01 2.205081878324325062e-01
4.254745398733548734e-01 1.049560199855253534e-01
3.527748102945411079e-01 0.000000000000000000e+00
9.191595999521098292e-01 4.207172220212160307e-01
3.722771944140000344e-01 3.074294262098423158e-01
2.426468623853332007e-01 4.770857188682672279e-01
3.566327400602321007e-01 5.788596933087167828e-01
1.000000000000000000e+00 4.723499427251602878e-01
4.025456333690310973e-01 3.964582774821600042e-01
3.082283701805149656e-01 5.591000111216485324e-01
4.358312854125926950e-01 6.479856340423210126e-01
9.829742504544124460e-01 5.570316705167078775e-01
4.887466329280588662e-01 4.940926005395374632e-01
3.925892919278995419e-01 6.125021850024074954e-01
4.822943220785920193e-01 6.995801825204427393e-01
