9.030749418152631547e-01 0.000000000000000000e+00
4.146922242159887806e-01 5.226679100603151551e-02
1.242741656621795948e-01 2.981116844118758547e-01
1.000875012860895641e-01 5.438772542779729546e-01
1.934558728906164704e-01 7.092541020313158917e-01
1.017752283575904804e-01 3.164984043031624505e-01
2.963370596106837743e-02 6.398057642271535173e-01
0.000000000000000000e+00 8.324438997031801124e-01
1.433246524254469176e-02 1.000000000000000000e+00
4.263543427665446028e-01 3.790682677447950177e-01
2.830693349367369716e-01 6.966976963558901836e-01
2.623638436253535322e-01 6.139426134702808957e-01
3.150842337533458215e-01 4.946111400072732422e-01
7.305652595666971560e-01 4.234675253854051635e-01
5.319757261804414217e-01 6.900752361645617894e-01
5.286487265432209259e-01 5.999232502197398009e-01
5.833611002822631786e-01 5.049835269179495656e-01
1.000000000000000000e+00 4.537188679788709544e-01
7.860887743181050880e-01 6.740695842431992935e-01
7.744754249129784940e-01 5.933533546401581482e-01
8.340876818892474232e-01 5.112245532297379214e-01
