1.000000000000000000e+00 1.896155911600777566e-01
7.081210208634745040e-01 0.000000000000000000e+00
3.773687786397570965e-01 1.058072204759539781e-01
1.616213945771992622e-01 3.577293105645805715e-01
3.974991316755156073e-02 5.821332495399913487e-01
3.928323419620122769e-01 7.397802581555391888e-02
1.827752096115370650e-01 4.879644011374510426e-01
5.943584354352375587e-02 7.528401572019999266e-01
0.000000000000000000e+00 9.904849126668940906e-01
5.485688300473808843e-01 3.229447485930140860e-01
2.183454390626176356e-01 7.676379879823551633e-01
2.349708334437549673e-01 6.696745769004104343e-01
3.445255922957983219e-01 5.267316707513626239e-01
6.872441784735735526e-01 5.532272998800117358e-01
3.417481265650068600e-01 9.021593420341200709e-01
3.580843530624942539e-01 7.828999861529896132e-01
4.466792480884548833e-01 6.558530349216553645e-01
8.118928910901817009e-01 7.530569827995351462e-01
5.012839007129289426e-01 1.000000000000000000e+00
4.976701230007136711e-01 8.878167302860503485e-01
5.684215068672096027e-01 7.880037624403686269e-01
