8.284315198656472257e-01 1.000000000000000000e+00
3.420946656649135886e-01 8.181411503674232977e-01
1.439370663366774106e-01 6.469077154850699785e-01
0.000000000000000000e+00 5.081210303972694131e-01
3.924868519909842368e-03 4.730118470262008046e-01
8.414149467450391384e-01 3.989832306064510781e-01
6.365969859017986954e-01 2.247425376195918423e-01
4.925068281256905212e-01 1.051076700922843471e-01
3.949518716577540278e-01 0.000000000000000000e+00
9.833140937817651528e-01 4.181375582128450952e-01
3.341692668051443049e-01 3.152514460792776307e-01
2.091190171034604806e-01 4.706534078976865043e-01
3.295164184381491057e-01 5.573057702775870981e-01
1.000000000000000000e+00 4.679781451976769979e-01
3.061337340345604563e-01 4.063752600058935793e-01
2.359803774251999775e-01 5.514304779478801377e-01
3.879040084854377679e-01 6.164392165332372997e-01
9.120014142396252188e-01 5.445986907935254084e-01
3.395253458257833645e-01 5.111600824165204449e-01
2.837502099261943744e-01 6.195559126390237648e-01
4.162757767269191778e-01 6.816019046005180604e-01
