8.459535850994335249e-01 6.844121525465055589e-01
4.969898460593619727e-01 7.165613508644949059e-01
1.616953663951299081e-01 7.834717736515229847e-01
4.145236161337327585e-02 9.276640288922749500e-01
2.370662105652524831e-01 1.000000000000000000e+00
1.262085010003929642e-01 6.929703729380676247e-02
2.351003630391175839e-02 4.923416393859016971e-01
7.512723678061295277e-03 6.898555688633947192e-01
0.000000000000000000e+00 7.305404464085190064e-01
4.272803094070275476e-01 0.000000000000000000e+00
3.623345793637616219e-01 8.206693681244294769e-01
3.670099180261134353e-01 8.990285033024180139e-01
3.718028934147152853e-01 7.510342133642166074e-01
7.392561127825284517e-01 8.512533299759826588e-02
6.509913859144925707e-01 8.652288519207683715e-01
6.301241692507213443e-01 8.583290564680908785e-01
6.295385499077817970e-01 6.716708968002267355e-01
1.000000000000000000e+00 2.352926461650194645e-01
9.105662781983566711e-01 8.093704720092341764e-01
8.765602893030072229e-01 8.222893081484384803e-01
8.752262183094031700e-01 6.734818869373677686e-01
