0.000000000000000000e+00 1.000000000000000000e+00
5.835993994462940204e-01 8.592689890298523814e-01
8.236270941535381862e-01 6.770214574269756147e-01
1.000000000000000000e+00 5.541668583685170901e-01
9.787146325700669669e-01 5.185134010250328496e-01
1.863988320058249104e-01 3.883812362571821830e-01
4.178704708006159563e-01 2.246273352776433085e-01
5.596334590444761448e-01 1.016721938046175749e-01
6.502811802987529255e-01 0.000000000000000000e+00
4.547496328852071446e-02 4.159720445050116289e-01
7.140001730919203204e-01 3.119403377784153997e-01
7.993401340897952068e-01 4.485588112123607418e-01
6.408222712858377967e-01 5.280067216425925469e-01
2.830958336586646140e-02 4.841364207694169863e-01
7.066757508567579338e-01 4.120916070749521820e-01
7.924940664277873026e-01 5.395038349434574387e-01
6.546623343515026727e-01 5.999368817064105741e-01
1.183109144803620588e-01 5.802338022715823884e-01
7.181607290180137548e-01 5.237369028438363383e-01
8.105548913048591375e-01 6.151878724681207888e-01
7.163272716668281914e-01 6.746176999629139859e-01
