8.101548013490055267e-01 1.000000000000000000e+00
4.508481776759426518e-01 9.818313934523222875e-01
8.961415446009307617e-02 8.072348135640043942e-01
0.000000000000000000e+00 5.848666334616988705e-01
1.958199631234667504e-01 4.449378396703979610e-01
3.027967316039550938e-01 4.923561534249484284e-01
1.850268739041941446e-01 2.802701750549704274e-01
8.381837523874856311e-02 1.253359753329383042e-01
1.228799910855594806e-02 0.000000000000000000e+00
5.164006553506665931e-01 4.504000118781998352e-01
3.123654781326336560e-01 2.878599848193006405e-01
3.325838471034162080e-01 4.878188610516076551e-01
4.337982655145216637e-01 6.754917192299506601e-01
7.419300808393503033e-01 4.237334531951682526e-01
5.250003046927913530e-01 2.952433658679027295e-01
5.628076309003758881e-01 5.312428601445451370e-01
6.903269614816078814e-01 7.212434855497649178e-01
1.000000000000000000e+00 4.108715224207771244e-01
7.642165303674246513e-01 2.699261526915596177e-01
7.415358954224695598e-01 4.187764644268160974e-01
8.339340714443657099e-01 5.655911946544500690e-01
