4.548520418863957193e-01 1.000000000000000000e+00
3.687398303214406425e-01 9.193525190508660128e-01
4.754249846126851753e-01 7.609556315194028198e-01
7.711754811877225002e-01 6.342556260510614496e-01
9.833919810499562875e-01 5.166584299468075514e-01
0.000000000000000000e+00 4.812405834207217348e-01
1.822899888553345706e-03 2.583562634720215079e-01
4.993824511958239870e-02 1.162996011922450418e-01
8.175551098907878067e-02 0.000000000000000000e+00
2.971436482946468449e-01 4.840936502586613566e-01
6.492184340716959934e-01 3.413792476588388136e-01
6.581806367949423198e-01 4.565138575542498356e-01
4.812313141794962723e-01 5.367436627713407793e-01
5.627784624199962948e-01 5.162404610061074317e-01
8.675274881185255360e-01 4.255703751355540132e-01
8.283646128770920658e-01 5.340899778202311543e-01
6.387806940946981760e-01 5.697217200616735422e-01
7.402773417848188542e-01 5.685780596946437004e-01
1.000000000000000000e+00 4.940774050330145606e-01
9.558808329575035900e-01 5.764965992926927019e-01
8.110858577896824517e-01 6.316102975466791891e-01
