1.914439678296251668e-01 1.000000000000000000e+00
5.794509067144665293e-01 9.875497551390723938e-01
8.994341897643945982e-01 8.137050975226396421e-01
1.000000000000000000e+00 5.972356789179031900e-01
8.369544012923373355e-01 4.505120186119241921e-01
5.702599605786105030e-01 5.144756558290249915e-01
6.519486726606587013e-01 2.877027886348150765e-01
7.625371498200377296e-01 1.325891485206028564e-01
8.293991351904553833e-01 0.000000000000000000e+00
3.992113471175641193e-01 4.705801997466677600e-01
6.545745768803380438e-01 2.977423800467498549e-01
6.442320894912059170e-01 5.031164118064259672e-01
5.074959914584488141e-01 6.834572001287930743e-01
2.165445283876771820e-01 4.283362805636091730e-01
4.933012149801279667e-01 2.911200966388372557e-01
4.664287927705943471e-01 5.267264033938010570e-01
3.009891362333890208e-01 7.163168618488559014e-01
0.000000000000000000e+00 3.880554294436005525e-01
2.993305716851781262e-01 2.454352158201355827e-01
3.437464125710263940e-01 3.870375898379597723e-01
2.337998272781909026e-01 5.351788177878243902e-01
