4.803402008184347594e-01 1.000000000000000000e+00
8.106690203718510679e-01 8.367820573685122998e-01
9.354276613278983410e-01 5.456576531076180459e-01
8.419399002619180061e-01 2.864587490182736174e-01
7.118686004478558260e-01 1.228636297520803444e-01
1.000000000000000000e+00 7.214565797594069130e-01
9.926907570985712415e-01 3.992318725196780105e-01
9.620053245745781023e-01 1.703473522397530582e-01
9.141805305194009579e-01 0.000000000000000000e+00
6.721203866230621715e-01 7.668756054240977171e-01
5.942494033816463350e-01 2.316705696586775776e-01
5.948164514740184039e-01 2.144467080622357580e-01
6.233258632282103751e-01 3.285884644211952699e-01
3.385049310929676980e-01 7.744494485562815056e-01
2.733667709467407780e-01 2.706114117543879094e-01
3.347087228503383693e-01 2.807544680545021043e-01
4.028075889819541788e-01 3.837791090058409460e-01
3.210638214730739126e-02 7.693449196925840061e-01
0.000000000000000000e+00 3.576554571253472981e-01
9.852460604964614899e-02 3.333210178496197051e-01
1.870927517901179171e-01 3.835335765222879223e-01
