1.927352573965160076e-01 9.886923679240937624e-01
4.543476655869025382e-01 1.000000000000000000e+00
7.544472702007517517e-01 9.379229275874471083e-01
8.956890516665150237e-01 8.975884368841365868e-01
7.376555539295371888e-01 8.634641524004401658e-01
7.890191681201952356e-01 3.275930330443338478e-01
8.799546868222634100e-01 2.052768623023724648e-01
9.490704668035159219e-01 1.153312812311045321e-01
1.000000000000000000e+00 0.000000000000000000e+00
5.324235760363560388e-01 1.806788303213294200e-01
6.845711068834632318e-01 5.051684752410043888e-01
5.907275421589217590e-01 7.924003128132910412e-01
4.826766416303778784e-01 8.299477076528517516e-01
2.551011932777762503e-01 2.150853523608485529e-01
3.869352497498348975e-01 6.476754111309396267e-01
3.473181902678843525e-01 8.534202193809001802e-01
2.829740052392950012e-01 8.248664516565286098e-01
0.000000000000000000e+00 3.336356607151781950e-01
1.324494165450448846e-01 6.873929971766444824e-01
1.458976874063116769e-01 8.534322242769377675e-01
1.213033899846934494e-01 8.399566059757922476e-01
