7.148474139938980620e-01 1.000000000000000000e+00
3.712721863581878168e-01 9.437049114938839134e-01
6.157171492295620413e-02 8.114574990310394753e-01
0.000000000000000000e+00 6.621818531272893882e-01
1.812316861058250184e-01 5.678893274820369097e-01
1.861352642514637334e-01 5.058508139413379068e-01
9.512023246263530407e-02 2.639610644295811159e-01
7.106670414152758963e-02 1.229229581562453627e-01
7.187878289650309616e-02 0.000000000000000000e+00
4.461226664770705508e-01 5.012973506201492402e-01
2.694398063749478545e-01 3.599667470684420612e-01
2.881194692641337318e-01 5.388731922264325958e-01
3.714321580965140868e-01 6.793843402659481834e-01
7.140231151755782601e-01 5.206809035604198499e-01
5.585987216332521932e-01 4.656077618733488466e-01
5.807281454350472494e-01 6.531267394614865829e-01
6.567039822964609863e-01 7.647310226289556478e-01
1.000000000000000000e+00 5.618716410211729295e-01
8.560095123935511641e-01 4.869577475307064196e-01
8.023808386444321039e-01 6.162849632663363053e-01
8.167294148404152798e-01 6.982648152548981413e-01
