1.705655982731929809e-01 1.000000000000000000e+00
6.067490709255743964e-01 8.548714209732390934e-01
8.471805110697153696e-01 6.647829859258151952e-01
1.000000000000000000e+00 5.211267308116492858e-01
9.815257333449870503e-01 4.544766407133861152e-01
9.523540548987803611e-02 4.564089616197408716e-01
2.483874605523649914e-01 2.345489928206004049e-01
3.222672844706876982e-01 1.025904473605567108e-01
3.448873308357180978e-01 0.000000000000000000e+00
0.000000000000000000e+00 4.820326008068819834e-01
5.249054971120457047e-01 3.609552772856319258e-01
7.314550283582985646e-01 4.471459840900520177e-01
7.171079113677565342e-01 5.299618972399513517e-01
1.010105214173183732e-02 5.181716322994712742e-01
4.902086228174852289e-01 4.065719701012515674e-01
6.838086868731311219e-01 4.854267393500829031e-01
6.681313053537796254e-01 5.468450932468105208e-01
5.515147515277132872e-02 5.582812577824264322e-01
4.464609156508832499e-01 4.767868006489209831e-01
6.137426711085451903e-01 5.229063493927038619e-01
6.023785415171556412e-01 5.794814769355561834e-01
