1.130632487067557458e-02 0.000000000000000000e+00
2.088822069163240314e-01 1.996342394212204940e-01
3.636742058246645870e-01 4.188178182875746947e-01
3.041829025735319214e-01 5.764953673174785242e-01
1.712220245044459022e-01 6.537187839980341808e-01
1.000000000000000000e+00 4.566268499067536735e-01
7.673211339474377279e-01 7.156673865142307855e-01
6.627637315455112699e-01 8.775803085008455628e-01
6.194874300655685007e-01 1.000000000000000000e+00
9.194711654429146286e-01 3.864546370033373757e-01
5.086395470164755128e-01 6.624680305591460483e-01
2.038722207136861309e-01 6.365768798604446443e-01
8.657844716961106413e-02 5.712646384537037880e-01
7.224428360539819627e-01 3.132310304015633040e-01
2.846181466324650411e-01 5.497942393952631734e-01
7.946060722176813418e-02 4.916209159502349935e-01
7.710292611588405454e-02 4.152165615628656270e-01
4.563446501107510378e-01 2.426796239949235989e-01
1.300904478422497124e-01 4.316057027847577388e-01
0.000000000000000000e+00 3.940900972848728756e-01
2.647343008486549229e-02 3.224353956910163688e-01
