2.137130966188754144e-01 1.000000000000000000e+00
5.534299276099878817e-01 9.590831244834019387e-01
9.028631579533634710e-01 8.390373587775902253e-01
9.741131562128843013e-01 7.154919339648919685e-01
7.271318433902864697e-01 6.769311054828270890e-01
8.344957413954188219e-01 4.660577710555028341e-01
9.414979678164504540e-01 2.489491434468367737e-01
9.826975478736217351e-01 1.233814019783548988e-01
1.000000000000000000e+00 0.000000000000000000e+00
5.500492207526389565e-01 4.193383982836723645e-01
7.619720604350084248e-01 4.068540170245696919e-01
7.087179212273023721e-01 6.192558562935615019e-01
5.988122273539285834e-01 7.250474010074063891e-01
2.686266087249527534e-01 4.361959132998339816e-01
4.623287194389251731e-01 5.213798534633338200e-01
4.423504545435558155e-01 7.057516759472716172e-01
3.636271865640572920e-01 7.677688308863183098e-01
0.000000000000000000e+00 4.954111883431609464e-01
1.757668203393795148e-01 5.624728791957424034e-01
2.056814811617490024e-01 6.870977925512865570e-01
1.618924161054201283e-01 7.252070276659680070e-01
