8.316451824758311351e-02 1.000000000000000000e+00
4.340046882527086036e-01 9.457774650883120637e-01
7.180592796790148391e-01 7.710627715012638994e-01
7.471290048641421322e-01 5.616544908661044166e-01
6.075087050729708338e-01 4.196341533250979583e-01
6.721996731654660273e-01 4.986648886998208408e-01
8.383666297347325269e-01 2.647023405351898173e-01
9.363602982968379784e-01 1.257409785907703803e-01
1.000000000000000000e+00 0.000000000000000000e+00
4.679404452938821790e-01 4.500845079640370949e-01
6.194875018206735806e-01 2.983783960666573920e-01
5.314772298781769155e-01 4.891104984579137116e-01
4.144366261675205831e-01 6.170192331290853538e-01
2.502200071460530806e-01 4.305544147843942682e-01
3.957494648455182062e-01 2.734127964527925392e-01
3.381321589540364769e-01 4.860950448718472927e-01
2.365414789422562170e-01 6.217516791151614930e-01
0.000000000000000000e+00 4.274398095502998096e-01
1.561276678137758223e-01 2.776687909552754130e-01
1.677819413017736239e-01 4.316141593789114550e-01
1.066987415329592043e-01 5.540914780303836107e-01
