8.540643343600868853e-01 0.000000000000000000e+00
4.546520934993680818e-01 7.155490250927568074e-02
2.163912199977308937e-01 3.008766326583935946e-01
1.802947057257427710e-01 5.143822718428098240e-01
2.509635894332370998e-01 6.652720303215672315e-01
1.392248448906064640e-01 3.449484035375161572e-01
5.411237590328994013e-02 6.685818273478157936e-01
1.273157480914237881e-02 8.505707426386279746e-01
0.000000000000000000e+00 1.000000000000000000e+00
4.279771539544725556e-01 3.838778038381497337e-01
3.863080470150725421e-01 6.940603049985706319e-01
4.121132592112868864e-01 6.147342405621663008e-01
4.447634010583286224e-01 5.029993882814397521e-01
7.229454388968439282e-01 4.010500656291018373e-01
6.514801067552125069e-01 6.630164795135761180e-01
6.577764348025614272e-01 5.776064282706193653e-01
6.826414700372703814e-01 4.830440836978540653e-01
1.000000000000000000e+00 4.050855637493736561e-01
8.926727026989558222e-01 6.260890895844924975e-01
8.849093817098658832e-01 5.512448626399806262e-01
9.176067728956290859e-01 4.680148656832035514e-01
