9.032408045309512357e-01 1.000000000000000000e+00
6.327215645084147688e-01 9.101670750717313352e-01
4.897958373941980748e-01 7.277929652396248894e-01
5.842995846916639868e-01 5.343037019681841082e-01
6.554040942173526840e-01 3.985158009813413726e-01
1.372346250430133141e-01 5.008954331634506429e-01
4.902542852793862621e-02 2.663899795430210160e-01
1.035745949896082693e-02 1.188024775024947299e-01
0.000000000000000000e+00 0.000000000000000000e+00
4.161787016149917640e-01 4.781400233515658016e-01
4.838706419496767719e-01 3.064964211904142033e-01
6.050390311924911391e-01 4.360328540850924584e-01
6.769439308497553487e-01 5.771714685178831461e-01
6.875214164777206927e-01 4.823463931514465619e-01
7.528619628206340009e-01 3.786636722458291415e-01
8.383410318431913089e-01 5.311974550420899277e-01
8.465700090679620926e-01 6.446300317804947166e-01
9.254638042589844460e-01 5.232741419558742946e-01
9.641177060436488810e-01 4.058555497743766005e-01
1.000000000000000000e+00 5.270330575006449969e-01
9.780677233211104715e-01 6.277928603089787396e-01
