9.529357018752268038e-01 1.000000000000000000e+00
6.251294251605461483e-01 8.267445618000955898e-01
4.369585161018174069e-01 6.490717904210377975e-01
2.141923722488856818e-01 5.372022226886418172e-01
0.000000000000000000e+00 4.920413804130273627e-01
1.000000000000000000e+00 4.203607380107724500e-01
7.037535508954303465e-01 2.352231851594312195e-01
5.410314632196555618e-01 1.067054414899485659e-01
4.432295522995642889e-01 0.000000000000000000e+00
9.552406496774327183e-01 4.398469706814800428e-01
2.567304770810533432e-01 3.229966462543966133e-01
1.816424974704940187e-01 4.391011168415399069e-01
3.337985510281741286e-01 5.012841116944302122e-01
8.210658438520467284e-01 4.913304435824829564e-01
1.260162271865108707e-01 4.088204454117585485e-01
8.256182171628824451e-02 5.191765375818346850e-01
2.538904982020596113e-01 5.600122010638527437e-01
6.296331257614329324e-01 5.642030156693946807e-01
5.392715022758179377e-02 5.092382285341469084e-01
2.357860937642883986e-02 5.914181725685896396e-01
1.709599438346425804e-01 6.391029842385613779e-01
