4.375037664107898627e-01 1.000000000000000000e+00
5.429173541860965457e-01 7.029133432747278754e-01
6.347284597173398213e-01 4.416421179233591676e-01
8.172180572494439632e-01 3.298345448561409987e-01
1.000000000000000000e+00 3.562460129454835256e-01
1.019560226702058980e-01 2.924895066819986345e-01
1.842673434249228748e-01 2.185048088448614256e-01
2.664342850993615119e-01 1.141221978879277121e-01
3.712386110911830017e-01 0.000000000000000000e+00
0.000000000000000000e+00 4.500255984137109810e-01
6.725561374560585781e-01 3.303678451417867423e-01
8.659760384532606547e-01 4.930118362189111481e-01
9.037852428438194474e-01 6.389142615670292402e-01
3.310316378506349133e-02 6.673803070996997544e-01
7.334450104024679007e-01 5.854223128776273599e-01
8.316977545017576468e-01 6.971148962451596542e-01
8.008965851208837972e-01 7.754383220442974123e-01
1.325213429944759325e-01 8.920537241628708758e-01
6.578612167300380564e-01 8.332100817117618075e-01
8.047051438410215418e-01 8.568077559130303777e-01
8.475593658081641557e-01 8.758818247199411378e-01
