2.205787983868583990e-01 0.000000000000000000e+00
5.180318213975237951e-01 1.864909089296545308e-01
6.451082964527514729e-01 4.109021042419790382e-01
5.886386721388324750e-01 5.939378737692735388e-01
4.437006787537185470e-01 6.894559431355824497e-01
1.000000000000000000e+00 4.582807278591917166e-01
8.538354930377398677e-01 7.090480424178253749e-01
7.516522712462400113e-01 8.733546079580635224e-01
6.843909849042145721e-01 1.000000000000000000e+00
8.666655432833603179e-01 3.960940604730915915e-01
5.121047774085039084e-01 6.616545486207350280e-01
2.773724543282531374e-01 6.817745392886350730e-01
1.775823152211716272e-01 6.520076256406723836e-01
6.469013819548361521e-01 3.246614338857728987e-01
2.898853789913141132e-01 5.566812753792148571e-01
1.378068114044768422e-01 5.525146509774939707e-01
1.108552805138760394e-01 5.080086274659338930e-01
3.941705246135584484e-01 2.509304616750057670e-01
9.954207397368576571e-02 4.403340139804120534e-01
6.292235644197251287e-03 4.569435800414782256e-01
0.000000000000000000e+00 4.277307930250996426e-01
