7.095322856413861512e-01 1.000000000000000000e+00
3.435082920167641385e-01 9.289684889505219756e-01
0.000000000000000000e+00 7.557781484855167209e-01
6.240085763724208257e-03 5.772541151064484177e-01
3.107061493764605720e-01 5.106287866603084202e-01
1.734633066189340544e-01 4.866775226590678294e-01
1.250641275729344193e-01 2.517300960819753852e-01
1.338311802106622872e-01 1.208370401909455022e-01
1.554164834270138074e-01 0.000000000000000000e+00
4.492580269561293194e-01 4.907433770214124080e-01
3.271158467064229636e-01 3.500563615667125483e-01
3.538776638101963079e-01 5.372439018683692336e-01
4.235912590977919945e-01 6.788459945197093948e-01
7.208871412223085695e-01 5.143735275943359664e-01
6.048667039350645869e-01 4.207490137432252086e-01
6.029362937395447153e-01 6.126889423613264274e-01
6.492513077484873829e-01 7.438685815320106309e-01
1.000000000000000000e+00 5.624530579300606181e-01
8.979800306359548845e-01 4.573333389093966472e-01
8.244292229841696518e-01 5.851014446035255334e-01
8.108918355876476580e-01 6.902415087199645916e-01
