1.492869882739586984e-01 1.000000000000000000e+00
4.507311612994419625e-01 9.906690921169513109e-01
7.819720084999377541e-01 9.140358393742059606e-01
9.153055892252257575e-01 8.464399277127676591e-01
7.295382957685517811e-01 7.936853575653909365e-01
8.158948431259502865e-01 3.933154633951965740e-01
9.151686240430569885e-01 2.277499459570205831e-01
9.673078278975135724e-01 1.204993181243832340e-01
1.000000000000000000e+00 0.000000000000000000e+00
5.490606921059814072e-01 2.711567743208290748e-01
6.839683603682137347e-01 5.053555412170869232e-01
6.085356296704368395e-01 7.507291439776823117e-01
5.152481718015677892e-01 8.251885653472516013e-01
2.650370733711685522e-01 2.928265207016944593e-01
3.849868618004444465e-01 6.214739393770184472e-01
3.398062313760243924e-01 7.998705842574700409e-01
2.735386978929290058e-01 8.106440752984476195e-01
0.000000000000000000e+00 3.813202828177403858e-01
1.304785651176669226e-01 6.367250426646996475e-01
1.359193889058877280e-01 7.788341620607814875e-01
1.046903153134158132e-01 7.928046571601661263e-01
