2.327138418860747460e-01 0.000000000000000000e+00
5.992852964767445556e-01 1.167693007992189475e-01
8.032084309680341816e-01 3.338350350437735425e-01
8.138338301173717593e-01 5.250183503237139115e-01
7.357345340212420037e-01 6.625210672405745793e-01
1.000000000000000000e+00 3.847863568015563729e-01
9.063611707524380501e-01 6.876212591172603528e-01
8.335837685301613620e-01 8.674091124500711292e-01
7.947674805518680774e-01 1.000000000000000000e+00
7.464410765094120492e-01 3.472760904189930997e-01
5.401945572083889369e-01 6.764071847752887168e-01
4.271213145454396676e-01 6.460592234428057523e-01
4.260614891378841085e-01 5.552783459053836079e-01
4.330979008977138833e-01 3.004792017787342728e-01
2.582739936182807394e-01 6.016066777362470974e-01
2.141965233290017978e-01 5.385552772324149196e-01
2.703512163911879762e-01 4.367039656296655137e-01
1.163437862299170206e-01 2.485904323550057193e-01
3.417360471401935211e-03 4.955255497079982252e-01
0.000000000000000000e+00 4.492486611390028028e-01
5.064132425928974390e-02 3.564489139458896783e-01
