1.000000000000000000e+00 4.622767726352385032e-02
5.965936719202145078e-01 0.000000000000000000e+00
2.507692544838729387e-01 2.183913957773162551e-01
1.512326709294813942e-01 5.072871568174271983e-01
1.627302193205560910e-01 7.173282378140483084e-01
2.379866958701705171e-01 2.296933899309240301e-01
8.652028480422861711e-02 5.819477991393172678e-01
1.841081930962580604e-02 8.068284949771807879e-01
0.000000000000000000e+00 1.000000000000000000e+00
4.926426508485691746e-01 3.475473473134590985e-01
2.802235945813767448e-01 7.063594164024505906e-01
3.029919578258803980e-01 6.147771144343388006e-01
3.898297816883941058e-01 4.817806431031452230e-01
7.251563522525514838e-01 4.500006510459052533e-01
4.736222574420589360e-01 7.437068275184083310e-01
5.033719957455932148e-01 6.429102728533389044e-01
5.792803662489331984e-01 5.357798553375998640e-01
9.306938074278355844e-01 5.348067044707321971e-01
6.736225377060115482e-01 7.620357228888209322e-01
6.911583729556496358e-01 6.735408433648656379e-01
7.703735778356055608e-01 5.868532672738754341e-01
