8.923268626223141986e-01 9.407679320888473473e-01
5.617225500800141491e-01 9.568245888229967022e-01
2.576114663782361203e-01 9.427078768757364280e-01
1.228574862268101281e-01 1.000000000000000000e+00
2.905975445454372919e-01 9.981744739174043257e-01
2.483968702758433122e-01 1.491709512819763828e-01
1.942737686357109972e-01 1.044454101058494705e-01
8.859560902483917810e-02 1.518829180177811433e-01
0.000000000000000000e+00 2.495535844702170547e-01
4.898378843368311752e-01 0.000000000000000000e+00
3.874368267582560255e-01 6.601238034724860038e-01
4.244770615508200451e-01 8.641996046468600756e-01
4.809907841388514904e-01 8.331437512780812682e-01
7.550525942933768997e-01 7.471784834409356257e-02
6.540016572104467851e-01 7.567339667747557952e-01
6.452184418426661905e-01 8.581192851508866459e-01
6.552597455992207331e-01 7.560313263805712447e-01
1.000000000000000000e+00 2.319699249218544479e-01
8.939236671157581027e-01 7.490816073150068366e-01
8.605919150901029102e-01 8.394203475407281401e-01
8.528855702511749515e-01 7.587995895533288238e-01
