6.965688807883877454e-01 1.000000000000000000e+00
9.485802664145258634e-01 7.738749815081631400e-01
9.303240365929436040e-01 5.791802654890959579e-01
7.571134021925219892e-01 4.817299521647682714e-01
5.307792461696455577e-01 4.566493141944187317e-01
1.000000000000000000e+00 4.561814382303710502e-01
8.930568023349215734e-01 2.327642801338396517e-01
7.745479986907100045e-01 9.837736321154581798e-02
6.791501275860615250e-01 0.000000000000000000e+00
7.059427252179958368e-01 4.417012422106845193e-01
4.688009064900160450e-01 3.440989257048003291e-01
4.384055433791024803e-01 4.306564311076940821e-01
5.045148640217446134e-01 5.054856196514233568e-01
4.054885612988207155e-01 4.769381790064055049e-01
2.274723383975900404e-01 4.348042532411429129e-01
2.234437051258448825e-01 5.145158517845794810e-01
2.937591039538846038e-01 5.745334886741807479e-01
1.140600061662107451e-01 5.357264548484438338e-01
0.000000000000000000e+00 5.247059416517988462e-01
2.075535131082676885e-02 6.055231514407132254e-01
8.210661334024522973e-02 6.667570398098027207e-01
