6.465150542465493144e-01 1.000000000000000000e+00
1.975819025503936510e-01 8.948611653664533261e-01
0.000000000000000000e+00 6.906869827391416417e-01
6.788404393026596650e-02 5.272720461795941116e-01
2.156219677741072205e-01 4.748461861047600374e-01
4.217861669423337845e-01 4.569109258131598961e-01
4.724461923871453028e-01 2.375945957849343870e-01
5.333804833673827517e-01 9.948415137623463356e-02
5.845892919901666263e-01 0.000000000000000000e+00
7.231524674834337585e-01 4.679826060564281076e-01
5.476593504580096194e-01 4.534294083742163028e-01
4.556797183123109107e-01 5.202248756276066644e-01
4.532898028372255306e-01 5.839191713485835100e-01
9.054449735692695622e-01 5.358835658015174142e-01
6.851330630384850906e-01 5.376492181486034472e-01
6.061103863031401806e-01 5.879162741133081571e-01
6.011909960542234366e-01 6.485618185369440569e-01
1.000000000000000000e+00 6.118301938639122417e-01
8.301548327884518130e-01 6.152405011661706835e-01
7.702279198431413176e-01 6.596035785547142982e-01
7.660021243026161608e-01 7.131340933549333849e-01
