7.048998313271866156e-02 1.000000000000000000e+00
4.739567393356292069e-01 9.349744909155484063e-01
7.689268295420742527e-01 7.368547588721567898e-01
7.363035463549801873e-01 5.179651091987140799e-01
5.386030959335292856e-01 4.126394558780992483e-01
7.791363384100251643e-01 5.023814919942113377e-01
9.227290990481491484e-01 2.703338312968657231e-01
9.711384275890484474e-01 1.212935657549285423e-01
1.000000000000000000e+00 0.000000000000000000e+00
5.250145182755292517e-01 4.737135621688721154e-01
6.168700545834335802e-01 2.708271761962546265e-01
5.427266493470820352e-01 4.026666538842877952e-01
4.556057711259479670e-01 5.675340259685011102e-01
2.670226986923812662e-01 4.689968643726191155e-01
3.217844124398593353e-01 3.398856506363153174e-01
2.613741898571150801e-01 5.146256128613899694e-01
1.949493238726010269e-01 6.735138275130818641e-01
0.000000000000000000e+00 4.902158629221686215e-01
5.572310586439287172e-02 3.493003220410503262e-01
5.778917450026263558e-02 4.679024730457827519e-01
3.694987786160245508e-02 5.954890885170248671e-01
