4.548857768381928124e-01 0.000000000000000000e+00
8.537406252392761852e-01 1.487877490623922827e-01
1.000000000000000000e+00 4.236199593032295430e-01
8.387485351429427860e-01 6.381030223740706830e-01
6.128141737167982495e-01 6.878899586637476915e-01
6.678613930514838426e-01 3.924711345705966248e-01
4.995116494258020068e-01 6.682932428542855963e-01
3.797361115977745949e-01 8.531055871042866334e-01
2.579918577956351045e-01 1.000000000000000000e+00
3.629951476407203836e-01 3.922309268985713637e-01
4.111125386573019624e-01 6.588418996889298107e-01
5.393163091961228339e-01 6.224939765637959033e-01
5.676019689755279485e-01 5.330085788277593162e-01
1.403659449771787193e-01 3.906027839599162665e-01
2.440052793253676133e-01 6.436359624281556835e-01
3.735096742209815801e-01 6.038520305897420171e-01
4.073329154516301953e-01 5.126906215478650441e-01
0.000000000000000000e+00 3.941229024656661695e-01
1.238588390415714391e-01 5.973801531317725066e-01
2.326921055397876692e-01 5.778680418782656814e-01
2.568018033801698352e-01 5.139797278083424459e-01
