8.775095480163972450e-01 1.000000000000000000e+00
3.879380826750343236e-01 9.048261878126017121e-01
1.683346518238698630e-01 7.375776763058362606e-01
0.000000000000000000e+00 5.942959076444893629e-01
3.587130144478804794e-02 4.439882257415736500e-01
8.179692911567767455e-01 4.570445609874983495e-01
7.829695182651944529e-01 2.599457991080732500e-01
6.730145046576151424e-01 1.126967097062049061e-01
6.275261080051932616e-01 0.000000000000000000e+00
9.392745210851239923e-01 4.381837654463920928e-01
3.824236064059714502e-01 2.890499034466403883e-01
2.439494532364842039e-01 4.358395898613894315e-01
3.510017373793959949e-01 5.695339685403039143e-01
9.931749189033691749e-01 4.275563217433347440e-01
3.529586549125443562e-01 3.107775783313586060e-01
2.883037272276496865e-01 4.893240178322367240e-01
4.691047386171368627e-01 6.293144613053169856e-01
1.000000000000000000e+00 4.282186178748939032e-01
4.195501550014951175e-01 3.406490864257872841e-01
3.357126094378687919e-01 4.752926617478397953e-01
4.667702533394400000e-01 6.080957907585125000e-01
