5.748494280061124950e-01 0.000000000000000000e+00
9.091154581847944449e-01 1.310832844985131140e-01
1.000000000000000000e+00 3.550914579836123575e-01
9.127965568503866312e-01 5.376589654031143084e-01
7.734186966911364980e-01 6.502908752407213777e-01
4.266551530572733064e-01 3.676073551441797482e-01
1.551429339356044379e-01 6.445401099689028745e-01
6.782864023834386802e-02 8.503632467075572521e-01
0.000000000000000000e+00 1.000000000000000000e+00
2.052828131540625212e-01 3.585508736429419696e-01
3.556611982083717205e-01 6.456499960055515075e-01
5.630949675369868457e-01 6.084554782744181489e-01
6.221079522360681846e-01 4.973315347564155608e-01
8.901881067991879171e-02 3.500119337249050777e-01
2.620286763786593975e-01 5.913597350663450936e-01
4.476147644830795747e-01 5.525263770054736900e-01
4.901299988408778230e-01 4.656723053723594852e-01
2.934426586314360999e-02 3.466923237617085540e-01
2.011950093969882003e-01 5.369978965879470545e-01
3.413308544653789189e-01 5.149563563087723450e-01
3.714913144293499614e-01 4.444462776454289332e-01
