7.672861581139251985e-01 0.000000000000000000e+00
4.007147035232554444e-01 1.167693007992189475e-01
1.967915690319658184e-01 3.338350350437735425e-01
1.861661698826282130e-01 5.250183503237139115e-01
2.642654659787579408e-01 6.625210672405745793e-01
0.000000000000000000e+00 3.847863568015563729e-01
9.363882924756190829e-02 6.876212591172603528e-01
1.664162314698386103e-01 8.674091124500711292e-01
2.052325194481318948e-01 1.000000000000000000e+00
2.535589234905879508e-01 3.472760904189930997e-01
4.598054427916110631e-01 6.764071847752887168e-01
5.728786854545603324e-01 6.460592234428057523e-01
5.739385108621158915e-01 5.552783459053836079e-01
5.669020991022861722e-01 3.004792017787342728e-01
7.417260063817192606e-01 6.016066777362470974e-01
7.858034766709982577e-01 5.385552772324149196e-01
7.296487836088120238e-01 4.367039656296655137e-01
8.836562137700829656e-01 2.485904323550057193e-01
9.965826395285980466e-01 4.955255497079982252e-01
1.000000000000000000e+00 4.492486611390028028e-01
9.493586757407102006e-01 3.564489139458896783e-01
