9.360162033004604254e-01 1.000000000000000000e+00
1.000000000000000000e+00 7.714332612497237784e-01
8.724414758038167017e-01 5.772869803949395306e-01
5.782851853681493237e-01 4.897308284884570040e-01
2.722498546157652854e-01 4.901990371088815746e-01
9.390365553599765436e-01 4.369339659136715071e-01
7.119268806133264293e-01 2.403454057349714013e-01
5.627600557790124469e-01 1.076562795880846995e-01
4.539376810802893680e-01 0.000000000000000000e+00
8.056141281409278099e-01 4.529748844403845287e-01
1.897162429073726841e-01 3.920818313539906619e-01
1.690521814568583525e-01 5.044014602523511082e-01
3.023043076200405688e-01 5.551731709336202858e-01
6.324495878541113170e-01 5.120471103933622592e-01
4.563938296417437840e-02 5.012231700858291727e-01
8.023129743404408543e-02 6.012062285140189477e-01
2.340569178195571476e-01 6.291183586081922074e-01
4.398620604781082744e-01 5.931322658005804271e-01
0.000000000000000000e+00 6.115370251711290672e-01
5.481267317190700178e-02 6.951941933011970276e-01
1.961673162373606671e-01 7.261307288053313602e-01
