8.085560321703748610e-01 1.000000000000000000e+00
4.205490932855334707e-01 9.875497551390723938e-01
1.005658102356054573e-01 8.137050975226396421e-01
0.000000000000000000e+00 5.972356789179031900e-01
1.630455987076627200e-01 4.505120186119241921e-01
4.297400394213894415e-01 5.144756558290249915e-01
3.480513273393413543e-01 2.877027886348150765e-01
2.374628501799623259e-01 1.325891485206028564e-01
1.706008648095445612e-01 0.000000000000000000e+00
6.007886528824358807e-01 4.705801997466677600e-01
3.454254231196620117e-01 2.977423800467498549e-01
3.557679105087940274e-01 5.031164118064259672e-01
4.925040085415511304e-01 6.834572001287930743e-01
7.834554716123228735e-01 4.283362805636091730e-01
5.066987850198719778e-01 2.911200966388372557e-01
5.335712072294056529e-01 5.267264033938010570e-01
6.990108637666109237e-01 7.163168618488559014e-01
1.000000000000000000e+00 3.880554294436005525e-01
7.006694283148219293e-01 2.454352158201355827e-01
6.562535874289735505e-01 3.870375898379597723e-01
7.662001727218090696e-01 5.351788177878243902e-01
