6.717998167201350013e-01 1.000000000000000000e+00
3.265036480013063236e-01 8.820422678875977640e-01
5.772471139051984362e-02 7.021285550898540562e-01
0.000000000000000000e+00 5.335003373580079478e-01
2.391439056629536819e-01 5.241676963494470431e-01
3.639028757483576126e-01 4.650878483688493104e-01
3.504682645705380906e-01 2.416839425748383008e-01
3.407060075536079702e-01 1.143973274202269574e-01
3.495482052790794825e-01 0.000000000000000000e+00
5.906245732971653339e-01 4.856393073831798413e-01
4.001058574949781232e-01 3.838648815682272897e-01
3.452499968327212287e-01 5.721559603279008366e-01
3.905553154680041494e-01 7.035228679768440463e-01
7.989338235811647149e-01 5.246226250189508500e-01
5.743106945631196725e-01 4.494034926324532719e-01
5.184790305030061441e-01 6.314513008361583024e-01
5.688818379789101209e-01 7.493786471063443866e-01
1.000000000000000000e+00 5.893631514005188698e-01
7.803485132793441803e-01 5.023624723896843447e-01
6.970752643973935347e-01 6.161563777842772316e-01
7.321109983403458754e-01 6.995208485530970410e-01
