6.648262431172412557e-01 1.000000000000000000e+00
3.362091727672263941e-01 8.646848938387990957e-01
9.508829741305192818e-02 6.945117228081186811e-01
0.000000000000000000e+00 5.333030073573454821e-01
1.913308149487564225e-01 5.056847077969779392e-01
4.291760471328813775e-01 4.393974201041660477e-01
3.971554627354021982e-01 2.340812533307136678e-01
3.655430192136012169e-01 1.112979981378430794e-01
3.586913116300538551e-01 0.000000000000000000e+00
6.494112511024209278e-01 4.535344251264258331e-01
4.001232949247000015e-01 3.602378205635328734e-01
3.137031593684957986e-01 5.418519115797123531e-01
3.524060558328759862e-01 6.701042747020505841e-01
8.392752031964593185e-01 4.942104263400444730e-01
5.405234719373305241e-01 4.419203949650475916e-01
4.631679860663661108e-01 6.188662707047594136e-01
5.097003092036620497e-01 7.377333020945353592e-01
1.000000000000000000e+00 5.688914385118740702e-01
7.171546782863653657e-01 5.135329124499360409e-01
6.233246257595441708e-01 6.278794101257173521e-01
6.577903605424407774e-01 7.145345824795549250e-01
