5.113620401386729242e-01 0.000000000000000000e+00
8.606361923082175291e-01 1.484316980302875510e-01
1.000000000000000000e+00 3.954184634822973665e-01
9.499856605790785169e-01 5.944754041183247795e-01
8.190274848655704210e-01 6.807730837579959449e-01
4.903811262005606797e-01 3.442171860999154731e-01
2.714281673049497301e-01 6.399669926631359473e-01
1.561558060998140818e-01 8.440716874372593548e-01
4.439660302044781681e-02 1.000000000000000000e+00
2.351601625524559480e-01 3.391878298336780673e-01
3.114975818078595804e-01 6.727074308227062316e-01
5.048395545610088186e-01 6.616842552049134740e-01
5.708764897877960376e-01 5.793839666951876577e-01
8.006688803350937855e-02 3.537737144681382673e-01
2.313487542262272767e-01 6.472258600486844315e-01
4.165448141045275388e-01 6.018469908596263407e-01
4.702169251989472554e-01 5.128147655618787715e-01
0.000000000000000000e+00 3.853955101937166505e-01
1.893462004436441137e-01 6.035547538805258183e-01
3.272209519424550406e-01 5.725419018009703098e-01
3.612565917440052621e-01 4.981923443086572201e-01
