9.705013479252827535e-01 1.000000000000000000e+00
6.093994805114087976e-01 9.174841278938212774e-01
3.753049341057467236e-01 7.188208036703745973e-01
4.087321215385770756e-01 5.120373041311925277e-01
5.262469927411439485e-01 3.906155681967384830e-01
1.986930563072803468e-01 4.898844075645650276e-01
7.192689868418666865e-02 2.575997500092926940e-01
2.478123729441225956e-02 1.188967421637283639e-01
0.000000000000000000e+00 0.000000000000000000e+00
4.670994875035284211e-01 4.668870432931385706e-01
4.249069012220671460e-01 2.825906940648265642e-01
5.276978575627542245e-01 4.305510466240866640e-01
6.202819378012114360e-01 5.821055102683739824e-01
7.385727400562994704e-01 4.632994335494369786e-01
7.303026163475756505e-01 3.447777198467436022e-01
8.042154712300174646e-01 5.243166418932584394e-01
8.570296051524152192e-01 6.663152644568984817e-01
9.929554394806150430e-01 4.919030740461790008e-01
9.665841423906316177e-01 3.605142165254768272e-01
9.814877158816933678e-01 4.955278545022424597e-01
1.000000000000000000e+00 6.233251449410448508e-01
