9.675919546904881985e-02 1.000000000000000000e+00
3.672784354915852867e-01 9.101670750717313352e-01
5.102041626058019252e-01 7.277929652396248894e-01
4.157004153083359577e-01 5.343037019681841082e-01
3.445959057826473715e-01 3.985158009813413726e-01
8.627653749569866859e-01 5.008954331634506429e-01
9.509745714720613252e-01 2.663899795430210160e-01
9.896425405010391696e-01 1.188024775024947299e-01
1.000000000000000000e+00 0.000000000000000000e+00
5.838212983850081805e-01 4.781400233515658016e-01
5.161293580503232281e-01 3.064964211904142033e-01
3.949609688075088609e-01 4.360328540850924584e-01
3.230560691502446513e-01 5.771714685178831461e-01
3.124785835222792518e-01 4.823463931514465619e-01
2.471380371793660269e-01 3.786636722458291415e-01
1.616589681568086634e-01 5.311974550420899277e-01
1.534299909320379074e-01 6.446300317804947166e-01
7.453619574101554013e-02 5.232741419558742946e-01
3.588229395635114671e-02 4.058555497743766005e-01
0.000000000000000000e+00 5.270330575006449969e-01
2.193227667888953888e-02 6.277928603089787396e-01
