8.201734947055436820e-01 0.000000000000000000e+00
3.784398417772512069e-01 6.953501767427426594e-02
1.250016883333495699e-01 3.026271900800504011e-01
1.016741042331464340e-01 5.214279680492608371e-01
2.070659970291615082e-01 6.684055535833822725e-01
6.644117862315551681e-02 3.319559453624904011e-01
1.541236324892504214e-02 6.594910891084054816e-01
0.000000000000000000e+00 8.454614336897622318e-01
2.092433973601691075e-02 1.000000000000000000e+00
3.898799885538851706e-01 3.697551071136816470e-01
3.204035792038793518e-01 7.003816857207533220e-01
3.215861978198983340e-01 6.182559647326069108e-01
3.590744226763742941e-01 4.983858236267952879e-01
7.070042747029868790e-01 3.895965886136891765e-01
5.958280733242388161e-01 6.668823580603036039e-01
5.939393387324402029e-01 5.793821315651997983e-01
6.283778838696788549e-01 4.829837737631644812e-01
1.000000000000000000e+00 4.002902199797009342e-01
8.609542051750637137e-01 6.295663007951955992e-01
8.440275247022800409e-01 5.526541780881873978e-01
8.808570639710291417e-01 4.700739356580365680e-01
