1.284976593945970635e-01 7.757774522169845755e-01
4.679611497356566674e-01 8.351439935184503671e-01
7.833113572987773221e-01 9.003245953634823051e-01
8.726306890590892484e-01 1.000000000000000000e+00
6.579063253126065103e-01 9.887651796236281987e-01
8.112408993981300442e-01 1.501997288613095560e-01
9.016721764475792433e-01 1.783628793179642125e-01
9.861601453572735876e-01 3.127759146902850396e-01
1.000000000000000000e+00 4.835803426751122958e-01
5.495366106014913932e-01 0.000000000000000000e+00
5.882881405120310436e-01 6.327523684355895739e-01
5.985148827173735198e-01 8.342077824629888783e-01
5.707342308808499576e-01 7.829100915150621898e-01
2.580668870579031493e-01 5.628314428813434300e-02
2.990107629995079064e-01 7.200648385136627638e-01
3.735303395455061848e-01 8.256351504382410944e-01
3.926630537645262597e-01 7.332713412388598417e-01
0.000000000000000000e+00 1.996951991419312067e-01
5.390174504435163438e-02 6.952845920490535736e-01
1.454150000630891060e-01 7.993717546217868897e-01
1.834766507261554880e-01 7.538343222913751474e-01
