1.417080293882682640e-01 1.000000000000000000e+00
5.523822308367274392e-01 9.636397066441861892e-01
9.177639247220293894e-01 7.626228222718596239e-01
9.622257946226279168e-01 5.202771664462364498e-01
7.119615752321332147e-01 4.001456122110327862e-01
7.538912607881399497e-01 4.949025858584130688e-01
8.731249263328837440e-01 2.806057823210921787e-01
9.503293738622523579e-01 1.276323757091071265e-01
1.000000000000000000e+00 0.000000000000000000e+00
5.267925664968503563e-01 4.518854758480094214e-01
6.983816153070445676e-01 2.697030392396457255e-01
6.261508440614481641e-01 4.692561541469877362e-01
5.067567479078538550e-01 6.484886031391321470e-01
2.823706405437615419e-01 4.338625522034742499e-01
4.458995246015427516e-01 2.875626548589317877e-01
3.860124153646685707e-01 5.123818072557443370e-01
2.625594248071558834e-01 6.888949227156694333e-01
0.000000000000000000e+00 4.425282384737919128e-01
1.660810403761279197e-01 2.828463750058793913e-01
1.856647065756905080e-01 4.259502537112694331e-01
1.170236520554762544e-01 5.678545667206202907e-01
