6.735256553710872174e-01 0.000000000000000000e+00
3.213011958739844243e-01 1.094270662504539665e-01
1.430830262574436240e-01 3.437415455403539655e-01
1.518569919388948197e-01 5.475175424123013279e-01
2.310434291660915240e-01 6.920606069107964053e-01
3.755228542746595621e-02 3.503982321871006445e-01
6.544651430022519617e-03 6.643899885392319238e-01
0.000000000000000000e+00 8.511207927547104202e-01
2.194459604986206264e-03 1.000000000000000000e+00
3.472883776628188923e-01 3.421347667866184161e-01
4.094314460279949164e-01 6.728598680063317961e-01
4.527148311776472145e-01 5.931486339374563155e-01
4.526169062185945169e-01 4.777022707551348280e-01
6.786033687845659523e-01 3.193916997496978882e-01
7.119000678559108675e-01 6.198520899591246636e-01
7.171487350114646997e-01 5.407105542607358872e-01
7.092558173373096908e-01 4.335776456460548878e-01
1.000000000000000000e+00 2.899277060895267266e-01
9.865012933563447328e-01 5.574504678607509200e-01
9.613572620624047937e-01 4.955587575342804141e-01
9.638626472435921633e-01 3.930667140506077240e-01
