1.000000000000000000e+00 1.000000000000000000e+00
9.292343383493270048e-01 7.467895728815876488e-01
6.862629527260857287e-01 5.350172019669154899e-01
3.721219926411063472e-01 4.535274990026499364e-01
1.259662791092385214e-01 4.606072357468090628e-01
7.153930212232523234e-01 3.936673285950847978e-01
4.027727345823085559e-01 2.218868005827347445e-01
2.378374412089130918e-01 1.060686429427361299e-01
1.270789251804664011e-01 0.000000000000000000e+00
6.382237299805141317e-01 4.679028607045563337e-01
5.442879425168294094e-03 4.100552201339160430e-01
3.483799427458733611e-02 5.312588452134997530e-01
1.842418457101064888e-01 5.760545351754406962e-01
5.429078499323326534e-01 5.867443448208744528e-01
0.000000000000000000e+00 5.782120800821950457e-01
7.828536611541825341e-02 6.668217852454595418e-01
2.327326416069283865e-01 6.809656577272898970e-01
4.383568360528872221e-01 7.215260458803313126e-01
2.151092879030856025e-02 7.188166710869517972e-01
9.624234220055677413e-02 7.832136141811663066e-01
2.300454899088658911e-01 8.059994041901331618e-01
