4.604111023163217631e-01 1.000000000000000000e+00
3.589614435494452999e-02 8.281682477038357915e-01
0.000000000000000000e+00 6.048348925178809177e-01
2.353316317532342106e-01 4.932041406347312251e-01
4.714327487855430321e-01 4.724951978864144198e-01
3.409514668720978747e-01 4.160264067078807138e-01
5.155842373859440553e-01 2.018779705907419175e-01
6.771745586967533592e-01 7.946275329919953723e-02
8.131648120007957115e-01 0.000000000000000000e+00
6.418459604403791152e-01 4.425449563056831903e-01
6.529790702825949422e-01 4.335940788136649071e-01
5.724213865761414999e-01 4.992004562827379588e-01
5.203170215857992886e-01 5.532004693943108897e-01
8.604157583812696020e-01 5.174849380805968124e-01
7.801774736755964224e-01 5.262546136347246994e-01
7.050822007102615085e-01 5.788012088870241323e-01
6.539363854544530952e-01 6.331063283006745923e-01
1.000000000000000000e+00 5.973262880481456927e-01
9.160333360140979764e-01 6.090471164373234547e-01
8.549074924550583710e-01 6.570965732904148204e-01
8.153958431216516978e-01 7.085332738942027309e-01
