8.637066262958190688e-01 1.000000000000000000e+00
1.000000000000000000e+00 7.372412599080439000e-01
9.139023901043799025e-01 5.432065410891483426e-01
7.024375456209811519e-01 4.637534190343348683e-01
4.707462470589636183e-01 4.570026151511216717e-01
9.608640900028116993e-01 4.264510039639156647e-01
8.041050411355857852e-01 2.237093538077465915e-01
6.816575493393486340e-01 9.962566897185326509e-02
6.045155269320628966e-01 0.000000000000000000e+00
7.594762047373467828e-01 3.958687453836928216e-01
4.044724817905313574e-01 3.872413995317022239e-01
3.872969208070140001e-01 4.955874735238637863e-01
4.874257814753859552e-01 5.600626072484226059e-01
5.213805217987007579e-01 4.227959358345515506e-01
2.076902434981229562e-01 4.597078235324506545e-01
2.119460342144765252e-01 5.714493354611979159e-01
3.179187765654922782e-01 6.272630551611186878e-01
2.579578102661746475e-01 4.727601223661742069e-01
0.000000000000000000e+00 5.289092180935506260e-01
1.797949769067394912e-02 6.323231561648732235e-01
1.044020526121531983e-01 6.903947300446376945e-01
