8.284488999034057555e-01 1.000000000000000000e+00
3.696456548827473099e-01 8.617978385069505753e-01
1.211882354863982880e-01 6.732212089245210862e-01
0.000000000000000000e+00 5.281191553437618591e-01
4.298475201096652043e-02 4.571112949480410359e-01
9.202115763730751574e-01 4.681495265634909586e-01
7.679638101539197903e-01 2.376591184601991313e-01
6.878410615975063536e-01 1.030943169932034970e-01
6.599292745542110206e-01 0.000000000000000000e+00
1.000000000000000000e+00 4.966333831560302836e-01
4.318468493909638495e-01 3.805133201460992320e-01
2.519109379903802792e-01 4.684628131100962434e-01
3.104347651584598577e-01 5.465726535493246052e-01
9.824531133078079348e-01 5.282130018213023748e-01
4.611220035662704775e-01 4.226132851684792358e-01
2.978375838734563796e-01 5.074446982291750396e-01
3.602638684332097885e-01 5.616596186027821291e-01
9.359039527509500633e-01 5.644597252150588274e-01
5.223971842227597140e-01 4.878724071772134740e-01
3.667263113926391704e-01 5.376163965530333932e-01
4.065641472510980736e-01 5.920617485272603453e-01
