1.194950264789407940e-01 1.000000000000000000e+00
6.051417456384404758e-01 9.763277394212042104e-01
8.663572748771176668e-01 7.951409698413735017e-01
1.000000000000000000e+00 6.208815851835580713e-01
8.821975964293496952e-01 4.893978621898903980e-01
4.392310326498657380e-01 5.070855866871764039e-01
4.775654824840048218e-01 2.841256924718600363e-01
5.984547321378127505e-01 1.285097917630674547e-01
6.619384683146295467e-01 0.000000000000000000e+00
3.140507302607077333e-01 4.553916864270743936e-01
7.086908345853131230e-01 3.032073887615187591e-01
7.264804397129920321e-01 4.923499015144895408e-01
5.683338848578277647e-01 6.690944852791901321e-01
1.704263726330086937e-01 4.104577073635951590e-01
6.345140569565302924e-01 2.965022908850523109e-01
6.223089544133297846e-01 5.239823959138102394e-01
4.212910746425948538e-01 7.051433442711781963e-01
0.000000000000000000e+00 3.703281596709552814e-01
4.930612837876011678e-01 2.871752162667713937e-01
5.639914077480159271e-01 4.441448600517808876e-01
4.330513448165729251e-01 5.939128152036854402e-01
