3.238423135395084307e-01 1.000000000000000000e+00
7.467521826533211060e-01 8.843034482111643557e-01
9.916860959723874380e-01 7.065401828284608721e-01
1.000000000000000000e+00 5.532711681173909657e-01
8.487686119768892423e-01 5.016621205274310880e-01
5.931484453040030136e-01 4.723206801523204268e-01
6.258031996564650257e-01 2.350189281217489046e-01
6.271363447810748282e-01 1.030362282896399723e-01
6.310257213180451297e-01 0.000000000000000000e+00
3.203937131796403825e-01 4.705753549895650423e-01
5.412293382786798057e-01 4.287147351731311895e-01
6.215479518510165224e-01 5.037131867460612478e-01
6.281298488759666787e-01 5.753273790582514868e-01
1.405786661085304534e-01 5.258981756490894721e-01
3.511796306241553034e-01 4.967228247318076217e-01
4.138050017009092807e-01 5.579918185484399329e-01
4.149020746766785006e-01 6.246265252539660029e-01
0.000000000000000000e+00 5.868061007919951333e-01
1.643822021610471806e-01 5.544421094555112006e-01
2.337541528957913228e-01 6.060581929275100643e-01
2.490109577498457183e-01 6.681302367350436811e-01
