1.076731373776858569e-01 9.407679320888473473e-01
4.382774499199858509e-01 9.568245888229967022e-01
7.423885336217638242e-01 9.427078768757364280e-01
8.771425137731898580e-01 1.000000000000000000e+00
7.094024554545627081e-01 9.981744739174043257e-01
7.516031297241566600e-01 1.491709512819763828e-01
8.057262313642890028e-01 1.044454101058494705e-01
9.114043909751607941e-01 1.518829180177811433e-01
1.000000000000000000e+00 2.495535844702170547e-01
5.101621156631688248e-01 0.000000000000000000e+00
6.125631732417440301e-01 6.601238034724860038e-01
5.755229384491798994e-01 8.641996046468600756e-01
5.190092158611485651e-01 8.331437512780812682e-01
2.449474057066231558e-01 7.471784834409356257e-02
3.459983427895532704e-01 7.567339667747557952e-01
3.547815581573338095e-01 8.581192851508866459e-01
3.447402544007792669e-01 7.560313263805712447e-01
0.000000000000000000e+00 2.319699249218544479e-01
1.060763328842419528e-01 7.490816073150068366e-01
1.394080849098970898e-01 8.394203475407281401e-01
1.471144297488250763e-01 7.587995895533288238e-01
