2.509384273429995926e-01 1.000000000000000000e+00
0.000000000000000000e+00 7.791161385505006587e-01
5.181391632492686472e-02 5.667749949799183451e-01
2.819115187932101363e-01 4.369406697392158034e-01
5.344253819885961265e-01 3.993368398391536345e-01
9.634784298206210129e-02 4.500853749002350912e-01
3.433032491858302726e-01 2.258324957594049776e-01
5.202831717921674315e-01 9.988434375267257748e-02
6.473928682910775612e-01 0.000000000000000000e+00
3.705388224068849046e-01 4.784770533340446663e-01
6.448182883100325169e-01 3.573267321158417609e-01
6.085584121835714289e-01 4.376328914142260662e-01
4.960815551630353704e-01 5.102878832520691965e-01
6.494698530333730124e-01 5.422353076485669776e-01
8.349695173495625955e-01 4.471773468178044109e-01
7.911453652100537415e-01 5.128985938141333856e-01
6.978083217202675215e-01 5.766600652704449992e-01
8.883669650982971566e-01 6.202475108035642171e-01
1.000000000000000000e+00 5.397180282459687062e-01
9.490063721560539900e-01 5.984414556601453938e-01
8.815928545097793112e-01 6.577382045507006447e-01
