1.917624485202307216e-02 1.000000000000000000e+00
4.559116858953069507e-01 8.500528261171067523e-01
7.112599645813274529e-01 6.634910508048282862e-01
9.289448605968746442e-01 5.411642239036014157e-01
1.000000000000000000e+00 4.774889519498932700e-01
9.584180447986092102e-03 4.384796256689562632e-01
1.373885282526492446e-01 2.299671950733736259e-01
2.248844261317665405e-01 9.901504720581665031e-02
2.806767193676278915e-01 0.000000000000000000e+00
0.000000000000000000e+00 4.822322849678230550e-01
5.017854696718992979e-01 3.780634253140624512e-01
6.794053329049717371e-01 4.648301947495335207e-01
6.516685900234449047e-01 5.456218517772899457e-01
6.204180664794883837e-02 5.330714278551190732e-01
5.499522527911667735e-01 4.428386757170888477e-01
6.891548300563998808e-01 5.335446014177879226e-01
6.188338840605133173e-01 5.876754932592209713e-01
1.272716880239751214e-01 5.889375623061317011e-01
5.419865006962518716e-01 5.336527982560798078e-01
6.671704186085014587e-01 5.929394809239627584e-01
5.972096708546897892e-01 6.476125849159281023e-01
