3.460365529762003400e-01 0.000000000000000000e+00
7.410343928022531390e-01 7.412840702348702515e-02
9.839595280196988814e-01 3.287500067260296643e-01
9.441834070310710647e-01 5.850069000550137677e-01
8.422102120747821941e-01 7.488130686176943662e-01
9.945712349820693410e-01 2.635408258420120498e-01
1.000000000000000000e+00 6.155878239996589452e-01
9.834779154675536983e-01 8.291429090245063804e-01
9.260860481093166063e-01 1.000000000000000000e+00
6.268458863441593865e-01 2.902722131470960032e-01
6.946803650812013453e-01 6.973495084072646177e-01
7.280668567934519553e-01 6.209497126606082773e-01
7.020580083432291785e-01 4.804910062937247095e-01
2.939241271362703634e-01 3.162024707244026067e-01
4.460089310798272533e-01 6.988746654268522818e-01
4.936814912046688097e-01 6.139257624780450895e-01
4.630273834509427977e-01 4.869733322971274703e-01
0.000000000000000000e+00 3.421498924482318515e-01
1.697524889217308652e-01 6.574406881678479531e-01
2.284985964771458211e-01 5.911272805242039352e-01
1.957911430507322248e-01 4.869599824053875703e-01
