4.251505719938875050e-01 0.000000000000000000e+00
9.088454181520555508e-02 1.310832844985131140e-01
0.000000000000000000e+00 3.550914579836123575e-01
8.720344314961331333e-02 5.376589654031143084e-01
2.265813033088635298e-01 6.502908752407213777e-01
5.733448469427266936e-01 3.676073551441797482e-01
8.448570660643955899e-01 6.445401099689028745e-01
9.321713597616561042e-01 8.503632467075572521e-01
1.000000000000000000e+00 1.000000000000000000e+00
7.947171868459375066e-01 3.585508736429419696e-01
6.443388017916282795e-01 6.456499960055515075e-01
4.369050324630130988e-01 6.084554782744181489e-01
3.778920477639318709e-01 4.973315347564155608e-01
9.109811893200812083e-01 3.500119337249050777e-01
7.379713236213406580e-01 5.913597350663450936e-01
5.523852355169204253e-01 5.525263770054736900e-01
5.098700011591221770e-01 4.656723053723594852e-01
9.706557341368563518e-01 3.466923237617085540e-01
7.988049906030117997e-01 5.369978965879470545e-01
6.586691455346210811e-01 5.149563563087723450e-01
6.285086855706499831e-01 4.444462776454289332e-01
