6.683128999463761044e-01 1.000000000000000000e+00
2.073512557169341908e-01 8.828470606251792585e-01
0.000000000000000000e+00 6.740000912548007594e-01
4.145805702987289537e-02 5.373264913210915594e-01
2.093068426420937045e-01 4.975535584389974564e-01
4.745137156939918111e-01 4.198188906877622362e-01
5.906303585119693222e-01 2.119556638026295070e-01
6.798840569597609518e-01 8.558625178248421839e-02
7.499820946132377264e-01 0.000000000000000000e+00
7.491954317194220447e-01 4.295329380007541498e-01
5.915528842936295106e-01 4.519670654081895389e-01
4.901205036722396935e-01 5.265029639454380517e-01
4.615882908331296886e-01 5.931787560921757407e-01
9.186137691501675695e-01 4.898349232122319319e-01
6.985078397079584889e-01 5.305361376877606450e-01
6.152963496661211229e-01 5.880083062846761521e-01
5.877093064233122055e-01 6.476913059873113943e-01
1.000000000000000000e+00 5.606174436173823050e-01
8.139560706641330023e-01 6.057869966104610926e-01
7.572643454017038422e-01 6.594023387451626306e-01
7.453788586947132089e-01 7.143568713029350148e-01
