7.162478780761777353e-01 2.176738936528346824e-01
3.257385540692737114e-01 2.434200440511042618e-01
7.558631539700257085e-02 3.864877610822694542e-01
3.770832523816119997e-02 6.839441380415978156e-01
8.761235480968905531e-02 9.288009953282142517e-01
1.295009033470558291e-01 0.000000000000000000e+00
2.292107822650326157e-02 4.993929191365952258e-01
8.553544261632800225e-03 8.017941854646160049e-01
0.000000000000000000e+00 1.000000000000000000e+00
4.266452825588317732e-01 1.346574117921147881e-02
3.815959833313113947e-01 6.712056666854320230e-01
4.321694774587398480e-01 6.217261900703660027e-01
4.489962629224901192e-01 4.742798548304371642e-01
7.372133604599461210e-01 9.549606970414231677e-02
6.384849871757642958e-01 7.351734646152598973e-01
6.499349963857219414e-01 6.170485604304050131e-01
6.366352835999573578e-01 4.304258838320136338e-01
1.000000000000000000e+00 2.018091457759619289e-01
9.113477060086594417e-01 6.879347231748274005e-01
8.603509394305132174e-01 6.011442690222403851e-01
8.261296435761212864e-01 4.220496678440769367e-01
