3.590374785176045358e-01 1.000000000000000000e+00
7.911685321464768661e-01 8.705177598286127916e-01
1.000000000000000000e+00 6.881245153736142983e-01
9.560092870048032543e-01 5.354461958203450278e-01
7.936219318732649075e-01 4.769019403420781678e-01
6.472736636848367420e-01 4.990948657951951306e-01
6.592231084475388414e-01 2.507476940272674315e-01
6.656204556471158051e-01 1.099284797696045285e-01
6.572836337196492629e-01 0.000000000000000000e+00
3.621810690521305998e-01 4.883730242031840141e-01
5.089248336491428715e-01 3.861774250965942512e-01
5.908664015335125530e-01 4.481793850639722576e-01
6.092740602829066487e-01 5.247902345874662089e-01
1.633821552901775775e-01 5.288049858084951094e-01
3.399360485612303306e-01 4.786036182731828736e-01
4.084995923853170785e-01 5.288944635085808255e-01
4.161693583924558348e-01 5.951802484490353873e-01
0.000000000000000000e+00 5.837105526668091571e-01
1.522526219539064862e-01 5.541662546919735588e-01
2.198808553298373936e-01 5.983806244689263698e-01
2.340595117437095085e-01 6.531326484480958205e-01
