1.628019087756097105e-01 1.000000000000000000e+00
0.000000000000000000e+00 6.341795805241969841e-01
1.157039439202498798e-01 3.329988872122282006e-01
3.486657608347929482e-01 2.156584890759327133e-01
5.189769514274424900e-01 1.916560774363946507e-01
4.973002884890844744e-01 3.002608492117062600e-01
7.496932175686118471e-01 1.106089468011768606e-01
8.909341515242757970e-01 4.339692500323266700e-02
1.000000000000000000e+00 0.000000000000000000e+00
6.416754042098462563e-01 4.472750146232227775e-01
6.987342466340110692e-01 2.679850004276344566e-01
5.921015569322645167e-01 2.704111811014018874e-01
4.966458541217221856e-01 3.252439275513712702e-01
7.024361619644103882e-01 6.009898291791809788e-01
6.613163740993366346e-01 4.521036098134841308e-01
5.565024165237104636e-01 4.645784970375954059e-01
4.700383180984529230e-01 5.250749376646529631e-01
7.263898177742389439e-01 7.270661663890560789e-01
6.683635824249117841e-01 6.264696514771214142e-01
5.780122587621998598e-01 6.499401389913673777e-01
5.073071279288614566e-01 7.022422587606043098e-01
