6.266166322179241854e-01 1.000000000000000000e+00
9.434002665997579529e-01 8.021360977240306056e-01
1.000000000000000000e+00 5.822591371721924647e-01
8.539741099106947786e-01 4.313122862039112104e-01
6.701419168320996711e-01 3.808868997805419654e-01
6.663115544814558477e-01 5.630250656956358180e-01
5.103298552226555040e-01 3.315242810585216637e-01
5.912210601276987054e-01 4.046866980423127202e-01
6.224285695994001832e-01 5.102100858362538238e-01
3.789831613892936657e-01 6.127708584500309863e-01
2.449795963735240667e-01 3.167807773341438926e-01
1.678499653060707419e-01 1.294216412266165073e-01
6.104224540962674417e-02 0.000000000000000000e+00
1.558126565960283594e-01 6.739850974289812724e-01
1.059220507640156322e-01 4.528544673401323495e-01
2.203394147827467953e-01 4.678131177495382653e-01
3.042115460633764146e-01 5.298143656213939456e-01
1.107971812238143844e-03 7.340568769408397642e-01
0.000000000000000000e+00 5.302691146655934551e-01
1.023276125809150366e-01 5.368524345676315424e-01
1.525966233421627849e-01 5.978941134665275436e-01
