0.000000000000000000e+00 1.000000000000000000e+00
6.119202306779109729e-03 6.984108896660907728e-01
1.140159824496982804e-01 4.131601132090295114e-01
2.906185447368677677e-01 2.981785293176842933e-01
4.139624633811349597e-01 4.178902503431001780e-01
5.671833026290624691e-01 4.499976305666874010e-01
6.082870559896706997e-01 2.690351231076489880e-01
4.327771696643651911e-01 3.414354962310421904e-01
3.199543696011690752e-01 4.541980746483729736e-01
6.897911382497203814e-01 5.743802528933587004e-01
8.200680720132147439e-01 3.168223841612112790e-01
9.020981861000578750e-01 1.430305301482329983e-01
1.000000000000000000e+00 0.000000000000000000e+00
7.528547018146711789e-01 7.384391919234747359e-01
6.801897619142593943e-01 5.015480817254961421e-01
4.304029765327139212e-01 5.841021001285106040e-01
2.779834169219799200e-01 6.832809667786743368e-01
7.366494267217178482e-01 9.155147375634369311e-01
5.984041652561823410e-01 7.170252824769806077e-01
3.864216543381597813e-01 7.377634357780689101e-01
2.566447219605453300e-01 7.950942130332550040e-01
