1.775831988129596140e-01 1.000000000000000000e+00
6.205427147180517800e-01 8.914172339645280996e-01
8.959730645448596986e-01 7.126829130763289166e-01
1.000000000000000000e+00 5.738141363550055551e-01
9.874130770724059980e-01 4.723298735464797615e-01
6.341184277683277193e-01 5.093933450546990205e-01
7.820972995323397514e-01 3.379007181669074766e-01
8.020004694753352092e-01 4.193525210317132768e-01
7.722736973520790693e-01 5.129552281760638710e-01
4.640591403555890948e-01 4.866215657835288866e-01
6.279352591666904626e-01 2.316658968183656908e-01
7.529812145259237033e-01 1.082679888588079370e-01
8.262947412917094336e-01 0.000000000000000000e+00
2.457075771657780128e-01 5.003427180721206069e-01
5.062765406620709507e-01 3.419609900636516597e-01
5.812661497515564379e-01 4.891634293796141009e-01
5.727266825968323483e-01 6.161285762198828175e-01
0.000000000000000000e+00 5.435849169286357530e-01
3.066298470021107669e-01 4.299462130183553943e-01
4.241288171405875329e-01 5.394949357253300271e-01
4.350633468668981818e-01 6.485121245802171197e-01
