8.900946537686038607e-01 6.949762473859498746e-01
9.875520406199185253e-01 6.117473450350825459e-01
1.000000000000000000e+00 4.780706847968619333e-01
9.013026020193446453e-01 5.444191094344980053e-01
7.764062016712963699e-01 5.573450863004298927e-01
7.214379157870567383e-01 0.000000000000000000e+00
6.008063645412121678e-01 1.328831396163919834e-02
6.375926881909523836e-01 2.408094482077713927e-01
7.008545388648413921e-01 4.104908857688829849e-01
5.695359310391003849e-01 2.114741986090876991e-01
3.398042174359981460e-01 1.343764401321327351e-01
1.718763860215853922e-01 8.743198883877868754e-02
0.000000000000000000e+00 7.332859507900485289e-03
5.000782191936385956e-01 4.640793749315853534e-01
4.205070064046528278e-01 6.633085569561874006e-01
5.931467869000016657e-01 7.970383409106095440e-01
7.076398014677245385e-01 8.006305046622016475e-01
4.730055231916413527e-01 7.300124102241951629e-01
4.393147221882607867e-01 8.803589590943812215e-01
5.682760349906222919e-01 1.000000000000000000e+00
6.597710531192990668e-01 9.763158750458728052e-01
