2.206782636890032290e-01 0.000000000000000000e+00
0.000000000000000000e+00 1.298959907122981539e-01
4.139608817162858943e-05 3.578744483882638772e-01
1.272474966072540958e-01 5.440016668218080609e-01
2.562383191148986383e-01 5.339530001739548615e-01
3.140535640910346871e-01 1.083862393414032066e-01
5.114682458356656358e-01 4.102856889335920743e-01
4.407227389935856610e-01 5.035913467350187078e-01
3.788514930630964006e-01 5.150395147122437400e-01
5.245944763751708706e-01 1.247031078954029953e-01
7.518451337674824098e-01 5.372779390265013388e-01
8.847899964211756174e-01 8.030923531881968280e-01
1.000000000000000000e+00 1.000000000000000000e+00
6.694141026072398803e-01 1.579076388090367156e-01
6.363480085524726437e-01 5.626994987881425159e-01
4.264639277954340169e-01 5.250535027055668325e-01
3.029461575559586617e-01 4.372387254709944049e-01
7.561209622245401718e-01 2.053491614013377431e-01
7.016590043119226294e-01 5.112410086462169101e-01
5.131701756478844745e-01 4.938213729181049061e-01
4.175462315795054891e-01 4.190956115777285662e-01
