0.000000000000000000e+00 0.000000000000000000e+00
1.809200245105633265e-01 2.626654911665565750e-01
4.067435935770772892e-01 4.523093166558623257e-01
4.825046378449956430e-01 5.635811727155872752e-01
5.162334351398091270e-01 5.879963976500784950e-01
1.000000000000000000e+00 3.638670498250908270e-01
9.154758577869921421e-01 6.570778034767430498e-01
8.829867270546623015e-01 8.416054476187779798e-01
8.883761631462563368e-01 9.994377016967047611e-01
9.713574153328193850e-01 2.515324145756620000e-01
8.965183749508540689e-01 6.071743347232350096e-01
8.472812617224596554e-01 8.280971410772057784e-01
8.655727358788261050e-01 1.000000000000000000e+00
8.273377009945910299e-01 1.395443487503527091e-01
5.767412562295425316e-01 4.567218666281013806e-01
2.976508303600086669e-01 3.982095956812253812e-01
1.845999179973052684e-01 3.024503716124308239e-01
6.021163674189997650e-01 5.306026553424912640e-02
4.076301010654634904e-01 3.104351845016024569e-01
2.141263028005153668e-01 2.954202522454007496e-01
1.457452002402925550e-01 2.224219735254586716e-01
