7.793217363109967710e-01 0.000000000000000000e+00
1.000000000000000000e+00 1.298959907122981539e-01
9.999586039118283365e-01 3.578744483882638772e-01
8.727525033927459042e-01 5.440016668218080609e-01
7.437616808851014172e-01 5.339530001739548615e-01
6.859464359089653129e-01 1.083862393414032066e-01
4.885317541643343087e-01 4.102856889335920743e-01
5.592772610064143946e-01 5.035913467350187078e-01
6.211485069369035994e-01 5.150395147122437400e-01
4.754055236248290739e-01 1.247031078954029953e-01
2.481548662325175347e-01 5.372779390265013388e-01
1.152100035788243687e-01 8.030923531881968280e-01
0.000000000000000000e+00 1.000000000000000000e+00
3.305858973927601752e-01 1.579076388090367156e-01
3.636519914475274118e-01 5.626994987881425159e-01
5.735360722045660387e-01 5.250535027055668325e-01
6.970538424440413383e-01 4.372387254709944049e-01
2.438790377754598560e-01 2.053491614013377431e-01
2.983409956880774261e-01 5.112410086462169101e-01
4.868298243521155255e-01 4.938213729181049061e-01
5.824537684204945664e-01 4.190956115777285662e-01
