2.314001280252972470e-01 1.000000000000000000e+00
6.636009388521797447e-01 8.784053460872059960e-01
8.300033930201726751e-01 7.080618949980168608e-01
9.167688653670583721e-01 5.848577026908038379e-01
1.000000000000000000e+00 4.747229828277816366e-01
3.916283348666053099e-01 4.648512852187345890e-01
5.127497105438976188e-01 2.484523897974189321e-01
6.590116167216428789e-01 1.120928967859850106e-01
7.607315631329119032e-01 0.000000000000000000e+00
2.290267628838572600e-01 4.726921621064198997e-01
6.271445111777278481e-01 3.325734430094407501e-01
8.104676421308166789e-01 4.716166202599469393e-01
7.854432438672034333e-01 5.912255391397805981e-01
9.574578233600694599e-02 5.040406755635413738e-01
5.707965901896243643e-01 3.911325654185841549e-01
6.998457400107037651e-01 5.420553562289006644e-01
6.179053522269755128e-01 6.566151950454964803e-01
0.000000000000000000e+00 5.624472201441614860e-01
4.358596758791245529e-01 4.697720365220962035e-01
6.301244223995299265e-01 5.676230778541425659e-01
6.242894770901179502e-01 6.655643939705336853e-01
