4.470646036850093874e-01 1.000000000000000000e+00
8.511771396400680256e-01 8.572850865881251892e-01
9.111918309866486876e-01 6.333531876675877470e-01
9.168943878775769329e-01 4.347355086343839270e-01
1.000000000000000000e+00 2.921998133294818056e-01
1.260012208753263641e-01 4.945855755766246920e-01
3.310710368050465702e-01 2.278305681923208370e-01
5.193024633532187240e-01 1.006016977763558445e-01
6.197962391514175717e-01 0.000000000000000000e+00
0.000000000000000000e+00 4.906222887210457961e-01
1.875375016742489298e-01 2.483800855811490460e-01
4.379959305490515598e-01 1.440699126232926619e-01
6.048017759351418388e-01 7.172225336149339048e-02
6.164439373369422041e-03 5.037219840840362339e-01
3.977891305257472143e-01 3.230658544363967932e-01
6.905597587239630242e-01 3.738508849062893158e-01
8.047266174245617520e-01 4.328621615752550889e-01
5.724179477882596068e-02 5.150229690744071442e-01
4.075937724547061825e-01 3.920357814804428798e-01
6.539106750912002664e-01 4.217999464372014229e-01
7.766769167071922997e-01 4.713034323532136471e-01
