2.764117418786599112e-01 1.000000000000000000e+00
6.336780357918878614e-01 9.776465381262566812e-01
9.696383749035293320e-01 8.401429874760110161e-01
1.000000000000000000e+00 6.875832814628597411e-01
7.901400078193924204e-01 5.856206126776886123e-01
8.426598724189101608e-01 5.452975696844795106e-01
8.351326171855129044e-01 3.353485548763091018e-01
7.364777561541379081e-01 4.456324868332414146e-01
6.742705655106658869e-01 5.669542819937877232e-01
5.730853025944976364e-01 5.195557351192495732e-01
5.335935921678175431e-01 2.518379361477482981e-01
4.542869310047628617e-01 1.210969547993725332e-01
3.964972610325376845e-01 0.000000000000000000e+00
3.224917990852183003e-01 5.463926960586974468e-01
2.390443481635328438e-01 4.212300508424666745e-01
2.266426174325940623e-01 5.780255120277538738e-01
2.417471255012477727e-01 7.005508275431997500e-01
5.574558197063222281e-02 6.013123772280254409e-01
5.084058468125801818e-03 5.135857726921327915e-01
0.000000000000000000e+00 6.354884014342143672e-01
1.467836571792341394e-02 7.385238234588008543e-01
