6.852519014023544797e-02 9.583334134321616071e-01
4.110431543938888876e-01 1.000000000000000000e+00
8.120897732054467300e-01 9.630702750502219134e-01
1.000000000000000000e+00 9.106200061241275234e-01
8.511736091035762009e-01 8.160025100684227262e-01
8.926140279352088314e-01 5.558784072325122505e-01
9.576972828308452090e-01 4.583708996837698169e-01
8.158246880740652740e-01 6.349095867312400943e-01
6.932526350020897787e-01 7.572733626540815166e-01
6.287137380181513358e-01 4.767180168811713248e-01
7.823550852853948800e-01 2.649905872434148435e-01
8.808675808221025916e-01 1.393153197934274001e-01
9.677212575924651894e-01 0.000000000000000000e+00
3.173985462899839849e-01 4.537898875000515031e-01
3.802186884886624152e-01 3.313093961417996614e-01
2.889715565467491643e-01 5.504429007493131243e-01
2.367726780833715461e-01 7.026565806222168087e-01
0.000000000000000000e+00 4.856229926661512764e-01
3.287868678566301106e-02 4.359406646188829226e-01
1.581789023868014274e-02 6.094712516151357118e-01
1.939383489438659819e-02 7.526146317216075854e-01
