0.000000000000000000e+00 1.000000000000000000e+00
4.184351482592814087e-01 9.405992476823553661e-01
7.586514802157406923e-01 8.052962452576445385e-01
9.805741302502083423e-01 6.402951410487550676e-01
8.748359667039075083e-01 4.905755600704419517e-01
7.411636870966975543e-01 5.715124796073883795e-01
9.365860838814316081e-01 4.009960168876866016e-01
9.421149125998904417e-01 4.485520534987501029e-01
9.074632787886434127e-01 5.139917253701715705e-01
5.567520157886428622e-01 5.074227628056958705e-01
7.801135570585973067e-01 2.606303702249788690e-01
9.105260463236732882e-01 1.192861170124815406e-01
1.000000000000000000e+00 0.000000000000000000e+00
3.111515823079918919e-01 4.975832495036746073e-01
4.336264752330293848e-01 3.126987661290120957e-01
3.496062286634813998e-01 4.505993318342171872e-01
2.558149917747168378e-01 5.717494694452549542e-01
3.146346042142462301e-02 5.256863323502728447e-01
1.288364591847369900e-01 4.102606819985293862e-01
9.000193822900724727e-02 5.231839516486145314e-01
2.285296948264523009e-02 6.302515026224676520e-01
