1.000000000000000000e+00 4.237334679835100815e-01
8.949338639150091756e-01 7.671522454732446761e-01
7.168007444514972182e-01 1.000000000000000000e+00
5.786702757481687609e-01 9.431486457527931133e-01
5.646169221189104581e-01 6.741934859922925627e-01
5.046439393518620253e-01 7.092151723737744051e-01
3.807218335425209266e-01 7.694488996980042295e-01
5.036347679844983549e-01 7.363914838513955230e-01
6.087150228017526032e-01 6.735500970428032197e-01
4.903419603592636400e-01 4.808316921994689186e-01
2.716877401111953971e-01 5.716447189932591932e-01
1.325342780984077318e-01 6.318675025972247949e-01
0.000000000000000000e+00 6.777247445659339009e-01
5.232309747856824789e-01 2.358832371219135582e-01
3.776878748539315156e-01 3.071314371344351923e-01
5.363972650022872379e-01 3.535465543314990078e-01
6.644099024972222045e-01 3.611310614848745049e-01
5.917039431584079079e-01 0.000000000000000000e+00
4.803750681504422304e-01 8.198042652004457198e-02
5.947119539066214600e-01 1.819095722939615689e-01
7.017239735268258061e-01 2.147005212773917537e-01
