9.017914796260863286e-02 3.941798393800149403e-01
2.144361382951032180e-01 6.070035232031619765e-01
4.023318918079650808e-01 8.624906234491780399e-01
5.389125083911389114e-01 1.000000000000000000e+00
5.424371977477497886e-01 8.772912499922872476e-01
8.577927765422570516e-01 7.391899717844050421e-01
8.305038336659344989e-01 7.968001170581385795e-01
6.605599572565656885e-01 7.466557336010627433e-01
5.591009265644051318e-01 7.117674721171568519e-01
9.614638712947698451e-01 4.559749453273264641e-01
1.000000000000000000e+00 5.332416906791576094e-01
9.488056041391719209e-01 5.775459484045099012e-01
9.586464579118736395e-01 6.074061309200081693e-01
9.380886926263009018e-01 2.073495851399629331e-01
7.488708152762111325e-01 2.466671926055925279e-01
3.775823473269370179e-01 3.147400701114784760e-01
2.056499878984934804e-01 3.815423203073833869e-01
8.112765947730624649e-01 0.000000000000000000e+00
4.834987510331946736e-01 3.362027855958549943e-02
1.511060776962384888e-01 1.155627384905317800e-01
0.000000000000000000e+00 1.991541932464153120e-01
