6.036612255510105385e-01 1.000000000000000000e+00
8.526721893408015784e-01 7.864913325950027012e-01
9.455447922836421881e-01 5.059187144069929865e-01
8.711596290956601374e-01 2.712666300194537250e-01
7.219542177624151957e-01 1.238626920499986128e-01
1.000000000000000000e+00 6.152207226523166428e-01
7.982316653427379283e-01 3.674274105392556500e-01
6.449834433095952280e-01 2.232479584938893147e-01
5.051328373747874245e-01 1.137180772003364704e-01
7.220258806919159777e-01 7.040397417777928268e-01
5.539432726464832424e-01 3.788382693857422212e-01
4.250270890661682066e-01 1.624452049854972213e-01
3.317803705180942253e-01 0.000000000000000000e+00
4.178419626513241170e-01 7.776150564386030695e-01
2.252150406603331823e-01 3.985553477151200785e-01
2.701323753164780461e-01 3.992860975296646520e-01
3.661587855798863478e-01 4.853766249233565366e-01
1.191564586893536504e-01 8.216120604242119763e-01
0.000000000000000000e+00 5.094785013823500686e-01
7.521654893357102023e-02 4.643487154872578127e-01
1.817261764251945078e-01 5.015771567967064470e-01
