2.711740260887796627e-01 1.000000000000000000e+00
8.370980137136807553e-02 6.877110974158614498e-01
4.714857675898126432e-02 3.140381477303999525e-01
0.000000000000000000e+00 8.030132133319380083e-02
8.870332355039620836e-03 2.336771357806486163e-02
6.730417235228030037e-01 2.939229913526126281e-01
5.960697860710766349e-01 1.174876064450361829e-01
3.279027245602619267e-01 9.017779276503215535e-02
8.585874048527657176e-02 1.307271014779241569e-01
8.726820426586697765e-01 4.378527657298340592e-01
1.000000000000000000e+00 2.260973964813544346e-01
9.833518257068925017e-01 8.352093241394280276e-02
9.510545691018597037e-01 0.000000000000000000e+00
9.489959280607268566e-01 6.330492215025755876e-01
6.608443141086282058e-01 4.931322844839280961e-01
3.310114197996157914e-01 5.674329546467594687e-01
1.342065764125157101e-01 6.548426919692864612e-01
8.869510758840976061e-01 8.357155315759485781e-01
4.796009677783147351e-01 7.530000348841265900e-01
2.006791345181628827e-01 7.757973929929418144e-01
3.226237752112800367e-02 8.147815672275259269e-01
