1.309107425417156412e-01 1.000000000000000000e+00
4.669103871049244958e-01 9.587055243731745779e-01
7.996918298785306023e-01 8.126542916847228071e-01
1.000000000000000000e+00 6.899161788773027215e-01
8.191375411910558624e-01 6.903923277242648426e-01
6.765691142557989091e-01 5.407191552149359648e-01
8.576159826649623064e-01 4.009940970201842925e-01
7.986182930041046957e-01 5.371209037678614795e-01
7.120453460262808898e-01 6.583561208595871683e-01
4.641429048607051966e-01 4.922095017326040267e-01
6.319387792245054758e-01 2.655720507269604957e-01
7.379927670754189428e-01 1.309234486386861851e-01
7.930303341748192736e-01 0.000000000000000000e+00
2.431781830328179628e-01 5.097535625778841784e-01
3.663718254248647388e-01 3.608861707837749955e-01
3.617880825898066588e-01 5.505623638741019565e-01
3.401527414668405469e-01 6.815131982782688391e-01
0.000000000000000000e+00 5.573060302891579276e-01
1.345290783695300696e-01 4.854228453058322401e-01
1.705114328599172113e-01 6.303241265147163652e-01
1.791867135158051738e-01 7.446047378627634883e-01
