5.726961675066017943e-01 1.000000000000000000e+00
1.933780931837539852e-01 8.702284832821892691e-01
1.083964053560311641e-01 6.513101386543399540e-01
8.472897887908721615e-02 4.555944496930349752e-01
0.000000000000000000e+00 3.078890149626253847e-01
8.753645681075867824e-01 4.776929525059271930e-01
6.869260510681857168e-01 2.246588843705265570e-01
5.190080445358244976e-01 1.026141533991477700e-01
4.317517819282994385e-01 0.000000000000000000e+00
1.000000000000000000e+00 4.784871028344183652e-01
7.264706310828121794e-01 2.690290563191377049e-01
3.799062393470358234e-01 2.802274352561086035e-01
1.752527817894163342e-01 3.198405368765135370e-01
9.813434365114899194e-01 4.885345566069233536e-01
6.397205633408861170e-01 3.148883281166797166e-01
3.632841674250201214e-01 3.684657926082018919e-01
2.609613234878496724e-01 4.190239412774725558e-01
9.258640130608375429e-01 4.949919635924332484e-01
6.068377097693083977e-01 3.764469979708975345e-01
3.833878344241644642e-01 4.080239639566046739e-01
2.874062174948016080e-01 4.559795054611295861e-01
