7.204857212755554075e-02 2.802389630677943888e-01
4.578585038124020068e-01 3.442885694111514905e-01
7.223920007863795512e-01 4.442620907743732306e-01
8.312085278214742523e-01 5.910940866650705727e-01
8.828768678477224574e-01 7.160512814296493556e-01
8.839543711428852202e-01 8.526944948679174296e-02
9.588111724937998792e-01 3.516612030013667178e-01
9.791182310982337045e-01 5.609518141843671257e-01
1.000000000000000000e+00 7.490704066573126152e-01
6.159160835032078118e-01 0.000000000000000000e+00
6.535790790377402626e-01 4.996603991720785509e-01
7.268599807864611906e-01 7.925692384153123493e-01
7.757671989907710675e-01 1.000000000000000000e+00
2.937677221969761665e-01 5.396111314825309362e-03
2.933946315777242186e-01 4.714121636569156837e-01
2.931041359356299503e-01 5.201001831912552831e-01
2.955920348293283317e-01 4.819692415972944288e-01
0.000000000000000000e+00 5.285007106426694440e-02
3.251352846056466527e-03 4.118304958134206828e-01
4.390692456817429923e-02 4.679945633562941354e-01
8.842561725613204415e-02 4.274521338978068408e-01
