9.758161638165084861e-01 3.826782948130187378e-01
7.891750874823385553e-01 5.889752431648613840e-01
6.132507728595683050e-01 8.499010589526208026e-01
4.607054251293052349e-01 1.000000000000000000e+00
4.223931982750451231e-01 8.770992718378839426e-01
7.402872220738300479e-02 7.315926928292909581e-01
8.490324278584962525e-02 7.957123290104964886e-01
3.182779535534717708e-01 6.971244914413244897e-01
4.611581407407227551e-01 6.197590643789386844e-01
0.000000000000000000e+00 4.481411857866680615e-01
9.496560426786334816e-03 5.124848035180542549e-01
5.577878767544365568e-02 5.239334544257823190e-01
4.607792577744373314e-02 5.467173906974265307e-01
4.649176242636128553e-02 1.983224437550390462e-01
3.582174892900608087e-01 2.475296463587241258e-01
6.824960742528369817e-01 3.263755935828334120e-01
8.646421443841301180e-01 4.096806560311738177e-01
2.047147471082369774e-01 0.000000000000000000e+00
5.544108276415217196e-01 3.193291636245502302e-02
8.400912010739565172e-01 1.377222155011307014e-01
1.000000000000000000e+00 2.444620085836329004e-01
