1.000000000000000000e+00 1.000000000000000000e+00
9.859267911204193657e-01 6.605860966298853221e-01
8.989558370421089073e-01 3.417945290499397326e-01
8.206651798000953457e-01 1.128644475481772741e-01
7.169965966530398305e-01 1.076866457603908173e-01
5.909592303199951990e-01 3.803632457856528370e-01
4.915619482986621769e-01 1.652792859758629718e-01
5.975755348356391883e-01 1.555732248218256453e-01
6.986255714199407496e-01 2.045586101173410831e-01
5.052794671446120267e-01 5.364024545942768230e-01
2.860785404541823507e-01 2.682795576786946024e-01
1.348623221969376673e-01 1.091654724766848994e-01
0.000000000000000000e+00 0.000000000000000000e+00
4.738721798202334412e-01 7.479495523264214629e-01
3.945266192748924095e-01 5.681796909857360633e-01
5.738715085486436607e-01 6.112186917008869402e-01
7.075203395291701503e-01 6.708435600522323350e-01
4.903895724671245016e-01 9.805782454176272811e-01
4.223322827932953216e-01 8.226460220978911719e-01
5.694307113465036929e-01 7.870040628206025346e-01
7.014702525994992444e-01 7.994529595162780389e-01
