2.614338159726995944e-02 7.061458023973823384e-01
4.053353951113536913e-01 7.652089736043578005e-01
7.429526802887396197e-01 8.291274758256610422e-01
8.977817056222018310e-01 9.419570067192140073e-01
8.297232934181457686e-01 1.000000000000000000e+00
8.408430103955537582e-01 1.585450759352436401e-01
9.630312628889484694e-01 2.727304292586552048e-01
9.969859427938272400e-01 4.974276601378063711e-01
1.000000000000000000e+00 6.872513912900191091e-01
5.852498022843810599e-01 2.246789750636298683e-02
6.954842569363811622e-01 2.888171436664669911e-01
7.567301579955379998e-01 5.755479936441125766e-01
7.778816455928814211e-01 7.722521388239030893e-01
3.006213238847273428e-01 0.000000000000000000e+00
3.216281830172832978e-01 3.645513346969910251e-01
3.053532269503063667e-01 5.740257211315599184e-01
2.927947119749646498e-01 6.659801445932180819e-01
1.393503765784920821e-02 5.225470656998164320e-02
3.348574337669691682e-03 3.637872154643223555e-01
0.000000000000000000e+00 5.506212883570493766e-01
1.275486938518269504e-02 6.243015211628453187e-01
