1.000000000000000000e+00 8.932393331190006114e-01
5.831697662912191937e-01 7.272822335658187809e-01
2.976579644343548825e-01 5.138785914402503874e-01
1.803504176489420519e-01 3.262180469257468518e-01
1.540161238685642808e-01 1.794407883945384474e-01
3.920844611309991512e-01 1.449220774747229656e-01
1.255976600017462697e-01 3.821492543189140140e-02
0.000000000000000000e+00 2.290740579748180850e-01
4.900608283128146669e-03 3.898475995827072604e-01
5.755426525801100590e-01 1.515454101081942784e-01
2.810431036991763443e-01 0.000000000000000000e+00
1.223789982246281938e-01 1.291393009690901539e-01
8.732268110247679016e-02 2.493567967535151586e-01
7.454710556186152637e-01 2.640253984292472156e-01
4.287779038970866430e-01 4.366525792101619841e-01
3.857353240781163373e-01 6.819133379480483148e-01
4.277604121190954345e-01 8.222232975310180825e-01
8.806175965540323780e-01 4.536867007630682735e-01
5.847967053755930289e-01 6.911810417227103320e-01
4.415952152274513209e-01 8.839359527855601417e-01
3.680593148811083237e-01 1.000000000000000000e+00
