2.411857906928941975e-01 1.000000000000000000e+00
5.683700237918851705e-01 8.848564396743949789e-01
7.658713032009639710e-01 7.286139086840608403e-01
9.197872292972322228e-01 5.952390283035670082e-01
1.000000000000000000e+00 4.603346177851097010e-01
3.867429108078571653e-01 5.108278146612065251e-01
4.341087747872323099e-01 3.446931081015819354e-01
5.086678834866715793e-01 2.364089939718843902e-01
5.459699668890738433e-01 1.570358417106719751e-01
2.719717788578328022e-01 4.873814994034020298e-01
3.897360348505607974e-01 2.542550707750667049e-01
5.837569900341718077e-01 1.064773712654182719e-01
7.147781242446362704e-01 0.000000000000000000e+00
1.272939699295164706e-01 4.899682029743461231e-01
3.895493225009026839e-01 3.620155198523008488e-01
4.962057759970198156e-01 5.076351312069489197e-01
4.923274636234914459e-01 6.416894473063579074e-01
0.000000000000000000e+00 5.173840863530562162e-01
2.713346361505248328e-01 4.308660313823754473e-01
3.966731747247838613e-01 5.394961384931649118e-01
4.076197324965083468e-01 6.548334893398295442e-01
