1.581608722431509240e-01 1.000000000000000000e+00
5.389252699716517991e-01 9.203215257966820273e-01
8.559689355180213344e-01 7.453306386312597009e-01
1.000000000000000000e+00 5.725258786498729213e-01
8.826834003732009215e-01 4.617791514865516866e-01
6.598434014670206960e-01 5.109623005051718847e-01
7.567115610240757739e-01 3.168700436717108992e-01
7.562052787222101058e-01 3.749440574681506266e-01
7.047652779929969302e-01 4.535251790637576663e-01
4.771989358696062666e-01 4.846122825124863365e-01
6.286294307839953577e-01 2.029910112821234069e-01
7.548794128792071234e-01 9.281821795951719634e-02
8.152145123842536867e-01 0.000000000000000000e+00
2.563481263778548125e-01 4.952252135665061172e-01
4.174164757907731227e-01 3.368428777876218971e-01
4.589829299004754004e-01 4.973006735554965640e-01
4.389652464805697263e-01 6.212398834827993488e-01
0.000000000000000000e+00 5.391444165593706206e-01
1.748129763487514254e-01 4.140747068166544254e-01
2.442648033533389440e-01 5.411057145997882900e-01
2.399129631968706378e-01 6.543338226694283000e-01
