1.000000000000000000e+00 0.000000000000000000e+00
8.285291971208523787e-01 1.842970267443597709e-01
5.889666630856372764e-01 3.596749254916762895e-01
4.594238494090683855e-01 5.019863152390163785e-01
3.273070164715005670e-01 5.785517272562850088e-01
1.385426198070442531e-02 3.809159412426179614e-01
9.881511145027987997e-02 6.189583628221158040e-01
3.639980588350787971e-01 6.177783200437220179e-01
5.285232081578320473e-01 5.760487439744588212e-01
0.000000000000000000e+00 3.345915213852650449e-01
1.638413579263616957e-02 6.380540696485723640e-01
3.709915623537488744e-02 8.476960905738123442e-01
3.463442011402491361e-02 1.000000000000000000e+00
1.015271238282933475e-01 2.591176857989887505e-01
2.661899575586270106e-01 5.171767243074067988e-01
5.717224628097744565e-01 4.513629223776608468e-01
7.402398425334918430e-01 3.519038940920207192e-01
2.864579667408804209e-01 1.714294122099286888e-01
4.294802691452329624e-01 4.080753556347165301e-01
6.480576619829271356e-01 3.822756198542074380e-01
7.702405340426241587e-01 2.943707880189042614e-01
