4.128049105281882958e-01 1.000000000000000000e+00
8.350284901605640187e-01 8.633574559168279983e-01
9.355200483722804217e-01 6.385831096614911218e-01
9.663684666834282400e-01 4.372955526110148261e-01
1.000000000000000000e+00 2.875154871516098498e-01
1.784600460561993340e-01 4.626760212459937183e-01
4.718133478624698673e-01 2.330021857552180553e-01
6.992037880469491595e-01 2.996514116807664774e-01
7.649812177459804907e-01 3.803534581365587419e-01
2.173189416345751301e-02 4.527702465486585504e-01
2.470644035973065811e-01 2.049306334160069798e-01
4.784270864409087554e-01 8.490175426675274084e-02
6.267617168887213985e-01 0.000000000000000000e+00
0.000000000000000000e+00 4.724609565227239072e-01
3.607556241774866890e-01 2.823388713348962131e-01
6.385359167999685726e-01 3.184956794527684099e-01
7.584936455934194743e-01 3.768520594797223344e-01
5.619496239640581897e-02 4.862341589372473072e-01
3.768409344969004815e-01 3.521446448997157530e-01
5.979228715914840508e-01 3.699847110386301208e-01
6.921613744941298441e-01 4.068475294170941781e-01
