9.594445556398937258e-01 1.000000000000000000e+00
1.000000000000000000e+00 7.023013702990896778e-01
9.166460516984192841e-01 4.499787601163486306e-01
7.838365694694513497e-01 3.249413894833069749e-01
6.196075229545020546e-01 4.001148109935655506e-01
2.221779183148838432e-01 4.293542249499635033e-01
2.881127340031259254e-01 2.745011330190321175e-01
4.559080901500476291e-01 2.731204279630088383e-01
5.400004304527360466e-01 3.059740007006383489e-01
5.286578265848829866e-02 5.405821424908640038e-01
7.546463843843598251e-02 3.056152726550875887e-01
9.271577249405273113e-02 1.397896673409272372e-01
6.808681796005659759e-02 0.000000000000000000e+00
0.000000000000000000e+00 6.942066396672132988e-01
4.000616401347160123e-01 4.988549683083517428e-01
6.831690104701964028e-01 6.055554646263965335e-01
7.863741493439212471e-01 7.077217826005935963e-01
9.393341349281113251e-02 8.568496409941617209e-01
4.812582708574174029e-01 6.996615883648983347e-01
7.028267587196522781e-01 7.467941590244879801e-01
7.579958120608499827e-01 8.115060556567538219e-01
