6.914497343843936106e-01 9.873203577329856540e-01
4.443029499434562046e-01 5.876089299881493977e-01
2.535209011768084220e-01 1.948075371124607380e-01
7.801925748897582669e-02 1.293062032008627724e-02
0.000000000000000000e+00 8.227932177119097468e-02
7.011371105071894094e-01 7.828467526957826050e-02
7.660114414630337931e-01 3.163242321410475455e-02
7.246656995783670174e-01 6.371587184157509074e-04
6.562806207288284233e-01 0.000000000000000000e+00
9.063435424833385934e-01 2.784656629994817778e-01
7.911355260230076292e-01 1.113541841139293331e-01
6.115452553278996062e-01 2.823476844124251858e-02
4.451305140192529097e-01 1.037857256494844650e-02
1.000000000000000000e+00 5.619193835390950964e-01
5.897578828088042568e-01 5.330768596659891667e-01
4.493283960729960724e-01 6.521522943226979452e-01
4.085073358185519754e-01 7.625401079205628152e-01
9.819403124236716351e-01 8.710660634092375343e-01
5.918792039597232657e-01 8.866072755282221607e-01
4.671175201049306280e-01 9.455498388332356230e-01
4.478638922367711439e-01 1.000000000000000000e+00
