9.273587221444965500e-01 9.116888993677013664e-01
5.959669295331047056e-01 9.364302155991838239e-01
1.847292887046126098e-01 9.500517186585398788e-01
0.000000000000000000e+00 1.000000000000000000e+00
1.941997910124627913e-01 9.883735222450549252e-01
1.025853153391218520e-01 4.235312457233421091e-01
2.374248657610540159e-04 5.722769761024545376e-01
2.039100656070631790e-01 7.799724605012735568e-01
4.155055875326459369e-01 9.130751229432333416e-01
3.601289203607248024e-01 1.660035571070631877e-01
2.247172699091480874e-01 1.368816028079404834e-01
1.701098861299612797e-01 1.028471466674673179e-01
1.472466763872251894e-01 4.437966226918445972e-02
6.394344593352908612e-01 3.913420941626744726e-02
6.439294351836822861e-01 2.837359194494459280e-01
7.006266943349354070e-01 5.897389430842764346e-01
7.153249031856514506e-01 7.534452186344799962e-01
9.275847452511672975e-01 0.000000000000000000e+00
9.788269333694612495e-01 3.039630955168629023e-01
1.000000000000000000e+00 5.843575754464445104e-01
9.931609566210014561e-01 7.376919712563015930e-01
