1.858819127684182004e-01 1.000000000000000000e+00
1.807945782822577285e-01 6.998344738900053041e-01
2.378363127129393406e-01 3.746040967933633725e-01
3.525030927235429656e-01 1.612737982529865999e-01
4.064672037081363820e-01 1.361193205015910450e-02
0.000000000000000000e+00 4.023203767158167188e-01
9.049516013932355774e-02 2.600290312781467494e-01
1.316672520284463410e-01 1.291039891881072821e-01
1.647635884093893444e-01 2.564760208550499743e-02
3.936483399960180596e-02 5.263128062653713579e-01
1.445182733542572096e-01 2.759822411473643045e-01
1.954852947427055398e-01 1.199666645116094083e-01
2.107098275904495666e-01 0.000000000000000000e+00
1.946729654576895285e-01 6.500528284240834065e-01
5.995043253388573357e-01 3.138375045499753324e-01
7.505698888409165770e-01 3.760009281506863088e-01
7.655631665014976939e-01 4.720099687634783381e-01
4.121227492466729703e-01 7.766198133602332243e-01
7.592250406584090117e-01 5.152368156992083170e-01
9.159268551307891970e-01 4.654663292968815869e-01
1.000000000000000000e+00 4.728265288138535083e-01
