9.968633117149658940e-01 8.410687172354734953e-01
6.113501354568590118e-01 7.898335452397737821e-01
2.556735900172399378e-01 7.166382430269128134e-01
1.367605286922255955e-02 6.948097010448919253e-01
0.000000000000000000e+00 6.990489917813996756e-01
2.146661193662260936e-01 2.086727975745935326e-01
6.662540021344717789e-02 2.554580795612098609e-01
8.238272719809539013e-02 4.900552118672254487e-01
1.595786881208439423e-01 7.386146402223695562e-01
4.694622773171332475e-01 3.487727291080438413e-02
3.573453739430260123e-01 7.155756607661108160e-02
2.961113209096133403e-01 1.052743643750851527e-01
2.896845907560955391e-01 1.642967712662419255e-01
7.395711353747639327e-01 0.000000000000000000e+00
6.465669485263935146e-01 4.198672672667438932e-01
6.742464493883917331e-01 6.028693206822719475e-01
7.153199244725392258e-01 6.828810677644553406e-01
1.000000000000000000e+00 6.835878098750435006e-02
9.114686807322880391e-01 5.270881498839380397e-01
8.288048600279123157e-01 8.181473828901016931e-01
7.609063295295952489e-01 1.000000000000000000e+00
