8.690892574582843588e-01 1.000000000000000000e+00
5.330896128950755042e-01 9.587055243731745779e-01
2.003081701214694532e-01 8.126542916847228071e-01
0.000000000000000000e+00 6.899161788773027215e-01
1.808624588089441654e-01 6.903923277242648426e-01
3.234308857442011464e-01 5.407191552149359648e-01
1.423840173350377214e-01 4.009940970201842925e-01
2.013817069958953598e-01 5.371209037678614795e-01
2.879546539737191102e-01 6.583561208595871683e-01
5.358570951392948034e-01 4.922095017326040267e-01
3.680612207754945797e-01 2.655720507269604957e-01
2.620072329245810017e-01 1.309234486386861851e-01
2.069696658251807819e-01 0.000000000000000000e+00
7.568218169671820927e-01 5.097535625778841784e-01
6.336281745751353167e-01 3.608861707837749955e-01
6.382119174101933412e-01 5.505623638741019565e-01
6.598472585331595086e-01 6.815131982782688391e-01
1.000000000000000000e+00 5.573060302891579276e-01
8.654709216304699027e-01 4.854228453058322401e-01
8.294885671400827887e-01 6.303241265147163652e-01
8.208132864841948262e-01 7.446047378627634883e-01
