3.905286830928801356e-01 0.000000000000000000e+00
7.396993588217024573e-01 1.302803946934631141e-01
8.994732757863511674e-01 3.387409398554654949e-01
8.560214710066255117e-01 5.138470213739639858e-01
7.055391007687922267e-01 6.274067088223121980e-01
1.000000000000000000e+00 3.509211392462351919e-01
9.217260231220189004e-01 6.129276102510492485e-01
7.860091955646627548e-01 6.286887881636723518e-01
7.029816918740317000e-01 5.942986389221501797e-01
6.863801149309759486e-01 3.132244810406055735e-01
5.862234347755090891e-01 6.510583294603233817e-01
5.120323175835217455e-01 8.518590298999005883e-01
4.342566626794872042e-01 1.000000000000000000e+00
3.369770298018271992e-01 2.750659335990648935e-01
2.238404355533260282e-01 6.001423696324068580e-01
2.770184228215165079e-01 5.456110173655102091e-01
3.174851250438031625e-01 4.518651303237710692e-01
0.000000000000000000e+00 2.354344209880725736e-01
2.526320364586964653e-03 4.972545616761270826e-01
5.047660527738363767e-02 4.535964226955970791e-01
8.082897112962136865e-02 3.668597345186641601e-01
