5.900170935650300708e-01 1.000000000000000000e+00
9.226010107081207279e-01 8.009593421281574477e-01
1.000000000000000000e+00 5.785727980470244391e-01
9.016957730089963929e-01 4.277619421917276399e-01
7.520591615257750107e-01 3.977423799465015231e-01
4.579971919431849448e-01 5.102819070819467617e-01
5.070286767993922306e-01 3.167892922931423993e-01
6.304088751905295718e-01 3.910406229863258032e-01
6.554656133248065730e-01 4.930915894804641098e-01
2.012395839844595136e-01 5.428170601102851878e-01
2.099998557505060870e-01 2.652353030504365772e-01
2.104370519250094995e-01 1.081702119951645225e-01
1.455095132541243397e-01 0.000000000000000000e+00
5.247820630562621130e-02 5.967049287628641840e-01
8.910723988210007829e-02 3.780812285298931763e-01
2.320632966779341555e-01 3.681365560969891981e-01
3.175580484005135484e-01 4.097964760740222534e-01
0.000000000000000000e+00 6.558689443139459341e-01
7.671741043308506758e-02 4.678168408778135001e-01
1.935417097411683274e-01 4.528258442642483783e-01
2.478225538892067648e-01 4.929325920288798457e-01
