4.055544436010630194e-02 1.000000000000000000e+00
0.000000000000000000e+00 7.023013702990896778e-01
8.335394830158075752e-02 4.499787601163486306e-01
2.161634305305486781e-01 3.249413894833069749e-01
3.803924770454978899e-01 4.001148109935655506e-01
7.778220816851161290e-01 4.293542249499635033e-01
7.118872659968741301e-01 2.745011330190321175e-01
5.440919098499523709e-01 2.731204279630088383e-01
4.599995695472639534e-01 3.059740007006383489e-01
9.471342173415117083e-01 5.405821424908640038e-01
9.245353615615640175e-01 3.056152726550875887e-01
9.072842275059472827e-01 1.397896673409272372e-01
9.319131820399434440e-01 0.000000000000000000e+00
1.000000000000000000e+00 6.942066396672132988e-01
5.999383598652839877e-01 4.988549683083517428e-01
3.168309895298035972e-01 6.055554646263965335e-01
2.136258506560788084e-01 7.077217826005935963e-01
9.060665865071888536e-01 8.568496409941617209e-01
5.187417291425825416e-01 6.996615883648983347e-01
2.971732412803476664e-01 7.467941590244879801e-01
2.420041879391500173e-01 8.115060556567538219e-01
