3.241254177093281785e-01 1.000000000000000000e+00
6.636600466559424705e-01 8.746744495097988903e-01
8.735611890395053036e-01 7.202235508803909170e-01
1.000000000000000000e+00 5.783341740071811232e-01
8.935083374750952823e-01 5.159305046290404428e-01
4.720916939672220036e-01 5.374201732953187705e-01
5.666368232861306309e-01 4.000904819640652144e-01
6.620549720639962166e-01 4.624812104917713773e-01
6.826074470014366069e-01 5.452428018397036391e-01
3.223230549553525170e-01 5.110946705822753122e-01
3.433349405226480688e-01 2.683267428393624199e-01
4.489119596548029612e-01 1.198122282601945116e-01
5.204031548775513993e-01 0.000000000000000000e+00
1.496310788737956199e-01 5.171100862548121402e-01
3.019579650878868593e-01 3.278546548383442505e-01
4.817192015384453296e-01 4.483687509196525034e-01
5.438699241237465731e-01 5.855840543765291617e-01
0.000000000000000000e+00 5.459123753063847007e-01
1.841941080315933343e-01 3.912534987235641859e-01
3.394250759907579407e-01 4.704713768319608302e-01
3.954109690361258811e-01 5.824471691225300285e-01
