5.522543645263787715e-01 0.000000000000000000e+00
2.248877963607456287e-01 1.403203835912418540e-01
0.000000000000000000e+00 3.778717779792474807e-01
2.236809418244536593e-02 5.809478193961281622e-01
2.248674494699161863e-01 6.332554543256390112e-01
2.996287875382391275e-01 2.578669770813444284e-01
4.250065654211688249e-01 5.414237640941896856e-01
3.662104389013625116e-01 6.076692717002838418e-01
2.618103054636133908e-01 6.090218082914861109e-01
5.924695210673127654e-01 2.222743139947425395e-01
8.005339875883965561e-01 5.804962646611362409e-01
8.993626218151792306e-01 8.317508058650051606e-01
9.731428138803650540e-01 1.000000000000000000e+00
8.280917218911252320e-01 2.095998058615008430e-01
8.793010606408324659e-01 5.968322083679800105e-01
7.307888678847987984e-01 6.703094751902712867e-01
6.178877561401474594e-01 6.507424370839576255e-01
1.000000000000000000e+00 2.208516913027654405e-01
9.744246680026213969e-01 5.323433588163057895e-01
8.191923230707717218e-01 6.029357065154542505e-01
6.950952163513293147e-01 5.949216111993583800e-01
