9.015470914532634772e-02 1.000000000000000000e+00
5.288468350909992788e-01 8.549832683652843768e-01
6.976352845839673966e-01 6.839522344419570743e-01
8.318756320494775647e-01 5.513494901351410071e-01
1.000000000000000000e+00 4.388757814910421717e-01
1.697232394348821283e-01 4.099040200596743011e-01
4.528888075823730985e-01 2.330881040937838877e-01
6.632539079119111891e-01 1.061084639421450426e-01
8.146077495214136821e-01 0.000000000000000000e+00
3.258123631257091313e-02 4.240074988655301302e-01
4.080250588561653569e-01 2.500563642780839757e-01
5.778447029098685572e-01 2.622708886798323369e-01
5.930991917168869643e-01 2.585458173003195581e-01
0.000000000000000000e+00 4.732694860387707814e-01
5.697867219644969783e-01 3.795634491959958834e-01
6.730929950324303634e-01 5.234263785866425378e-01
5.976451894095208273e-01 6.154154929007134012e-01
6.589846108619630549e-02 5.493646576774677825e-01
5.882676812591888238e-01 5.116990818957938281e-01
6.687826334921982419e-01 6.316332525989614144e-01
5.936473057288312871e-01 7.139030231369156709e-01
