7.235882581213400888e-01 1.000000000000000000e+00
3.663219642081121386e-01 9.776465381262566812e-01
3.036162509647066451e-02 8.401429874760110161e-01
0.000000000000000000e+00 6.875832814628597411e-01
2.098599921806076074e-01 5.856206126776886123e-01
1.573401275810898670e-01 5.452975696844795106e-01
1.648673828144870956e-01 3.353485548763091018e-01
2.635222438458620364e-01 4.456324868332414146e-01
3.257294344893341131e-01 5.669542819937877232e-01
4.269146974055023636e-01 5.195557351192495732e-01
4.664064078321824569e-01 2.518379361477482981e-01
5.457130689952371938e-01 1.210969547993725332e-01
6.035027389674623155e-01 0.000000000000000000e+00
6.775082009147816997e-01 5.463926960586974468e-01
7.609556518364671840e-01 4.212300508424666745e-01
7.733573825674059377e-01 5.780255120277538738e-01
7.582528744987522273e-01 7.005508275431997500e-01
9.442544180293678258e-01 6.013123772280254409e-01
9.949159415318742372e-01 5.135857726921327915e-01
1.000000000000000000e+00 6.354884014342143672e-01
9.853216342820766416e-01 7.385238234588008543e-01
