8.563899795707333729e-01 1.000000000000000000e+00
1.000000000000000000e+00 6.739912359356580174e-01
8.856606109736366861e-01 3.909954765400261434e-01
6.485239319086338883e-01 2.323552093051849399e-01
4.633398922685046939e-01 1.579531956790621028e-01
5.738139303880578357e-01 3.179728617884055586e-01
2.990825857437325874e-01 1.388317744952795307e-01
1.272302795123338992e-01 5.883229370095218597e-02
0.000000000000000000e+00 0.000000000000000000e+00
4.335982439262106580e-01 4.295312082425652433e-01
2.267334986048970547e-01 2.163021980874756389e-01
1.544400093857924983e-01 1.097551419677130491e-01
1.187329741491804508e-01 4.630932362790345092e-02
3.453328218324718257e-01 5.651953503380092725e-01
2.904583228007662776e-01 4.707051736774828243e-01
3.745788390107175903e-01 5.059249967589461994e-01
4.627218377239226688e-01 5.657113706997904945e-01
2.923943179357863520e-01 7.002915515044063621e-01
2.953302119689582006e-01 6.470478061012081561e-01
3.733449970211930036e-01 6.844193066788643032e-01
4.429512174675924729e-01 7.337393861459999833e-01
