7.665147726582756116e-01 1.000000000000000000e+00
9.887520487960965720e-01 7.919412387475299742e-01
1.000000000000000000e+00 5.820665318722543224e-01
7.788317191354168223e-01 4.544296166834707051e-01
5.362015725989297543e-01 4.262555964290548061e-01
7.796419543260855178e-01 4.915527319049246557e-01
5.586718833502187787e-01 3.037033531307344325e-01
5.425091632347920356e-01 3.613514469914956839e-01
5.587412986277018323e-01 4.485056087136414238e-01
5.068094714553507130e-01 5.167901624789004167e-01
2.708346610050562653e-01 2.555044304799247157e-01
1.594303330712279476e-01 1.017397992958124775e-01
5.077334473416541399e-02 0.000000000000000000e+00
2.565590328427931333e-01 5.785349697811242864e-01
9.555840910889015771e-02 4.142972304927706739e-01
1.856724860086399476e-01 4.665108888523201713e-01
2.618023116458261801e-01 5.408720571472932503e-01
4.936513456276989120e-02 6.678413186365811383e-01
0.000000000000000000e+00 5.282004004231934946e-01
8.811424784532469190e-02 5.710582142110753878e-01
1.188814405459820978e-01 6.364841718383669189e-01
