4.961765161743034169e-01 1.000000000000000000e+00
1.500774713973806740e-01 8.423158341970414797e-01
0.000000000000000000e+00 6.509115366456369456e-01
5.690621749702349380e-02 4.840539756294484630e-01
2.077554126566683868e-01 4.169624843132924696e-01
3.120569814711541823e-01 4.543881705721646291e-01
3.954323023582303476e-01 2.519245023250479276e-01
4.025218447412395317e-01 2.961367457331419706e-01
3.963203951863574770e-01 3.728565951603744488e-01
5.832773914590587694e-01 4.591599932687732144e-01
6.591477797430111973e-01 2.234079337657752240e-01
7.044188349438114116e-01 8.745879454020537291e-02
7.499061821128535366e-01 0.000000000000000000e+00
8.136963649493383910e-01 5.052905926962918404e-01
7.655818677559010910e-01 3.840677836934341394e-01
6.880015768382200525e-01 4.414141507198428016e-01
6.569365183073210268e-01 5.200612417347180161e-01
1.000000000000000000e+00 5.832533314203013353e-01
9.220890415225758696e-01 4.983531989381146388e-01
8.463995610369455802e-01 5.439053097157473537e-01
8.000983779597488077e-01 6.139459374773261757e-01
