2.361012838378954981e-01 1.000000000000000000e+00
0.000000000000000000e+00 7.919232750244543650e-01
3.163432127458959409e-02 6.083978737187142327e-01
2.932561203380804060e-01 5.009400848928448058e-01
5.456352264650907724e-01 4.701343658341722853e-01
1.529063506601384959e-01 4.839013262675281313e-01
4.052203995078092480e-01 2.995652417704575132e-01
4.816947929801967954e-01 3.487791854729059837e-01
4.943795595990437275e-01 4.217367367494656016e-01
4.324502903641401219e-01 5.026597893023001529e-01
6.890262047564762460e-01 2.501861701129179938e-01
8.187534008210544112e-01 1.007992629007804369e-01
9.296778156606373411e-01 0.000000000000000000e+00
7.028699028016189843e-01 5.670227544747737936e-01
8.869490363017865642e-01 4.146080169955237982e-01
8.185918974402678350e-01 4.705681673267546050e-01
7.486810995627133369e-01 5.422303088698114948e-01
9.296339765236160124e-01 6.690851523748936325e-01
1.000000000000000000e+00 5.491088842957441152e-01
9.190680430752838914e-01 5.937763897421811654e-01
8.883901164139516027e-01 6.529556571795902542e-01
