3.564603286721231279e-01 1.000000000000000000e+00
5.109971054724352785e-02 7.978477631018889848e-01
0.000000000000000000e+00 6.236048057117372645e-01
1.590310741858523835e-01 4.817345783392840697e-01
3.855466878405144904e-01 4.189004552421579652e-01
1.088661577369338801e-01 4.896708799844988746e-01
2.982693960513901899e-01 2.801233595188411529e-01
3.677297222537799226e-01 3.091140587543988461e-01
3.570678830926989900e-01 3.859710909774396459e-01
3.972967532884500441e-01 4.892515036470433398e-01
5.929527391813327331e-01 2.388294818072140835e-01
7.069892838267037849e-01 9.643251693301310712e-02
7.841165887054151185e-01 0.000000000000000000e+00
6.958044786145783922e-01 5.230816743122541634e-01
8.359840776286607822e-01 3.837346911455600806e-01
7.837507594430257463e-01 4.398933127967007972e-01
7.321206736444868524e-01 5.093048225915834948e-01
9.647183145551269101e-01 5.863351737468357472e-01
1.000000000000000000e+00 4.818597131700094183e-01
9.384934502669781686e-01 5.398952545440741657e-01
8.840923235745933306e-01 6.113242295860451536e-01
