5.757700033889481261e-01 1.000000000000000000e+00
2.354254767038468643e-01 9.676882780859483724e-01
0.000000000000000000e+00 8.363288855794919208e-01
1.069709734685201641e-01 6.913687639581842515e-01
3.421926221344697705e-01 5.965927566398777637e-01
1.335207350688458472e-01 5.653793820593536745e-01
2.465882679091718210e-01 3.526698331931059083e-01
3.847694887709032785e-01 4.322073381803583358e-01
4.653492335574623273e-01 5.399355317447742664e-01
3.885860118847844769e-01 5.278562328907596690e-01
5.255516317976104412e-01 2.682158562887586584e-01
6.524783797662880858e-01 1.237874981128823521e-01
7.466496618964902909e-01 0.000000000000000000e+00
5.992241437175942487e-01 5.538227778168174353e-01
8.184866300267350514e-01 4.406935844207325870e-01
8.614171260301228816e-01 5.862099601887889033e-01
8.533720579319121757e-01 7.117612252644522908e-01
8.075208453051608837e-01 6.181592197233461983e-01
9.810925619410759690e-01 5.622578603148359333e-01
1.000000000000000000e+00 6.703074397755468539e-01
9.617318998246587869e-01 7.723692609981799295e-01
