1.883889578633175452e-02 1.000000000000000000e+00
0.000000000000000000e+00 7.151906858607289807e-01
1.161831590816915227e-01 4.661045331143202630e-01
2.615310392685412655e-01 3.309247979072084123e-01
4.309161487551767533e-01 3.619276192214389565e-01
7.876345712361636497e-01 4.680434071741990665e-01
8.307942355188603356e-01 2.852371500923961412e-01
8.520552799738420058e-01 1.475051521304344415e-01
8.839685214611593400e-01 2.988083559570795314e-02
9.289080190228083955e-01 5.850341067232450731e-01
9.853325776884471754e-01 3.312108837329561517e-01
9.768225235953735819e-01 1.493460786774044036e-01
1.000000000000000000e+00 0.000000000000000000e+00
9.626654718376631559e-01 7.319026000197720316e-01
6.164426534649437572e-01 4.943210214526346236e-01
3.253466632952218829e-01 5.895541410961300244e-01
2.111848198112714903e-01 6.881716210769663888e-01
8.645248856923363201e-01 8.809931634461098948e-01
5.101656127454402556e-01 6.844126571304725015e-01
2.827121928921463301e-01 7.366422558346451543e-01
2.153051872849648107e-01 8.142753937292298572e-01
