1.000000000000000000e+00 1.000000000000000000e+00
9.945183039162613925e-01 6.691657292532288137e-01
9.090678472009739997e-01 3.649819578348714177e-01
8.403190694947566541e-01 1.605689963503179052e-01
7.513696323383095566e-01 1.416736632513021510e-01
5.935269460949719189e-01 3.893180413917087801e-01
4.915923733147323782e-01 1.744145856661249994e-01
6.022066976350086698e-01 1.667876352517868033e-01
7.145155651223149551e-01 2.252973584276547481e-01
5.053097083826352254e-01 5.324288904949284751e-01
2.899246189759906445e-01 2.650990879661895283e-01
1.336277679471241653e-01 1.059433873896480360e-01
0.000000000000000000e+00 0.000000000000000000e+00
4.654961175456127087e-01 7.339253718645346591e-01
3.831873998361002842e-01 5.481289686103278935e-01
5.729576620970174838e-01 5.931858278556592090e-01
7.147354389238251837e-01 6.542034936231537756e-01
4.739458103941509570e-01 9.547490983214211857e-01
4.308982174302837809e-01 8.041075466006910588e-01
5.866834703086920566e-01 7.707238263999113270e-01
7.212567640721586626e-01 7.803969018521685896e-01
