3.570394560202709289e-01 1.000000000000000000e+00
6.810954251946566007e-01 8.612952377648421809e-01
8.803192921354283662e-01 7.025581174073011193e-01
1.000000000000000000e+00 5.623704803067393065e-01
8.518873389274562724e-01 5.034364599451911504e-01
3.650260957486135549e-01 4.886492398905240009e-01
4.027387255994903104e-01 2.849938748481214978e-01
4.773039440120347976e-01 1.450980141416275959e-01
5.487657865457019613e-01 3.363873524397387182e-02
2.329029754176349665e-01 4.888516918124656829e-01
2.915084654442275935e-01 2.572926531159775432e-01
4.465941461542603519e-01 1.094774910876523816e-01
5.529418651838302612e-01 0.000000000000000000e+00
9.579432582339016122e-02 5.118033332145294212e-01
3.948348377430926370e-01 3.418696973090543656e-01
6.011451919536271449e-01 4.752923508941278574e-01
6.600580202644518168e-01 6.080952407781978764e-01
0.000000000000000000e+00 5.601303415607017389e-01
2.948143846603324958e-01 4.154051985323438667e-01
4.998556359264541560e-01 5.046462336250865377e-01
5.842957906037959948e-01 6.230775692829663148e-01
