7.411338197492449709e-01 0.000000000000000000e+00
4.019901367329590802e-01 1.077843213966604569e-01
2.203691769565132852e-01 3.229586800468564611e-01
2.469023004512266029e-01 5.230343271043582654e-01
3.394846368913835288e-01 6.547748270489897049e-01
0.000000000000000000e+00 3.353630476341941669e-01
7.730417587179204408e-02 5.763897312380983351e-01
1.626297708493730232e-01 6.186690435539538013e-01
2.049307041743035074e-01 6.312459622244107615e-01
2.689617838335006672e-01 2.954850582824545824e-01
3.323446445410641603e-01 6.337084779218740138e-01
3.782276264992604498e-01 8.406102209777284173e-01
4.226236545899100250e-01 1.000000000000000000e+00
5.976305738625455888e-01 2.487664771918064455e-01
7.367507908881093526e-01 5.694955570296342806e-01
7.611899812998126347e-01 5.156088840045145449e-01
7.473479509804746845e-01 4.235888357740795196e-01
9.410036532016992084e-01 2.032691104725047049e-01
9.966226979441991096e-01 4.670492920927443725e-01
1.000000000000000000e+00 4.319416438759974275e-01
9.753862667612663850e-01 3.490212450091294549e-01
