1.000000000000000000e+00 1.000000000000000000e+00
8.093736226063960038e-01 6.878400508345924314e-01
6.358241507093066458e-01 3.972602851681699687e-01
4.670790277029563953e-01 2.305230262519397666e-01
3.242022952478900155e-01 1.275124864510895906e-01
8.983649215599849303e-01 2.667009922757163642e-01
6.876961000375467759e-01 6.011987401684202453e-02
4.719512871998302050e-01 0.000000000000000000e+00
3.206843299541277115e-01 1.449071931561273820e-02
9.738753122092168590e-01 3.862722082093371645e-01
7.310100070196059452e-01 1.746773035190900547e-01
5.338158904288489159e-01 6.467067336424681123e-02
3.738789036355028572e-01 2.892892862214349256e-02
9.437321448977259442e-01 5.640945956576061127e-01
4.008652072416213907e-01 4.795665574581069457e-01
2.107044092919992950e-01 5.613156515582906625e-01
1.401844687137796530e-01 6.498838956705803582e-01
8.473993176290056661e-01 7.716938359991868390e-01
3.684966616060205147e-01 7.104469378185462869e-01
1.380707510978337049e-01 7.235570729654159372e-01
0.000000000000000000e+00 7.479374497502709884e-01
