7.629249343360537949e-01 1.000000000000000000e+00
1.000000000000000000e+00 7.929811812540445981e-01
9.992329091677064623e-01 5.990730084665335520e-01
8.250969180426560579e-01 4.591863119526083947e-01
5.846048389837502635e-01 3.974294630158534125e-01
9.549631505100183437e-01 4.789215519733510673e-01
7.092252382593835502e-01 2.891205135784546409e-01
5.698228651328086647e-01 3.029025092407218178e-01
5.163477130497686751e-01 3.342862769407041745e-01
7.212562447505255214e-01 4.648634891752997933e-01
4.698413141528258730e-01 2.219420071850693454e-01
3.377505789593781560e-01 9.665981144024651806e-02
2.569423540949541951e-01 0.000000000000000000e+00
4.767129672335694290e-01 4.941547819120487017e-01
1.369870080059036876e-01 3.570026148053767612e-01
1.605786923528811916e-01 4.546882689369950437e-01
2.592594053589548087e-01 5.271448046382534169e-01
2.409748486452107930e-01 5.560472231450455105e-01
0.000000000000000000e+00 4.631912180948682400e-01
3.335145868633267174e-02 5.493658695168784911e-01
1.294077379073956258e-01 6.160823652504511250e-01
