5.477195221889339383e-01 1.000000000000000000e+00
7.450853189057849990e-01 7.463229568944967918e-01
7.559226009896895526e-01 4.399578820970858617e-01
5.910962935281079966e-01 2.104623478009472193e-01
4.719145334315884566e-01 5.199155424502668182e-02
1.000000000000000000e+00 5.494657735762907835e-01
7.858174596009750434e-01 2.866254995747388734e-01
6.609636351039551716e-01 1.274871224747022858e-01
5.765207326025783008e-01 1.347766173740045162e-03
7.843857969547907150e-01 6.795305009581185107e-01
6.132591591068300430e-01 3.660207367508436782e-01
4.967034843481115125e-01 1.511577803636700856e-01
4.195784546931171644e-01 0.000000000000000000e+00
4.961361029523427835e-01 7.772007956574480403e-01
2.265811273166761508e-01 3.788770115909906866e-01
1.805887679828235559e-01 3.975718706433412075e-01
2.102262667318901546e-01 4.990667437394724071e-01
1.791607794067321680e-01 8.292970063060942643e-01
0.000000000000000000e+00 5.011867498609481331e-01
9.149134354094978772e-03 4.802282551123309151e-01
5.920571503352501513e-02 5.228210595562131635e-01
