8.304495545528000067e-01 1.000000000000000000e+00
4.792193993984464329e-01 9.289574695465765419e-01
1.764907340575885553e-01 7.784255226985770104e-01
0.000000000000000000e+00 6.335952271543991987e-01
1.596020897205114031e-01 5.468119286360196840e-01
4.201399793015763717e-01 5.437576278474662850e-01
2.700404837695200566e-01 3.988564552404761376e-01
2.151010477641421559e-01 4.223309252697544092e-01
2.225948710180457035e-01 4.849564092889528943e-01
5.925470107782085938e-01 4.917999981029187451e-01
4.947028021905482409e-01 2.381783514574853655e-01
3.856965929628353162e-01 9.709841425087423206e-02
3.337807913000759297e-01 0.000000000000000000e+00
7.850321717687751555e-01 4.858750445287123298e-01
6.219280548660903740e-01 3.032251830156424965e-01
5.601144909621773582e-01 4.311807433607426354e-01
5.726622741143071460e-01 5.594538672000978208e-01
1.000000000000000000e+00 5.112387571588468127e-01
8.191169131627185074e-01 3.674984928743521007e-01
7.165232036992519316e-01 4.494639955060253378e-01
6.755158365093967276e-01 5.589528533155709855e-01
