8.625075217670284677e-02 1.000000000000000000e+00
6.404493407092565205e-01 8.774683423536052684e-01
8.261856842823160907e-01 7.400084825529769095e-01
9.621367154639720587e-01 6.536299325772789715e-01
1.000000000000000000e+00 5.711324741079776279e-01
9.794327665742434685e-02 4.471082499869006299e-01
3.314653465088805429e-01 2.533267631397422837e-01
4.878560610366177164e-01 1.144012333829946271e-01
6.128950527488994382e-01 0.000000000000000000e+00
0.000000000000000000e+00 4.618383440574743148e-01
5.977261378313102336e-01 3.376497593713116419e-01
7.664558041143143541e-01 4.625275039104619901e-01
7.092526302865495014e-01 5.660707269329684488e-01
1.822013842220551391e-02 4.996363260827339503e-01
6.598091868161808371e-01 3.862021620994813276e-01
8.087395232143314017e-01 5.174795018714013484e-01
7.297122704478179456e-01 6.235270191387760619e-01
1.328421064505198868e-01 5.536976940422054794e-01
6.361560223811343340e-01 4.671071436772691876e-01
7.905922705519404792e-01 5.621390141487105918e-01
7.678211105794113811e-01 6.610537523117366865e-01
