9.237141877083984154e-01 5.674985073539769997e-01
6.271297355278292462e-01 7.307187509883089627e-01
3.249097742363163954e-01 8.995118592283858350e-01
1.058646970298117440e-01 1.000000000000000000e+00
1.454408859663971210e-01 8.930000412094889484e-01
1.215107952973039362e-01 5.650841584016085273e-01
0.000000000000000000e+00 5.934101714602246780e-01
7.480118089843933171e-02 6.611674360701864650e-01
2.187208645193994827e-01 7.598188795044127364e-01
2.578013304661706528e-01 2.784644961085783743e-01
2.216144478248940897e-01 3.040757142898215526e-01
1.899144478547479531e-01 3.370883483524350632e-01
2.109502088723816948e-01 3.934921591759635850e-01
4.637665453705204777e-01 9.472001027362142445e-02
5.880286704324299007e-01 3.486672563776476164e-01
7.394324128499280002e-01 5.865478331954891988e-01
8.414149167092830339e-01 7.571989622875674453e-01
7.033483766825996408e-01 0.000000000000000000e+00
8.845489368600270019e-01 3.153917920281681386e-01
9.728073325804195148e-01 5.943642190466423836e-01
1.000000000000000000e+00 8.050359912175870658e-01
