1.637581898036261363e-01 1.000000000000000000e+00
4.960315184220727147e-01 9.362510554795742124e-01
8.002630981501228646e-01 7.856900755188201968e-01
1.000000000000000000e+00 6.475725753701611076e-01
8.351808272892167206e-01 6.201177380032110165e-01
6.583080137156784861e-01 5.275213177142177301e-01
8.392118687091677520e-01 3.821710174228459267e-01
7.925510302899014814e-01 5.004638163762858971e-01
7.054909400276543341e-01 6.156924540643397004e-01
4.501099265795559523e-01 4.868487839686032048e-01
5.969577508976470215e-01 2.563717666646845306e-01
6.936240449619852644e-01 1.233303205090087451e-01
7.373719157264237989e-01 0.000000000000000000e+00
2.374547508264168438e-01 5.073830052922637668e-01
3.581032069322174216e-01 3.355874412796575057e-01
3.729743083135760862e-01 5.066128322530772943e-01
3.608745145609699723e-01 6.300078492002140207e-01
0.000000000000000000e+00 5.594318844026877624e-01
1.326452728902993705e-01 4.572909555806624060e-01
1.829145736686825507e-01 5.829699708628174326e-01
1.998078652527697785e-01 6.913269905452815722e-01
