8.638104220235869324e-01 0.000000000000000000e+00
9.908071817796144654e-01 5.460092867771441927e-02
1.000000000000000000e+00 1.574825109402227530e-01
9.255254434431642308e-01 3.815312563398787771e-01
7.959127323927324138e-01 5.619160067798004699e-01
5.568256549385892651e-01 5.728394711104090042e-02
4.745100170755769398e-01 3.160295211382196379e-01
5.326876694121073230e-01 4.803105226299803632e-01
5.711498290271609379e-01 5.453826992297285958e-01
4.612758805782808391e-01 2.601739555716955921e-01
2.625896563299196518e-01 5.559333016820132700e-01
1.371422538129174473e-01 8.132501809231083012e-01
0.000000000000000000e+00 1.000000000000000000e+00
4.415459744236233108e-01 4.179134290105335769e-01
4.959893319755763752e-01 7.435819152278524413e-01
6.734739169824452976e-01 6.843466819834831405e-01
7.715469104285009871e-01 5.295878064664126805e-01
4.668109862313508662e-01 5.253225004654247243e-01
4.984423941094556221e-01 7.687665371969661932e-01
6.376996021718785990e-01 7.496690341812329850e-01
7.128567997628556530e-01 6.195489049962342731e-01
