5.572192820664374491e-01 1.000000000000000000e+00
9.304352886713066484e-01 8.275083632736641714e-01
1.000000000000000000e+00 6.494596994725135852e-01
7.921222393344468093e-01 5.141406617176010885e-01
5.567487203212603264e-01 4.582350170240131471e-01
7.830143041974987339e-01 5.029408042434737602e-01
7.172331438479402355e-01 3.666418474196744270e-01
6.637714658980531368e-01 4.366770122852856595e-01
6.279373827443688327e-01 5.173342850808476667e-01
4.725537898984319418e-01 5.084658295777375603e-01
4.033614233774488467e-01 2.532943670976574579e-01
3.965115982475753142e-01 1.030635921298699298e-01
3.657318759698922617e-01 0.000000000000000000e+00
2.104363851827875942e-01 5.512211214494512346e-01
1.559640989240994036e-01 4.066149208544873050e-01
2.412276882635450703e-01 4.542544515307060937e-01
2.927111011819162334e-01 5.281921105292868290e-01
0.000000000000000000e+00 6.214959772040219432e-01
2.196526521358372480e-02 5.268239824265341653e-01
1.028560019490931399e-01 5.765761649210773276e-01
1.182059899431719685e-01 6.405867336569769366e-01
