8.650735946307188673e-01 1.000000000000000000e+00
4.238890501162880797e-01 9.229647492164051448e-01
1.264159966646365707e-01 7.770273890858514498e-01
0.000000000000000000e+00 5.908915908386580540e-01
2.179452362753473427e-01 4.992741293169749017e-01
3.278641002898005641e-01 5.510250910711843586e-01
1.589856571197338364e-01 3.885179317763695073e-01
1.995896194987962502e-01 4.563778120725690557e-01
3.054328001929279002e-01 5.241492971603104456e-01
5.149188027026253556e-01 4.985750509869559810e-01
3.406537475832921436e-01 2.491880482898591043e-01
2.011541338478076979e-01 1.222567009891267348e-01
1.037804873064079036e-01 0.000000000000000000e+00
7.468820483055454984e-01 4.922536201944720524e-01
5.939150872058565067e-01 2.837667414723069603e-01
5.888719849908645720e-01 4.237065258218961628e-01
6.547239945882092904e-01 5.468804248810869018e-01
1.000000000000000000e+00 5.190887366642855660e-01
8.553176565801897668e-01 3.738344185648712070e-01
8.072663508426288770e-01 4.731865912030601140e-01
8.502804403006731793e-01 5.766749555644588021e-01
