8.506098087920119788e-01 1.000000000000000000e+00
9.914611954449832343e-01 7.712977163812139159e-01
9.395830041184778381e-01 5.663310716925840094e-01
7.285739770471402199e-01 4.334393925816061310e-01
4.692490691449960893e-01 3.775746266145872942e-01
1.000000000000000000e+00 4.583885053977211355e-01
6.848395324490622604e-01 2.316797860201527948e-01
4.514819606719933653e-01 1.051202061185957382e-01
2.704281933017945727e-01 0.000000000000000000e+00
8.906137346791637155e-01 4.562432168668277277e-01
4.074805434020404848e-01 2.833188622931975265e-01
3.421688427768614371e-01 3.867016891116433208e-01
4.036824327660961109e-01 4.761907152425073342e-01
7.139716521318307807e-01 4.847689854830669609e-01
1.681705612784071269e-01 3.644233723978430040e-01
1.231197716565762268e-01 4.935201818939783935e-01
2.244240180343897717e-01 5.777759216489573024e-01
5.042258841887981013e-01 5.349608331303044029e-01
4.362426050113085013e-02 4.486749465440240114e-01
0.000000000000000000e+00 5.551508981105973684e-01
7.802515530710807390e-02 6.360237362797930283e-01
