5.483219522378548344e-02 1.000000000000000000e+00
0.000000000000000000e+00 6.591671430697607637e-01
9.933053887610079902e-02 3.756713110752243900e-01
2.930149922813648500e-01 2.386845571676758093e-01
4.527025111659259138e-01 2.320411681821153427e-01
2.755139622143967792e-01 2.268182949915777402e-01
5.664589319166937198e-01 1.224570680832182262e-01
7.319250440868662055e-01 1.019121846524482927e-01
8.420991391386991598e-01 9.577684305404289555e-02
4.244202233734555851e-01 3.235905423205907572e-01
7.146262917039779561e-01 1.513162287235596259e-01
8.833262098479895963e-01 6.107974500959065245e-02
1.000000000000000000e+00 0.000000000000000000e+00
5.416812890395380498e-01 4.696259992294092855e-01
6.855763156015316495e-01 4.509525627704543682e-01
6.133231883182165278e-01 5.292798384819641377e-01
5.208249325649491057e-01 5.924840978733644237e-01
6.231556856949793666e-01 6.378195899734188101e-01
6.811475220709015677e-01 6.309805975277114065e-01
6.063136787399671102e-01 6.928335412815451733e-01
5.351843407846088585e-01 7.391849542861673728e-01
