9.926265668429324895e-01 1.000000000000000000e+00
8.962052012604423412e-01 6.776219985815121749e-01
7.629575491053801617e-01 3.798684685241489056e-01
5.953484410928995274e-01 2.026259277663214620e-01
4.418212928051036825e-01 1.352384650224821294e-01
9.829453163106510738e-01 3.339185243479591003e-01
8.206842622773128371e-01 1.273266319482822539e-01
6.587019301491936485e-01 2.661664863380964335e-02
5.384935081022909076e-01 0.000000000000000000e+00
1.000000000000000000e+00 4.530722623061215204e-01
7.606184529385805471e-01 2.244194901975133383e-01
5.936448308699994181e-01 9.281464428506941422e-02
4.730842901495033170e-01 3.580686497311375699e-02
9.188114059197435290e-01 6.175368476012824681e-01
4.310205092868590326e-01 4.251793158611474333e-01
2.434734943210411784e-01 4.878210437848637948e-01
1.874246870185272695e-01 5.771438798278021309e-01
7.827938774088153417e-01 8.011354727942106013e-01
3.569829902215064799e-01 6.691965750779532707e-01
1.350274463653889367e-01 6.438200131914441071e-01
0.000000000000000000e+00 6.487208299500002440e-01
