1.493901912079880767e-01 1.000000000000000000e+00
8.538804555016741432e-03 7.712977163812139159e-01
6.041699588152215500e-02 5.663310716925840094e-01
2.714260229528597246e-01 4.334393925816061310e-01
5.307509308550039107e-01 3.775746266145872942e-01
0.000000000000000000e+00 4.583885053977211355e-01
3.151604675509377951e-01 2.316797860201527948e-01
5.485180393280066902e-01 1.051202061185957382e-01
7.295718066982054273e-01 0.000000000000000000e+00
1.093862653208363400e-01 4.562432168668277277e-01
5.925194565979595707e-01 2.833188622931975265e-01
6.578311572231385629e-01 3.867016891116433208e-01
5.963175672339038336e-01 4.761907152425073342e-01
2.860283478681692193e-01 4.847689854830669609e-01
8.318294387215928731e-01 3.644233723978430040e-01
8.768802283434237177e-01 4.935201818939783935e-01
7.755759819656101728e-01 5.777759216489573024e-01
4.957741158112018431e-01 5.349608331303044029e-01
9.563757394988691152e-01 4.486749465440240114e-01
1.000000000000000000e+00 5.551508981105973684e-01
9.219748446928919261e-01 6.360237362797930283e-01
