5.529353963149906681e-01 1.000000000000000000e+00
1.488228603599319744e-01 8.572850865881251892e-01
8.880816901335134017e-02 6.333531876675877470e-01
8.310561212242308093e-02 4.347355086343839270e-01
0.000000000000000000e+00 2.921998133294818056e-01
8.739987791246736082e-01 4.945855755766246920e-01
6.689289631949534298e-01 2.278305681923208370e-01
4.806975366467812205e-01 1.006016977763558445e-01
3.802037608485824283e-01 0.000000000000000000e+00
1.000000000000000000e+00 4.906222887210457961e-01
8.124624983257511257e-01 2.483800855811490460e-01
5.620040694509484958e-01 1.440699126232926619e-01
3.951982240648581612e-01 7.172225336149339048e-02
9.938355606266305875e-01 5.037219840840362339e-01
6.022108694742528412e-01 3.230658544363967932e-01
3.094402412760369758e-01 3.738508849062893158e-01
1.952733825754383035e-01 4.328621615752550889e-01
9.427582052211740393e-01 5.150229690744071442e-01
5.924062275452938175e-01 3.920357814804428798e-01
3.460893249087997336e-01 4.217999464372014229e-01
2.233230832928076726e-01 4.713034323532136471e-01
