0.000000000000000000e+00 6.393494377265250828e-01
3.721628230178387620e-01 7.062172008146834212e-01
6.586649678863972790e-01 7.913003981438406775e-01
8.240523198968053853e-01 9.120000705855932921e-01
8.780947672179779673e-01 1.000000000000000000e+00
8.580982852144314332e-01 1.373473571436427676e-01
9.803638749304720568e-01 3.621462758303687912e-01
9.956196190104922294e-01 6.046384887527779251e-01
1.000000000000000000e+00 8.062029023974082165e-01
6.037490432475861590e-01 1.273828227783093889e-02
6.985625339716436955e-01 4.083508316711272346e-01
7.244958726928995008e-01 7.569022497103150560e-01
7.360162017998830297e-01 9.848224053177059290e-01
3.090328520650797439e-01 0.000000000000000000e+00
3.390660828694173623e-01 4.105278654155128382e-01
3.256061016637587513e-01 6.197655615549281238e-01
3.179111975291621373e-01 7.044815687599766951e-01
1.121765463733735181e-02 4.752162983101881205e-02
3.004464052256509629e-02 3.633352321341397073e-01
4.261086046706949459e-02 5.534228392498926619e-01
6.547340030204060191e-02 6.350388819048634614e-01
