1.000000000000000000e+00 7.553510790683150011e-01
8.357927475964701536e-01 9.540807722856968764e-01
6.687356995823903194e-01 1.000000000000000000e+00
5.608528634392355716e-01 9.341520539296551684e-01
5.088012419672606201e-01 7.761419658798530685e-01
4.954208638843091150e-01 5.221015186384526663e-01
3.093314447141771173e-01 5.461626715002410037e-01
3.144835247709062975e-01 7.278162698655152862e-01
3.635696668217948124e-01 8.744389455747676454e-01
5.087471973168420369e-01 3.304331887334270301e-01
2.703064384663682596e-01 3.237297271610218297e-01
1.182421006060595386e-01 3.988138734445326739e-01
0.000000000000000000e+00 4.493869099746780615e-01
5.669498417957660186e-01 1.396631433168367131e-01
4.106890074770597199e-01 3.473824701465686449e-01
5.585237332843516755e-01 5.179136881122583524e-01
6.895043875955164658e-01 5.703921848163309161e-01
6.542096985421190780e-01 0.000000000000000000e+00
5.395209453928260235e-01 2.663201699897490005e-01
6.427382799495230392e-01 4.502797634807166327e-01
7.425440017944237026e-01 5.121128558142060694e-01
