9.738566184027300787e-01 7.061458023973823384e-01
5.946646048886462532e-01 7.652089736043578005e-01
2.570473197112603247e-01 8.291274758256610422e-01
1.022182943777981412e-01 9.419570067192140073e-01
1.702767065818542591e-01 1.000000000000000000e+00
1.591569896044462418e-01 1.585450759352436401e-01
3.696873711105152366e-02 2.727304292586552048e-01
3.014057206172811136e-03 4.974276601378063711e-01
0.000000000000000000e+00 6.872513912900191091e-01
4.147501977156189401e-01 2.246789750636298683e-02
3.045157430636188378e-01 2.888171436664669911e-01
2.432698420044620558e-01 5.755479936441125766e-01
2.221183544071185789e-01 7.722521388239030893e-01
6.993786761152726017e-01 0.000000000000000000e+00
6.783718169827167577e-01 3.645513346969910251e-01
6.946467730496936888e-01 5.740257211315599184e-01
7.072052880250353502e-01 6.659801445932180819e-01
9.860649623421507970e-01 5.225470656998164320e-02
9.966514256623303369e-01 3.637872154643223555e-01
1.000000000000000000e+00 5.506212883570493766e-01
9.872451306148173344e-01 6.243015211628453187e-01
