8.454542484437204131e-01 1.000000000000000000e+00
6.820259927353964358e-01 6.912448836044714495e-01
4.980278393342964516e-01 3.738918517741507963e-01
5.632165309265685371e-01 1.641025714714742789e-01
7.542672151560300131e-01 9.274695027980765782e-02
0.000000000000000000e+00 5.734742058944612975e-01
5.733136687562696149e-02 3.505708952623452501e-01
8.467406040845175397e-02 1.645796347161222195e-01
1.116977748599246867e-01 0.000000000000000000e+00
5.542000555603563555e-02 7.317780161497403624e-01
4.953455152411104928e-02 4.531822417517992196e-01
8.156353106363284367e-02 2.880228027609316732e-01
7.421328642600950876e-02 1.480386881048159631e-01
2.486134559295601343e-01 8.591779711735971770e-01
5.929732194829330227e-01 4.793337854896616013e-01
8.263394753238749724e-01 5.318430734943230265e-01
8.768990129627298735e-01 6.342995899698889994e-01
5.283861417701560814e-01 9.493477740760671857e-01
8.468861745380071859e-01 6.175037665723795977e-01
9.923694404120977364e-01 6.303327444284545500e-01
1.000000000000000000e+00 7.079776613698756105e-01
