5.707956527052918672e-01 0.000000000000000000e+00
2.024800751384270570e-01 1.604087929701575599e-01
0.000000000000000000e+00 4.590139352428800890e-01
6.094545360615898077e-02 6.716398395354000739e-01
3.036545794474780902e-01 6.827849224811872730e-01
1.644954190098593949e-01 2.937933402486975210e-01
3.429164166317674178e-01 6.440490056216194859e-01
3.627792129455454373e-01 6.236065173819673735e-01
3.494764394775229377e-01 5.355312486862382482e-01
4.485443125620802163e-01 2.126606601400987950e-01
6.806442254315449025e-01 6.086844677104903401e-01
7.948741988618738263e-01 8.557149571080122641e-01
9.093134482142545272e-01 1.000000000000000000e+00
7.421923936932129928e-01 1.698956577599714246e-01
8.783377416808038074e-01 5.576789341227293972e-01
8.697897171617975376e-01 7.887486493525751596e-01
8.465725267831325507e-01 9.177253155852567179e-01
9.743128753961592947e-01 1.661760412694514577e-01
1.000000000000000000e+00 4.935016133689139606e-01
9.311898376568941149e-01 5.974329565564868716e-01
8.461539749390289966e-01 6.289189147310653150e-01
