1.993863958636570566e-01 0.000000000000000000e+00
5.690882273564800142e-01 1.008525325125869537e-01
8.354021951508381338e-01 2.878391004999199532e-01
9.200314794907622495e-01 4.904968955149531240e-01
9.323556612925877340e-01 6.351291786012915885e-01
9.538997613797647324e-01 2.303241829600241874e-01
1.000000000000000000e+00 4.771709868526392562e-01
9.731388818956038245e-01 5.963046487217349423e-01
9.133731529907134217e-01 6.645856713337722210e-01
6.748046931882238919e-01 2.008922414559946024e-01
7.258349281259283137e-01 5.861014428294401002e-01
8.071020423484580597e-01 8.289062605632550040e-01
8.393439270276409347e-01 1.000000000000000000e+00
3.239400750614995772e-01 1.959193723425074196e-01
3.538785981530392366e-01 5.640867476738600228e-01
3.574300723627027443e-01 5.249661086302904733e-01
3.500022328174985375e-01 4.241286626696792461e-01
0.000000000000000000e+00 2.082234517603942514e-01
6.299231198867670523e-02 5.080592076002063973e-01
9.508793094186714090e-02 4.947669590279136775e-01
1.179063549869169836e-01 4.119871195004358722e-01
