7.685998719747028085e-01 1.000000000000000000e+00
3.363990611478202553e-01 8.784053460872059960e-01
1.699966069798272694e-01 7.080618949980168608e-01
8.323113463294168346e-02 5.848577026908038379e-01
0.000000000000000000e+00 4.747229828277816366e-01
6.083716651333946901e-01 4.648512852187345890e-01
4.872502894561023812e-01 2.484523897974189321e-01
3.409883832783570656e-01 1.120928967859850106e-01
2.392684368670880413e-01 0.000000000000000000e+00
7.709732371161427400e-01 4.726921621064198997e-01
3.728554888222722075e-01 3.325734430094407501e-01
1.895323578691833211e-01 4.716166202599469393e-01
2.145567561327965111e-01 5.912255391397805981e-01
9.042542176639930540e-01 5.040406755635413738e-01
4.292034098103756357e-01 3.911325654185841549e-01
3.001542599892962349e-01 5.420553562289006644e-01
3.820946477730244317e-01 6.566151950454964803e-01
1.000000000000000000e+00 5.624472201441614860e-01
5.641403241208754471e-01 4.697720365220962035e-01
3.698755776004701290e-01 5.676230778541425659e-01
3.757105229098821053e-01 6.655643939705336853e-01
