0.000000000000000000e+00 5.631637087569989486e-01
3.166829077049042040e-01 6.562638710538072351e-01
6.019415294316626808e-01 7.247378873874038563e-01
8.162023994276360606e-01 8.338935280023753727e-01
9.105904307378102081e-01 1.000000000000000000e+00
4.420840684260771147e-01 2.777533837601507405e-01
1.000000000000000000e+00 3.256059991964052602e-01
8.487755884811055695e-01 4.370761583709563691e-01
6.549715268769722432e-01 4.546706114316688696e-01
3.785899240457240023e-01 1.340836525850583882e-01
9.599355878300487310e-01 1.839537019785611460e-01
8.591426076384539590e-01 2.893095604024476519e-01
7.002693393966542557e-01 3.083636168902796904e-01
3.418407713042438401e-01 4.525862378108052447e-02
8.599477597628454317e-01 8.839557898585453932e-02
7.832967821514174034e-01 1.714249876520227700e-01
6.433483925618167509e-01 1.738074021561265559e-01
3.387873499650057019e-01 0.000000000000000000e+00
7.332059172577484185e-01 1.422945992282494306e-02
6.778269844673399103e-01 8.746687084326604245e-02
5.380546279174601709e-01 1.056492772827341692e-01
