1.000000000000000000e+00 8.286598900234853904e-01
6.759063427863850615e-01 1.000000000000000000e+00
3.484734425884749021e-01 9.962103732653434518e-01
1.640185899661569247e-01 8.162134152786406638e-01
1.215783513541840583e-01 5.976566185702021361e-01
0.000000000000000000e+00 4.916842183959309054e-01
2.045142085966815126e-01 4.429073397593715766e-01
4.488883471993341256e-01 5.193149798531068173e-01
5.670929740702541633e-01 6.078911887311453377e-01
1.685407873457678285e-01 2.635125972864210131e-01
4.236198950738228608e-01 2.307733158718332789e-01
6.567100484891811307e-01 3.665878664917079366e-01
7.574724992975674365e-01 4.919966692532373176e-01
3.822420963112648229e-01 1.185091041270839723e-01
5.992229030895764863e-01 9.087060873779649606e-02
7.986970090201552797e-01 2.593037914313188197e-01
8.668106013197879323e-01 4.086166315632081547e-01
5.918387412955552485e-01 6.790907989409668277e-02
7.386090709557554534e-01 0.000000000000000000e+00
8.907414444060937075e-01 1.604368124856599964e-01
9.479892677187962136e-01 3.007643702903575744e-01
