1.000000000000000000e+00 1.000000000000000000e+00
7.168941131453022697e-01 9.180008566815908155e-01
4.545560051705213045e-01 6.634571989155924054e-01
2.090541922505467776e-01 4.479141168578271714e-01
0.000000000000000000e+00 2.331568499906757630e-01
4.945400224285170787e-01 0.000000000000000000e+00
1.265136093834682007e-01 2.171458113027140702e-01
1.101195925406798087e-01 5.138411073449339339e-01
1.934434907274305837e-01 6.713259699459280805e-01
5.588390068896995633e-01 4.968894092982135274e-02
2.272280222207304912e-01 3.388921197754857229e-01
2.293722850327602203e-01 6.364815894184978617e-01
2.959312233601913422e-01 8.161079761217072681e-01
5.917441949155565206e-01 1.882576758659706140e-01
3.224391990923236584e-01 4.492037986557705920e-01
3.199143904489855639e-01 7.027089494186191665e-01
3.723487771592752238e-01 8.699482361038736178e-01
6.029345836137203207e-01 3.157532648659882590e-01
3.838101481449099350e-01 5.237045399898337950e-01
3.880677618509251747e-01 7.130277041030886886e-01
4.447646094023079977e-01 8.113837661547490532e-01
