6.461817529100847279e-01 3.629376633545345898e-01
7.405769800816692783e-01 4.937647149627952814e-01
7.536018727157115515e-01 6.970668435035870525e-01
8.751950419648185653e-01 8.613676551852623708e-01
1.000000000000000000e+00 1.000000000000000000e+00
1.242254047682920942e-01 6.473902813387504285e-01
1.335745140473231507e-01 6.555520824909719657e-01
4.092410589634834506e-01 5.547136837651406305e-01
6.029066825385528405e-01 5.101837578536579931e-01
2.077162707428840613e-02 4.294139784892491707e-01
4.720465269429699462e-02 4.072453505465919998e-01
3.748657681114306306e-01 3.360154207575067886e-01
5.561421696565931327e-01 3.403610716262660540e-01
0.000000000000000000e+00 2.304316150572835453e-01
1.399609407690304182e-02 2.185820401546011149e-01
2.984261335506592783e-01 1.712711839036452077e-01
4.533948447133557824e-01 1.823386089950174704e-01
4.425311539210571854e-02 7.065944341722757427e-02
5.695244925780421769e-02 2.825820035357212018e-02
2.446176238941756009e-01 0.000000000000000000e+00
3.489952845794250247e-01 5.580222732232490920e-03
