0.000000000000000000e+00 8.757054611861390114e-01
1.476427269687875243e-01 6.077074322916035110e-01
3.976643876822253398e-01 3.522177534593939896e-01
5.572422901321621991e-01 1.652059470341906422e-01
5.970160103266533014e-01 0.000000000000000000e+00
5.828562673377489789e-01 4.038593887032678187e-01
9.803752712484256060e-01 4.626305482086554011e-01
8.905495163909188383e-01 5.404759347883948406e-01
7.470978315300687012e-01 5.471555516295106836e-01
5.873758914546159948e-01 5.759701227986002703e-01
1.000000000000000000e+00 6.461344624176468265e-01
8.923742785269148659e-01 7.013916674316680311e-01
7.351450337735802032e-01 6.907649321054050162e-01
5.840957007032756554e-01 7.637187843348500760e-01
9.253909575210157445e-01 8.263213017379099634e-01
8.179666684452111536e-01 8.628763879001606352e-01
6.767464041991924084e-01 8.505458645757013603e-01
5.736288034132389635e-01 9.522282614029952130e-01
8.760296181497687629e-01 9.808553350619477751e-01
7.807121993627589296e-01 1.000000000000000000e+00
6.564604729916602155e-01 9.916727433758096844e-01
