0.000000000000000000e+00 8.675474052794072133e-01
1.689248810736811712e-01 6.318372274455298365e-01
4.254489195051665007e-01 3.826776454580083087e-01
5.674231276527914591e-01 1.790477729516784244e-01
5.949890293987110113e-01 0.000000000000000000e+00
5.029083657867264856e-01 3.611444758514346098e-01
9.781938202071599475e-01 4.127518113715635817e-01
9.339571052615128766e-01 5.237212100389807556e-01
7.984249842160864308e-01 5.542356320941567160e-01
4.773371756483906769e-01 5.037286653326805697e-01
1.000000000000000000e+00 6.057476376292709741e-01
9.177966281810054916e-01 7.024797338908281841e-01
7.497442693454520191e-01 7.049230060993536551e-01
4.484057934776493615e-01 6.762471490970471955e-01
9.401408987766685099e-01 7.749675952739684126e-01
8.603881905071480984e-01 8.476467956156354955e-01
7.129624374113131546e-01 8.395293523332421071e-01
4.218259331262150247e-01 8.592580421095086241e-01
8.369762397404562071e-01 9.455166050031946767e-01
8.007421252336331952e-01 1.000000000000000000e+00
6.965321648028104384e-01 9.988412382305831283e-01
