7.584987277481806123e-01 1.000000000000000000e+00
1.000000000000000000e+00 7.355457874610740188e-01
9.387479686012849545e-01 4.150179775588284103e-01
8.194507591301124494e-01 1.910793741268400348e-01
7.570548675275450279e-01 0.000000000000000000e+00
2.637634553154380446e-01 3.439190133431744290e-01
6.397878399881309353e-01 2.120017920446922444e-01
8.749090559389681721e-01 3.581496080924609360e-01
8.562702017493819540e-01 4.483101292125142301e-01
7.680835394732049570e-02 4.681453056622153497e-01
5.934511380951685844e-01 3.721788304920042867e-01
8.280911791939121747e-01 5.144268199766447447e-01
7.757053860534481871e-01 5.875651727931289203e-01
0.000000000000000000e+00 6.257851653164049344e-01
5.230215397494567542e-01 5.541578102082526103e-01
7.443326010815440874e-01 6.718273736941997587e-01
7.017430882094035649e-01 7.398265010806841513e-01
1.098881180356989012e-03 7.943121054254759228e-01
4.016394350567515925e-01 7.373031419586224544e-01
6.125626076958101685e-01 7.873073654193191162e-01
6.338949165815337405e-01 8.292311708039424856e-01
