1.000000000000000000e+00 9.167442157156550087e-01
7.479533289921984629e-01 1.000000000000000000e+00
4.126304448466431296e-01 8.556251895688654630e-01
1.779190731949066295e-01 7.140351658358554676e-01
0.000000000000000000e+00 6.838646658709601756e-01
4.195919006826679398e-01 4.909199566795449110e-01
2.885471559854621004e-01 3.168188637997689239e-01
4.511970488986954408e-01 5.447911535599584409e-01
5.367081576887319239e-01 6.367099122131272271e-01
5.643374682914914509e-01 3.312709031734229481e-01
4.432059335371164588e-01 1.620022547964674320e-01
6.060386110762042700e-01 4.741226023595103700e-01
6.508579725376979486e-01 5.317236909820564073e-01
7.253636516451432703e-01 2.257595072668123204e-01
6.195773214327485734e-01 3.204724045658163128e-02
7.447354219740848214e-01 3.415723527392762193e-01
7.800271348129096394e-01 4.189703980147071460e-01
8.904580169282499957e-01 1.514502567807552991e-01
8.330480043563669446e-01 0.000000000000000000e+00
8.905148651228982359e-01 2.329125608243002021e-01
9.043428484699131964e-01 3.243682584844847505e-01
