1.000000000000000000e+00 8.166125268620134658e-01
6.888082677157647549e-01 9.435398229696021488e-01
3.851915150535915600e-01 9.312068575164077489e-01
1.647910816292552094e-01 9.178039573613835378e-01
0.000000000000000000e+00 1.000000000000000000e+00
3.639613198248251025e-01 3.757433274326157369e-01
1.670253935004019918e-01 3.395123448289778523e-01
3.244704183023113253e-01 5.669718142611097633e-01
4.228462727088952433e-01 5.923551003510051371e-01
4.736617367584669558e-01 2.296370360169956715e-01
2.647068082020069268e-01 2.289456253640826944e-01
4.479861962782031304e-01 4.989587816803230380e-01
5.407833603654808030e-01 4.548238089187539024e-01
6.110170007579793783e-01 1.077560619839228184e-01
4.058899025789869386e-01 1.203662125930316518e-01
5.524668348960871667e-01 3.854403729271262402e-01
6.454682148344405013e-01 3.419203077154377435e-01
7.777617297273046182e-01 1.303657225296759930e-03
5.842303355874848281e-01 0.000000000000000000e+00
6.423174181995155996e-01 2.195693385319963664e-01
7.213108604899413079e-01 2.310863817602410442e-01
