7.654847616702964430e-01 1.000000000000000000e+00
5.123531538634874538e-01 9.031548441716665820e-01
2.938137687458236003e-01 6.133114421489768153e-01
1.438720630598933625e-01 4.059188074776639565e-01
0.000000000000000000e+00 2.136218379097125919e-01
4.710662945431601245e-01 0.000000000000000000e+00
3.566598629989786717e-01 5.047083377001073679e-01
4.101253477189456542e-01 7.746793696124925077e-01
4.765245662540213978e-01 7.305466355097335329e-01
6.665509630760046988e-01 4.036536798805250535e-03
5.301690972993058359e-01 6.585771494353761524e-01
5.465587866219587809e-01 8.608719165116461847e-01
5.867658075454958988e-01 7.436913760578510724e-01
8.434762566918216908e-01 1.492764323564859663e-01
7.139944859848291747e-01 7.364962287447270883e-01
7.066476091685619521e-01 9.098122641941991384e-01
7.387099684458653392e-01 8.014011613435690906e-01
1.000000000000000000e+00 3.383590126942122578e-01
9.029938686364357148e-01 7.604976566798543614e-01
8.678574174041090439e-01 9.151244448738439230e-01
8.769309513684880875e-01 8.626429163282416379e-01
