1.000000000000000000e+00 9.715192267511831847e-01
9.817768686470975670e-01 6.345805001645413723e-01
7.297069729020032591e-01 3.333621804841703229e-01
5.197807376540912738e-01 1.631456560226937635e-01
4.235902328352442736e-01 0.000000000000000000e+00
2.514872614661259886e-01 4.089316410756145270e-01
8.219069174802931532e-02 2.322947170103889236e-01
3.910418870845897010e-01 3.090971586432477713e-01
4.668636814831861326e-01 4.031053926588443748e-01
1.521872931849529431e-01 5.854416627072230872e-01
3.440909599371996808e-02 3.953414416979996182e-01
4.190567895126486864e-01 4.944391015683151092e-01
4.090194480267062560e-01 6.025308775584873322e-01
1.168759107253821428e-01 7.793112239007592423e-01
0.000000000000000000e+00 5.998191828046451901e-01
3.630342121468816408e-01 6.722158948301713011e-01
3.571283669633387170e-01 7.710659447745388251e-01
1.211013644023432173e-01 1.000000000000000000e+00
2.545571379926664032e-02 8.669358525093360246e-01
2.908821759739494972e-01 8.563838025187879843e-01
3.410261755061337330e-01 9.074411945198422869e-01
