1.000000000000000000e+00 3.809696683067430034e-01
9.258845569864768699e-01 5.138758674014571870e-01
7.292999248636111709e-01 6.946500745569559321e-01
6.764172583598110355e-01 8.636822237890079412e-01
6.162382661532583850e-01 1.000000000000000000e+00
0.000000000000000000e+00 4.549458638496834961e-01
5.125349938143861639e-01 4.927348619844342803e-01
7.563669212403043574e-01 5.032325684776673969e-01
7.789922065526316830e-01 5.116934008952893631e-01
6.030455093579602938e-02 2.595001900842656695e-01
6.913050579998949452e-01 3.209333326769998607e-01
8.777637478996609399e-01 3.708774054936624931e-01
8.344258173745442431e-01 3.885920662916982904e-01
2.626890305133278147e-01 1.087281526157033856e-01
7.548712952007874399e-01 1.737823626035334412e-01
9.187984427308739654e-01 2.352902420128636374e-01
9.103047639879383590e-01 2.601226497898092016e-01
5.027206758582095647e-01 0.000000000000000000e+00
7.815573543469028772e-01 9.891197583885095665e-03
9.025911401556416802e-01 7.143779435608765827e-02
9.210857705314798860e-01 1.135979732927820257e-01
