7.271259986019625865e-01 3.701195223846155957e-01
8.103814296839586540e-01 5.016440304201439382e-01
7.747493674236602956e-01 6.931797482479019612e-01
8.729788434226178895e-01 8.577905290097331825e-01
1.000000000000000000e+00 1.000000000000000000e+00
1.332985296897568339e-01 6.119138912519761497e-01
4.929127093149250627e-02 6.002239192547246249e-01
3.519034194579813701e-01 5.317474789821334813e-01
5.969414753454193034e-01 5.017858815096907232e-01
4.727094959844685418e-02 3.984639581669678354e-01
0.000000000000000000e+00 3.497428504482533729e-01
3.420977587215136007e-01 3.095195713015094219e-01
5.497104019281965348e-01 3.179821346652847436e-01
4.249421418165130748e-02 2.123379924238083805e-01
9.185316684776201682e-03 1.769602220305410423e-01
2.909101059391584476e-01 1.531060251941759598e-01
4.596292463552631435e-01 1.664012062479280352e-01
9.374071127467770159e-02 6.699945037641905077e-02
9.549052121617611355e-02 1.663707813624263829e-02
2.849519578235019668e-01 0.000000000000000000e+00
3.975685444611876673e-01 6.000814754726031819e-03
