7.630684001081425305e-02 1.000000000000000000e+00
0.000000000000000000e+00 6.857895405447149706e-01
1.258924408974664289e-01 3.745652251397613153e-01
2.771501458225936187e-01 1.778337706443231248e-01
3.505999205904732352e-01 0.000000000000000000e+00
6.280638159699700740e-01 3.715874891586173345e-01
7.216808979634620203e-01 1.871888443200293850e-01
4.706143003865069785e-01 2.999258810422715804e-01
4.009229348534951720e-01 4.028973109715249801e-01
7.823845381835052848e-01 5.156118652478963726e-01
8.353259735987038637e-01 3.179776400194848085e-01
5.178285128180845076e-01 4.826814794911655770e-01
5.419236477674370667e-01 5.921327890022455298e-01
8.921826930272218625e-01 6.867626831611050031e-01
9.299022574484454573e-01 5.065837923499365569e-01
6.331846289529298177e-01 6.480788018866976419e-01
6.737666680922070883e-01 7.500644770957798357e-01
9.730937019480343508e-01 8.884815849575986579e-01
1.000000000000000000e+00 7.500131147600912485e-01
7.681237506023430583e-01 7.998354942985065330e-01
7.623635219806769170e-01 8.645244368649965816e-01
