0.000000000000000000e+00 1.000000000000000000e+00
3.520366011524462824e-01 9.426928717600244756e-01
6.168020022489575371e-01 7.416780731828952478e-01
8.158632741373542663e-01 6.140809204910339103e-01
1.000000000000000000e+00 5.709141053242630104e-01
5.284445253024224742e-01 3.690765605966023211e-02
8.322041186554408609e-01 2.755937775640380782e-01
7.406526598691728358e-01 5.299110688952833881e-01
6.113703819820232033e-01 5.483173985243382509e-01
4.048637567305718443e-01 0.000000000000000000e+00
7.236404530787454714e-01 3.651266405830140838e-01
6.251179806592485066e-01 6.172134651979944708e-01
5.006615170405633863e-01 6.080487914314451903e-01
2.848214941571791670e-01 6.611452899433298280e-02
5.907687333832236654e-01 4.318054438650024696e-01
5.099569486289954323e-01 6.596599159261522516e-01
3.929068111671575325e-01 6.565101397616666112e-01
1.696405358494365856e-01 1.980130562977452657e-01
4.475720184599864537e-01 4.652071696737984374e-01
4.152427533493537326e-01 6.409646796520991341e-01
3.222495871192769257e-01 6.600365463549144884e-01
