0.000000000000000000e+00 9.167442157156550087e-01
2.520466710078015371e-01 1.000000000000000000e+00
5.873695551533568704e-01 8.556251895688654630e-01
8.220809268050933705e-01 7.140351658358554676e-01
1.000000000000000000e+00 6.838646658709601756e-01
5.804080993173320602e-01 4.909199566795449110e-01
7.114528440145378996e-01 3.168188637997689239e-01
5.488029511013046147e-01 5.447911535599584409e-01
4.632918423112680761e-01 6.367099122131272271e-01
4.356625317085085491e-01 3.312709031734229481e-01
5.567940664628835412e-01 1.620022547964674320e-01
3.939613889237956745e-01 4.741226023595103700e-01
3.491420274623020514e-01 5.317236909820564073e-01
2.746363483548567852e-01 2.257595072668123204e-01
3.804226785672514266e-01 3.204724045658163128e-02
2.552645780259151786e-01 3.415723527392762193e-01
2.199728651870903884e-01 4.189703980147071460e-01
1.095419830717500320e-01 1.514502567807552991e-01
1.669519956436330832e-01 0.000000000000000000e+00
1.094851348771018196e-01 2.329125608243002021e-01
9.565715153008684524e-02 3.243682584844847505e-01
