1.000000000000000000e+00 2.661063771098048369e-01
9.039762490546048301e-01 4.457656089992439452e-01
6.582852872843214520e-01 6.301619411224893552e-01
4.726770469631036420e-01 8.202304532160713535e-01
3.981844384176375651e-01 1.000000000000000000e+00
2.323213870294298655e-01 5.267609443515891554e-01
5.077318471536429456e-02 5.487788416447867412e-01
3.153085034708969503e-01 5.033467638081761120e-01
4.740795048395169409e-01 4.765547869003451953e-01
2.014628826018081131e-01 3.520758027447114524e-01
0.000000000000000000e+00 3.587449717520638237e-01
3.037160199039045660e-01 3.461222263062277982e-01
4.365764961917316667e-01 3.630325024346923168e-01
2.277119875605632116e-01 1.836900363369160238e-01
3.029302970580208254e-02 1.706928746602064950e-01
3.028114617647443829e-01 1.854393376369646018e-01
4.330507134649451140e-01 2.235474205765220490e-01
2.876096079341692868e-01 3.152466246836432145e-02
1.171758289013475757e-01 0.000000000000000000e+00
3.044948946142435053e-01 3.332122674109909422e-02
4.147798878315681059e-01 8.233516272200028241e-02
