1.000000000000000000e+00 2.127759046969858181e-01
8.227446810466175764e-01 5.226239071906372269e-01
5.170346258980988985e-01 7.719221789810659651e-01
2.216346642176114656e-01 9.058334041521410862e-01
0.000000000000000000e+00 1.000000000000000000e+00
2.334362964026084619e-01 5.823065513319209963e-01
4.672364632079653579e-02 5.744934420747378478e-01
2.725667404069833655e-01 5.289435624770778555e-01
4.225942310044449313e-01 5.106014783234968935e-01
2.262150950128309079e-01 3.844551563776463787e-01
5.225829425379347609e-02 3.781546280006602423e-01
3.392436350370433562e-01 3.568366766419460157e-01
4.773510706014631455e-01 3.616456170881364174e-01
2.571651714751056472e-01 1.950322751046712211e-01
8.505376397301231406e-02 1.850771074919093651e-01
3.558527635179386528e-01 1.859430277788814145e-01
5.000250985737647591e-01 1.963757461146910244e-01
3.275948331345479025e-01 5.985400880973009048e-03
1.578318508678097087e-01 0.000000000000000000e+00
3.595209259653347478e-01 2.563876685549176804e-02
4.925334688891984114e-01 4.738240857706601389e-02
