2.788662484527060573e-02 8.705966831937083095e-01
0.000000000000000000e+00 6.168036171030335524e-01
1.327336174774081945e-01 3.703996790515091675e-01
2.535702679130725778e-01 1.754561751268305103e-01
2.421900562471759610e-01 0.000000000000000000e+00
7.522157234379577284e-01 4.234914659186896357e-01
8.821529691908790438e-01 5.649765297952260568e-01
5.678355149473227614e-01 5.883021723269949987e-01
4.765636520707764445e-01 5.018447428603349803e-01
8.815335347138435473e-01 5.914566761856557831e-01
9.530059057651749654e-01 7.234644155131875198e-01
5.887868514038828716e-01 7.350832925658782324e-01
5.351188002000561994e-01 6.514908362096254457e-01
9.370001132017706791e-01 7.533761377505505674e-01
1.000000000000000000e+00 8.696350565130029908e-01
6.696313764884870290e-01 8.724373295595929667e-01
6.050538646220541272e-01 7.820471299993736469e-01
9.523026222270827290e-01 9.019993939896640001e-01
9.928571011884266273e-01 1.000000000000000000e+00
7.344849515119081795e-01 9.892814037772387215e-01
6.318538853867885496e-01 9.157724177273258714e-01
