0.000000000000000000e+00 8.471216628127373749e-01
6.909360775182152303e-02 5.598198553109495768e-01
2.808417636896266556e-01 3.199230644831225212e-01
4.641171786975137326e-01 1.540727614700064252e-01
5.230677983925486885e-01 0.000000000000000000e+00
7.329532336813641136e-01 2.546039062517963525e-01
9.703196574776534744e-01 4.460310148697545496e-01
8.777611056861713834e-01 5.506524343369388896e-01
7.488012018327949715e-01 5.667698043041888845e-01
8.135618418087583459e-01 4.108131267106042706e-01
1.000000000000000000e+00 6.301550743487728257e-01
8.806041613460526829e-01 7.159977282638769758e-01
7.552302861864342853e-01 7.063843909348225258e-01
8.461130023285510227e-01 5.947978469092048970e-01
9.810319537294374115e-01 8.012862441165943261e-01
8.467724479831743034e-01 8.606458505942613524e-01
7.150841433185608498e-01 8.402969505544829465e-01
8.444024337114098833e-01 7.910007365514217792e-01
8.914231803500337614e-01 9.606899210487388485e-01
7.554996169157965902e-01 1.000000000000000000e+00
6.449073236685946009e-01 9.724667727934306338e-01
