0.000000000000000000e+00 1.774034661834701654e-01
1.591758709804660110e-01 4.196499830939025566e-01
3.850422088871888193e-01 6.540325117258958265e-01
4.694103346249751674e-01 8.495525866329122211e-01
4.909397404034459567e-01 1.000000000000000000e+00
9.820949449318407964e-01 4.301439012337116008e-01
9.157196508630840448e-01 6.236772756040678267e-01
6.700072978014567360e-01 5.944450898624104029e-01
6.077559953132780635e-01 5.325061425487459532e-01
1.000000000000000000e+00 2.756852171349800096e-01
8.263762376672161292e-01 4.743767718890612994e-01
5.636057365848895495e-01 4.416543353302757602e-01
5.749287809462235721e-01 3.701264576090443348e-01
9.212045912099688927e-01 1.306913119998612816e-01
7.528836327772640002e-01 3.145788821168167826e-01
5.168608563951494483e-01 3.014671024682902267e-01
5.360781716463201008e-01 2.293548806602914714e-01
7.957788232641457293e-01 0.000000000000000000e+00
6.698141892795419494e-01 1.499060714564386110e-01
4.929429670164335864e-01 1.705664669724213933e-01
4.909542784029650719e-01 1.230889434122573595e-01
