8.475479301197937909e-01 1.000000000000000000e+00
1.000000000000000000e+00 6.938566496275677675e-01
8.681455682027291454e-01 3.842343094595557784e-01
7.282844427279746569e-01 1.785791219270192742e-01
6.842575462189677271e-01 0.000000000000000000e+00
2.353967178201961385e-01 3.564441411483630917e-01
4.699113634303279663e-01 1.911986535539766940e-01
6.900312106654370448e-01 3.461288860868150796e-01
6.376513670801384759e-01 4.312421497660093306e-01
6.068437622401651882e-02 4.875353651511352138e-01
4.111919683083808397e-01 3.368539825199189930e-01
6.775671980948849704e-01 4.980808574781009357e-01
5.869376598916279386e-01 5.629144746755326834e-01
0.000000000000000000e+00 6.496555824581234928e-01
3.821240579039447693e-01 5.322011226548573060e-01
6.310412010331835075e-01 6.620356292508218221e-01
5.373638075166813355e-01 7.255656112289420312e-01
7.051965130229634685e-03 8.153221064221102266e-01
3.308000374830402102e-01 7.370185892452950638e-01
5.350942593725114271e-01 7.997154740657371752e-01
4.775358396891155044e-01 8.462764392072984476e-01
