2.002276932845641066e-02 8.353750205349245173e-01
0.000000000000000000e+00 5.982727549952989721e-01
1.647048201869050210e-01 3.505934810654948164e-01
3.096679429505924119e-01 1.690686004414418409e-01
3.407155936398700291e-01 0.000000000000000000e+00
8.296017986706916147e-01 4.344963867231430021e-01
7.167260151607600660e-01 5.257866460484840188e-01
4.614649098172365904e-01 5.356701269723158632e-01
4.846390278390791950e-01 4.887909757177157921e-01
9.728442104652620381e-01 5.993313754012853378e-01
7.596222713039628704e-01 7.059925694018316378e-01
4.473566974044366762e-01 6.890442045783002900e-01
4.996776945146343962e-01 6.368710814331227654e-01
1.000000000000000000e+00 7.676518956873055188e-01
7.931932749705874475e-01 8.634157240483910645e-01
5.098581419333260145e-01 8.342561312127622086e-01
5.595706455757383235e-01 7.714479675457478480e-01
9.811818873961516418e-01 9.225469867654431111e-01
8.074403990341224580e-01 1.000000000000000000e+00
5.775099093412823237e-01 9.657503554623396713e-01
5.718720928591729535e-01 9.092415983266863844e-01
