1.932597093579470904e-01 1.000000000000000000e+00
4.789843301380068419e-01 9.149499478057456781e-01
7.135785565309761269e-01 5.786247158570673177e-01
8.606346385397034560e-01 2.747313001531087595e-01
1.000000000000000000e+00 1.068424543648376912e-01
5.358283685631930471e-01 2.310573956768924020e-01
6.102622378798360225e-01 7.907127138790021048e-03
5.778288207566402157e-01 3.133313492671848111e-01
5.283294252599323171e-01 4.160680947254689066e-01
3.540962974362114046e-01 2.110408077212053146e-01
4.340763317364708662e-01 0.000000000000000000e+00
4.377284733474244294e-01 3.841554783995111966e-01
3.893419898955218783e-01 4.180080444693359265e-01
1.777254779433517229e-01 2.382370240808058814e-01
2.413846783846178568e-01 3.148743920164028681e-02
2.754957688887888501e-01 4.018552518727905865e-01
2.389144996089638540e-01 4.435590377354191594e-01
0.000000000000000000e+00 2.849651574168021173e-01
5.584643982772720394e-02 1.800170127108691454e-01
1.040327720817358220e-01 4.316328404954277165e-01
7.855014755316533370e-02 4.746851537374658370e-01
