1.000000000000000000e+00 5.090121323954065469e-01
7.882920752616938698e-01 6.256807360433960241e-01
5.702779485930269399e-01 7.058469860808284091e-01
4.315508143183778289e-01 8.233531856093933010e-01
4.255905999130575323e-01 1.000000000000000000e+00
6.478429252284715334e-01 2.759141363511264933e-01
4.298880145128596703e-02 3.408045554948713751e-01
1.866714593959774848e-01 4.687592244279250586e-01
3.807973952902522496e-01 4.865088062538591163e-01
6.216880903647326040e-01 1.216535379736275874e-01
0.000000000000000000e+00 2.209657788875215023e-01
1.230537211483141713e-01 3.416066796622664881e-01
2.924168921923072650e-01 3.514334137121165602e-01
5.878607296237212676e-01 3.805312700085416999e-02
5.042525570300129822e-02 1.434864665610477152e-01
1.479226390114302681e-01 2.359856430469025046e-01
3.044412955024592415e-01 2.290830972117451070e-01
5.377139275327444956e-01 0.000000000000000000e+00
1.299508943292307928e-01 7.148387979973276629e-02
1.909482771425430880e-01 1.551917754109371217e-01
3.365234690250063498e-01 1.684585526400223521e-01
