1.000000000000000000e+00 2.189576137129490840e-01
8.284299890611794837e-01 4.911722373216131365e-01
5.264645942051335847e-01 7.212422293577442911e-01
2.394971569568742908e-01 8.687793980388588411e-01
5.068150676034586383e-02 1.000000000000000000e+00
1.776169290270087631e-01 5.627352437114367945e-01
0.000000000000000000e+00 5.635302329312823488e-01
2.467814496618030706e-01 5.137724055440154869e-01
3.874755755870288310e-01 4.907694316022750414e-01
1.752522865672499763e-01 3.713783475014165170e-01
2.941188500917280013e-02 3.731563112612011901e-01
3.385908212296030451e-01 3.524345985793621017e-01
4.362203749489401705e-01 3.550624796116293447e-01
2.212464064675569164e-01 1.868980800898527861e-01
8.225617181078659357e-02 1.772700170822050780e-01
3.628342102630346955e-01 1.844652425625599723e-01
4.665116770112864852e-01 1.954226902334567917e-01
3.032956306072510100e-01 7.387753196658920427e-03
1.580150490312317302e-01 0.000000000000000000e+00
3.643113655948391205e-01 3.079045800491808649e-02
4.680918639827587602e-01 5.186962232700947917e-02
