1.000000000000000000e+00 2.812688770846409336e-01
8.969152719684994057e-01 4.743104203613447978e-01
6.289347527064270693e-01 6.589392605448395335e-01
4.255669154932638643e-01 8.276497424080946352e-01
3.113703828042208022e-01 1.000000000000000000e+00
2.283651801805511861e-01 5.350298663386564568e-01
4.385001891926302436e-02 5.489308777502095449e-01
3.010091960618161977e-01 5.154414025805527100e-01
4.590214121599903718e-01 4.979890770922233978e-01
2.117418314977893845e-01 3.582751662868432496e-01
0.000000000000000000e+00 3.598722150376383322e-01
2.960704397952134692e-01 3.588076211819319350e-01
4.302081634957756751e-01 3.807793892776052957e-01
2.481162358238254984e-01 1.898014773095862973e-01
4.084496713367260362e-02 1.744644910716918462e-01
3.017107916012166657e-01 1.965448879696365947e-01
4.288792006296299197e-01 2.381683593733545101e-01
3.171383515640668338e-01 3.767044664709277152e-02
1.337415752715259143e-01 0.000000000000000000e+00
3.057770686623867418e-01 3.982980610048401232e-02
4.124598802960911526e-01 9.657026803880518206e-02
