0.000000000000000000e+00 7.706856729176392307e-01
1.719191985891381780e-01 4.516600915749395817e-01
4.189033304341783781e-01 2.455568575640598994e-01
5.799771480874854612e-01 1.276115847410339843e-01
6.526481651347613155e-01 0.000000000000000000e+00
7.414756576517461673e-01 4.600679318583451860e-02
9.841373211627307827e-01 4.248693458539224421e-01
8.860662401352038531e-01 5.612163730181632948e-01
7.720336973997828922e-01 5.567024703639406047e-01
7.833167428086947881e-01 1.996415430245176148e-01
1.000000000000000000e+00 6.298882557091434187e-01
8.755537861831473867e-01 7.181384126211438623e-01
7.619231802087189642e-01 6.701558650668454353e-01
7.879718722953337195e-01 4.015408568936945644e-01
9.417034324495562325e-01 8.292520847245924420e-01
8.101971675261254724e-01 8.774268091438899297e-01
7.105867112369874672e-01 8.008267088144541690e-01
7.629470556244856150e-01 6.329487439920400416e-01
8.399545237264705033e-01 9.729149450395678800e-01
7.206093978025011060e-01 1.000000000000000000e+00
6.393263008223382116e-01 9.204627487786370965e-01
