1.000000000000000000e+00 2.862422877511923147e-01
8.071583547834053629e-01 5.008702594619245385e-01
4.988397639565274599e-01 6.905377462548201173e-01
2.407242380001338444e-01 8.549708806312358300e-01
7.504234248923882800e-02 1.000000000000000000e+00
3.976141173676308455e-02 5.072363621347061313e-01
0.000000000000000000e+00 5.743098401382265017e-01
2.850443594714752726e-01 5.193959354376523896e-01
3.391758271276570924e-01 4.812673074862901523e-01
1.013439322293968603e-02 3.258508535317595767e-01
4.320017794684403306e-02 3.982825826614821985e-01
3.628367252879619032e-01 3.779310435632459719e-01
3.247921047398140137e-01 3.573603386476954524e-01
8.025115198903666480e-02 1.531919388633900259e-01
9.890069755539868113e-02 2.039702408489892371e-01
3.924175605636617270e-01 2.205441919562194930e-01
3.567622157021124729e-01 2.090558812985484904e-01
1.957424709540420138e-01 0.000000000000000000e+00
2.205275539566311227e-01 3.027690182604267019e-02
4.302746206141239704e-01 7.830234469121379048e-02
4.238681100970696503e-01 7.851905671319502067e-02
