0.000000000000000000e+00 8.421721135336773800e-01
2.546356331152682673e-01 9.029265856844224114e-01
5.672678175880481177e-01 8.780539370076917427e-01
8.267304948148067600e-01 9.155546206256141017e-01
1.000000000000000000e+00 1.000000000000000000e+00
6.406377186162445225e-01 4.815191045005303705e-01
7.919104867554714877e-01 3.895946970691423483e-01
5.989252745875153217e-01 5.675123866277126394e-01
5.232549474670675771e-01 6.074805093669377598e-01
5.126263514022794121e-01 3.213865246160976796e-01
6.443386521000586953e-01 2.472564189160369186e-01
4.612769332938472244e-01 4.886835525859405949e-01
4.408754483281585590e-01 4.837628261436126009e-01
3.534164714644122962e-01 2.042502220807629887e-01
4.700872942532346999e-01 8.496020070691548409e-02
3.358875954478945935e-01 3.321777352371428349e-01
3.155644076877016646e-01 3.502596359376635715e-01
1.903805821789427699e-01 1.188386847528437734e-01
2.585315252145881648e-01 0.000000000000000000e+00
2.076119573381488836e-01 1.982500571527728572e-01
1.976546635434305865e-01 2.566227945427748680e-01
