0.000000000000000000e+00 1.000000000000000000e+00
3.390548663979139205e-02 6.593913815879932638e-01
1.735649296397314412e-01 4.089607668215521352e-01
2.914496397689125828e-01 1.892480318661005356e-01
2.962570528863445740e-01 0.000000000000000000e+00
7.739745449811173961e-01 5.002607585870704199e-01
9.580404777604604183e-01 3.827825369356812613e-01
7.985518167036326220e-01 4.076721696080572443e-01
6.719770935739119988e-01 4.575289811207711721e-01
9.013841640690564150e-01 6.808005221441976174e-01
1.000000000000000000e+00 5.483860895738856822e-01
8.543665608889821073e-01 5.535676067902547404e-01
7.469706776016065142e-01 6.003854018954919436e-01
9.234251363745353824e-01 8.539649541226761453e-01
9.938221679804579711e-01 7.097170530997385374e-01
8.758087871658074564e-01 7.084082375784250818e-01
7.530392741802541812e-01 7.485423463819690371e-01
9.054796150041961589e-01 9.952314225262276493e-01
9.593363168385086182e-01 8.620980883525976024e-01
8.445995309315429411e-01 8.587311002809513427e-01
7.342733747452343529e-01 8.969376877511412438e-01
