1.000000000000000000e+00 9.321082666740331257e-01
9.776849307760023811e-01 6.100771038571984883e-01
7.221731867047243014e-01 3.209916580403915920e-01
5.028168098274068409e-01 1.608140756590704379e-01
4.001984021127323876e-01 0.000000000000000000e+00
2.395950596206684879e-01 4.062724861022525280e-01
6.275542187958492446e-02 2.372301644078786687e-01
3.645960599674553659e-01 2.981891539199301167e-01
4.468605783338223669e-01 3.894477966718061790e-01
1.511427294795529008e-01 5.864778478958920793e-01
2.532611305252487413e-02 3.931435824013771452e-01
3.992332341878517821e-01 4.789110515780927724e-01
3.936242897537813312e-01 5.938024399791947960e-01
1.224781257502600834e-01 7.805153968367192219e-01
0.000000000000000000e+00 6.041564297646507820e-01
3.462853789313628528e-01 6.651422867099484604e-01
3.388017846186677784e-01 7.677503387283265424e-01
1.315387667724811360e-01 1.000000000000000000e+00
1.550904313495345133e-02 8.678606654911849017e-01
2.674457145143649961e-01 8.448176789224418615e-01
3.274328433857070508e-01 8.929416036338392315e-01
