2.049273763883407429e-01 1.000000000000000000e+00
4.740653869232194229e-01 8.604056647168749627e-01
6.927012439694263390e-01 5.348704802564500094e-01
8.515248718377241843e-01 2.737549682390735262e-01
1.000000000000000000e+00 1.314905669167959756e-01
5.120976429417117837e-01 1.869098860671755125e-01
6.024051065569149266e-01 0.000000000000000000e+00
5.683591704991181048e-01 3.082000612495254255e-01
5.190208472603677903e-01 4.020239894624304533e-01
3.363660709251846681e-01 1.695790514926826531e-01
4.358101305583969021e-01 6.308779092143757504e-03
4.384141504039175685e-01 3.754353534521930880e-01
3.861578198116930594e-01 3.911625629073108290e-01
1.660076494656045898e-01 2.112851958155644583e-01
2.478369469792765789e-01 5.586670190279649506e-02
2.818168135213717784e-01 3.968564425098217718e-01
2.367450708365885781e-01 4.134599633373570726e-01
0.000000000000000000e+00 2.770644309788481419e-01
7.040141069112992867e-02 2.004257186406296076e-01
1.274351335787176076e-01 4.222452999956398667e-01
9.715528576261084348e-02 4.448401758418901730e-01
