0.000000000000000000e+00 7.426410622347933144e-01
1.391486138713984577e-01 4.516761517373512613e-01
3.296851105456391484e-01 2.574058320245137255e-01
5.297385620915032733e-01 1.258055741559750418e-01
6.296802606949526426e-01 0.000000000000000000e+00
8.273568726511760785e-01 4.156285595517806852e-01
9.563245148601489110e-01 5.342934849780600626e-01
8.277316526020996879e-01 5.732717189327715124e-01
7.015321400636878035e-01 5.619504968733626260e-01
8.678766528187951135e-01 6.007135909416254638e-01
9.852517072506299378e-01 6.959190395556819064e-01
8.554946744511929824e-01 7.152198935425482240e-01
7.195007336689017707e-01 7.004056727586384090e-01
8.440267381555295323e-01 7.848742067730026806e-01
1.000000000000000000e+00 8.489236582660673047e-01
8.729638366240086711e-01 8.607580980835838336e-01
7.278891179669425560e-01 8.431175004262264627e-01
7.832327247286663408e-01 9.601342672441478543e-01
9.762803089870828455e-01 9.941137727067678176e-01
8.630715858598991819e-01 1.000000000000000000e+00
7.350631822037309027e-01 9.885837422342296232e-01
