0.000000000000000000e+00 8.160442285685628461e-01
2.460646607308875911e-01 5.956886931518236006e-01
5.433656833950765153e-01 3.684337886239406612e-01
7.125233991237686082e-01 1.835738230497776791e-01
7.555102795235228985e-01 0.000000000000000000e+00
4.370818587971407876e-01 3.616145260433875630e-01
9.699788968981845061e-01 4.019618111531811921e-01
1.000000000000000000e+00 5.490886606210275689e-01
8.636392335578481072e-01 6.020123381809249219e-01
3.413266208913302013e-01 5.277516981585926859e-01
9.783182638882488291e-01 5.838928400960479159e-01
9.688366536161366893e-01 7.116335763083493360e-01
8.009223089682294683e-01 7.407012627762704637e-01
2.803099007578244706e-01 7.204850150859902769e-01
9.025697063846540580e-01 7.624605042628435081e-01
8.607593823872777827e-01 8.504221347880028814e-01
6.946247378096646052e-01 8.531478648946776433e-01
2.478525661125648427e-01 9.104995918117367859e-01
7.472549903345161448e-01 9.705160258551038810e-01
7.660857537092669034e-01 1.000000000000000000e+00
6.673991949523908618e-01 9.787020922449999327e-01
