1.000000000000000000e+00 4.687920324678258588e-01
7.942399689032618726e-01 6.222811887385217844e-01
4.883059207221790987e-01 7.468473789591650869e-01
2.125107786854493475e-01 8.629996374587732832e-01
0.000000000000000000e+00 1.000000000000000000e+00
8.112008941952345009e-02 4.925672436839036994e-01
1.773081968033176359e-01 4.936201559698639163e-01
4.275578030712129385e-01 5.095709781891231138e-01
4.009873952422482457e-01 5.242058528920100491e-01
1.087518620525077251e-01 2.945567575370557911e-01
3.012584666241054920e-01 3.201967419775356705e-01
5.674525317558627435e-01 3.884608857686590033e-01
4.449660719989536051e-01 4.044660891719183970e-01
2.371450209341240400e-01 1.290385054045089519e-01
4.259193198736612729e-01 1.490506158242082824e-01
6.433203312557070896e-01 2.422608467596638060e-01
5.380930942197543754e-01 2.777542940198328703e-01
4.042153629531404224e-01 6.648609395437710991e-04
5.770193710865120229e-01 0.000000000000000000e+00
7.267447939410563995e-01 1.055203237966992197e-01
6.634659660059839537e-01 1.603047109422435501e-01
