9.148113637424877265e-01 1.000000000000000000e+00
6.354417903558287062e-01 9.093547779426143229e-01
3.747034208913111453e-01 6.555142111401532912e-01
1.695911726463236735e-01 4.612605770343851663e-01
0.000000000000000000e+00 4.013978408732191139e-01
5.156276845007925491e-01 2.092215607400531585e-01
3.869955001834339270e-01 5.531610821804620187e-02
4.727662580454996544e-01 3.770181388121541799e-01
5.310803439295220807e-01 4.285931730882455715e-01
6.726239319250254534e-01 1.463605120062786979e-01
5.460077051801879300e-01 1.740438041969114349e-02
6.054680699165122526e-01 4.055052763609092725e-01
6.575379492259750824e-01 3.830097092217031318e-01
8.370044218436131223e-01 1.450964009285335976e-01
7.346918039405772038e-01 0.000000000000000000e+00
7.597841881935826214e-01 3.635128106224059796e-01
8.107500877036462050e-01 3.504417625393397295e-01
1.000000000000000000e+00 1.729319759303454551e-01
9.281299595082123099e-01 9.572772317476699322e-02
9.102741532847603567e-01 3.374159934969045982e-01
9.486290743177159257e-01 3.412775979668287163e-01
