0.000000000000000000e+00 6.257195573996213733e-01
2.835945451279902052e-01 8.017544691608921026e-01
5.742654353719969240e-01 9.190690733211668295e-01
8.285449612137902875e-01 9.541142186201087005e-01
1.000000000000000000e+00 1.000000000000000000e+00
7.079510660862277094e-01 5.337355185748151598e-01
9.077855725562977707e-01 4.623092093125510949e-01
7.173361956159182151e-01 5.894932261524522543e-01
6.038018610538559150e-01 6.280968428369174683e-01
6.224801792632758124e-01 3.673220190387267992e-01
8.135380763408397442e-01 3.072648549339774271e-01
5.913155452733850348e-01 4.739095981370474164e-01
5.043728564953002813e-01 4.843547740338832175e-01
5.057563524712844760e-01 2.297104209288253762e-01
6.824426118043498413e-01 1.813794891224151939e-01
5.008108969150637524e-01 3.432637965752812770e-01
4.200425707516912688e-01 3.498989817067826857e-01
3.573646224438305485e-01 9.713474015501033509e-02
5.071670030703967491e-01 0.000000000000000000e+00
4.354657552406284715e-01 1.640889141953617014e-01
3.786240731079428268e-01 2.365452631829417229e-01
