1.136103307252576966e-02 9.658083878730745475e-01
0.000000000000000000e+00 6.709056805467102924e-01
1.444804033029382095e-01 3.649827651933542638e-01
2.612447986774978914e-01 1.634413422464322252e-01
2.868446045047764459e-01 0.000000000000000000e+00
7.856028774035915818e-01 4.576922865996548295e-01
7.301626419384802391e-01 3.643384549575538478e-01
4.144856970960342779e-01 4.789875695372032838e-01
4.564910375034426648e-01 5.344951354014726430e-01
9.579792432604782304e-01 6.392456086151393491e-01
8.474368356889695475e-01 5.609017305959195232e-01
4.574467770312871662e-01 6.516305112816865863e-01
5.542344554511291488e-01 6.709249451696489563e-01
1.000000000000000000e+00 8.255028734520980516e-01
8.904239626498073878e-01 7.626045826460058352e-01
5.421045784789392252e-01 8.125286420648526464e-01
6.252842386233405936e-01 8.294044517590639654e-01
9.995737493765427528e-01 1.000000000000000000e+00
8.605321695926585468e-01 9.953275555401188690e-01
6.225986551186405427e-01 9.871862133921189830e-01
6.698386074419895309e-01 9.851824113711334929e-01
