0.000000000000000000e+00 5.418875219508697549e-01
3.278474680980564271e-01 6.313239298763898555e-01
6.260031876733656020e-01 7.120468623791290641e-01
8.507434828594537812e-01 8.214838373139284888e-01
9.783459297231610341e-01 1.000000000000000000e+00
3.588059904818820534e-01 3.477109380923253945e-01
1.000000000000000000e+00 3.385333230127064441e-01
8.569711851755874576e-01 4.210265363949622364e-01
6.456001298357588736e-01 4.369558902128643507e-01
2.703612778928554117e-01 1.870145929865280610e-01
9.603047715592715194e-01 1.858093015058857600e-01
8.574565471641142356e-01 2.696559790226765729e-01
6.585956923219766779e-01 2.892467988683187219e-01
2.277137319390068748e-01 7.881695894456056117e-02
8.567232719372298577e-01 8.068881095196457631e-02
7.634700318938573149e-01 1.523046799113589866e-01
5.675398045347764819e-01 1.545675230502617792e-01
2.292331756239831542e-01 8.319238054950413644e-03
7.141853367405707198e-01 0.000000000000000000e+00
6.400792561309057715e-01 6.784569008383729838e-02
4.509726361244406623e-01 8.361330919383905269e-02
