0.000000000000000000e+00 1.000000000000000000e+00
2.664078784909678088e-01 9.901208435749236925e-01
5.665720137194636408e-01 8.554640862435402004e-01
8.207759048178885353e-01 8.098151374955575577e-01
1.000000000000000000e+00 8.502308525736629319e-01
5.431238519170553669e-01 3.714489696168984945e-01
6.953980388097937837e-01 2.507373552807379280e-01
5.375449134536212092e-01 5.198562241541224704e-01
4.616803813247078447e-01 5.845361334292571431e-01
4.001749615163548990e-01 2.301238091576882083e-01
5.408904540158863128e-01 1.324308442574784750e-01
4.008604450692379029e-01 4.727663003099740191e-01
3.553202636282699056e-01 4.642159289452645887e-01
2.336349642310873997e-01 1.522596093119298888e-01
3.510282389301886408e-01 0.000000000000000000e+00
2.616738257081901997e-01 3.423904950718761331e-01
2.228357420917095322e-01 3.573835557651164341e-01
6.897066211998845175e-02 1.167844923557789238e-01
1.357828671002440923e-01 1.460039556794440413e-03
1.181874291564988938e-01 2.568907826078770107e-01
9.719123114206183744e-02 3.000222026434483102e-01
