1.000000000000000000e+00 1.000000000000000000e+00
5.183411418220947864e-01 8.368740854175970023e-01
2.984199937938350478e-01 5.205140979626760034e-01
1.200933009500884802e-01 2.360598284515195988e-01
0.000000000000000000e+00 0.000000000000000000e+00
7.429323087013800508e-01 1.043886659434736242e-01
1.321958037023703014e-01 5.289964171442113061e-02
1.068165982037402179e-02 2.377646765301437703e-01
9.047562155864545541e-02 3.504511613974466977e-01
9.103908360441872460e-01 1.147838750372480870e-01
2.556821288909807977e-01 1.202788386260166542e-01
1.428256652984772335e-01 3.097142240391556611e-01
1.901487154280930847e-01 4.295802638689993347e-01
9.556668139361278458e-01 1.891865955361730911e-01
3.604426743599591920e-01 2.018276396871864220e-01
2.463350350840758929e-01 3.670907539482977100e-01
2.782990297053996032e-01 4.705831193604825269e-01
9.446663464691812395e-01 2.578176411653784195e-01
4.728135496457113729e-01 2.689838564229787843e-01
3.716615603453322092e-01 3.953991470284821674e-01
4.106329085504756282e-01 4.799273261384229272e-01
