7.783943495511720378e-01 1.000000000000000000e+00
5.130812739052038607e-01 8.267295003548220667e-01
2.872044521311482579e-01 4.938716114690751002e-01
1.308175011526448162e-01 2.723137589775567191e-01
0.000000000000000000e+00 5.398573743865893448e-02
5.055210784281892744e-01 0.000000000000000000e+00
3.254864016774138835e-01 4.609994486337108399e-01
3.896180434548895399e-01 6.743813873873683029e-01
4.772822547536226256e-01 5.978624012489271999e-01
6.956102812309019612e-01 6.301760559948030305e-02
4.863631476907780415e-01 6.785161037464243483e-01
5.246227297948039547e-01 7.883849812571170901e-01
5.897604735548287458e-01 6.256248954667229523e-01
8.617221631769849122e-01 2.535134521117676232e-01
6.631238081219790192e-01 8.191622803305264044e-01
6.810916466261599522e-01 8.940566034002883633e-01
7.369382434919762304e-01 7.401369083126985160e-01
1.000000000000000000e+00 4.768828126108366483e-01
8.415641913123411699e-01 9.065140264476309051e-01
8.297654376839451729e-01 9.681865608110306054e-01
8.661183035665969143e-01 8.532001007958956995e-01
