0.000000000000000000e+00 8.314947956418448083e-01
2.775841552865108697e-01 1.000000000000000000e+00
6.491369528353235774e-01 9.834643991802806129e-01
8.819439365219799987e-01 8.206253047806214562e-01
1.000000000000000000e+00 6.400143851567072772e-01
9.459083871388450637e-01 5.897513576480268860e-01
9.429260622531313585e-01 4.296050824947692526e-01
6.687948005972287335e-01 4.910635145713233007e-01
4.980009640490766221e-01 5.959749901541810946e-01
8.079544917137896354e-01 3.839693455437774849e-01
7.693096944504905776e-01 2.118180121316124431e-01
4.900051139836757996e-01 3.553720058205158683e-01
3.656139967471421226e-01 5.158495695691391880e-01
6.418660488762895078e-01 2.306227932417126425e-01
6.159175018380673716e-01 8.263695949386139217e-02
3.778631772907400932e-01 2.514724751948885784e-01
2.785432108121540518e-01 4.246728891590448862e-01
4.690797854887996388e-01 1.559245443804561093e-01
4.741761448670261392e-01 0.000000000000000000e+00
3.030124918083733632e-01 1.465023644624085242e-01
2.173863107968503072e-01 3.007577615836181106e-01
