1.000000000000000000e+00 8.314947956418448083e-01
7.224158447134891858e-01 1.000000000000000000e+00
3.508630471646764226e-01 9.834643991802806129e-01
1.180560634780200013e-01 8.206253047806214562e-01
0.000000000000000000e+00 6.400143851567072772e-01
5.409161286115490158e-02 5.897513576480268860e-01
5.707393774686867621e-02 4.296050824947692526e-01
3.312051994027713220e-01 4.910635145713233007e-01
5.019990359509234334e-01 5.959749901541810946e-01
1.920455082862103646e-01 3.839693455437774849e-01
2.306903055495094501e-01 2.118180121316124431e-01
5.099948860163242559e-01 3.553720058205158683e-01
6.343860032528578774e-01 5.158495695691391880e-01
3.581339511237105477e-01 2.306227932417126425e-01
3.840824981619326284e-01 8.263695949386139217e-02
6.221368227092598513e-01 2.514724751948885784e-01
7.214567891878459482e-01 4.246728891590448862e-01
5.309202145112004168e-01 1.559245443804561093e-01
5.258238551329738053e-01 0.000000000000000000e+00
6.969875081916266923e-01 1.465023644624085242e-01
7.826136892031496650e-01 3.007577615836181106e-01
