0.000000000000000000e+00 9.811589894314514115e-01
2.580345207998239743e-01 7.098320461535178039e-01
5.077944824551386960e-01 4.068439176900477405e-01
5.991468034403021337e-01 1.876705799778527750e-01
5.569862552123526767e-01 0.000000000000000000e+00
2.697704115379540579e-01 4.421200349518522588e-01
9.426220875560878953e-01 4.282191746715260927e-01
8.509783920255891143e-01 5.241278042696272399e-01
6.307704151225266287e-01 5.458954989412481140e-01
2.224103553864775207e-01 6.307396976214244555e-01
1.000000000000000000e+00 5.949994131218833138e-01
8.662788841874089485e-01 6.670074314182532493e-01
6.262915769883411476e-01 6.932675595118122924e-01
2.521209148034143643e-01 8.176338497070352318e-01
9.808612840382907594e-01 7.784732217593064441e-01
8.287158063777739780e-01 8.337916713103150634e-01
6.112107679195771803e-01 8.468854259786636751e-01
3.338298819873348755e-01 9.944085039231912448e-01
9.315165695162140880e-01 9.506093158305333191e-01
7.931409715113530989e-01 9.881754433597408349e-01
5.651469615028850146e-01 1.000000000000000000e+00
