9.799772306715436310e-01 8.353750205349245173e-01
1.000000000000000000e+00 5.982727549952989721e-01
8.352951798130949790e-01 3.505934810654948164e-01
6.903320570494075881e-01 1.690686004414418409e-01
6.592844063601299709e-01 0.000000000000000000e+00
1.703982013293083575e-01 4.344963867231430021e-01
2.832739848392399895e-01 5.257866460484840188e-01
5.385350901827633541e-01 5.356701269723158632e-01
5.153609721609208050e-01 4.887909757177157921e-01
2.715578953473801391e-02 5.993313754012853378e-01
2.403777286960371851e-01 7.059925694018316378e-01
5.526433025955633793e-01 6.890442045783002900e-01
5.003223054853656038e-01 6.368710814331227654e-01
0.000000000000000000e+00 7.676518956873055188e-01
2.068067250294125525e-01 8.634157240483910645e-01
4.901418580666739855e-01 8.342561312127622086e-01
4.404293544242616210e-01 7.714479675457478480e-01
1.881811260384830264e-02 9.225469867654431111e-01
1.925596009658775698e-01 1.000000000000000000e+00
4.224900906587176763e-01 9.657503554623396713e-01
4.281279071408269910e-01 9.092415983266863844e-01
