1.047817492391485590e-02 1.460718116036003322e-01
4.671678760948178022e-02 3.822386506070155621e-01
1.334452600641775621e-01 6.275476523256745542e-01
7.808798764817669047e-02 8.383993224543537792e-01
0.000000000000000000e+00 1.000000000000000000e+00
9.035402026136886144e-01 5.180625993390743922e-01
8.457240849098752733e-01 5.795144626872781313e-01
6.860020836701106184e-01 5.979684450186164568e-01
6.075646962385744532e-01 6.175984547246742284e-01
1.000000000000000000e+00 3.500394538700782876e-01
7.624530155937950804e-01 4.173777655089173644e-01
4.975149019962247232e-01 3.933305152355353052e-01
5.012598121514753036e-01 3.785087534094800921e-01
9.786010134503005942e-01 1.716123882296881065e-01
7.278112044682440995e-01 2.249285344724339109e-01
4.690278412439395916e-01 2.087272020721884780e-01
4.798584389912338155e-01 1.979697674107576966e-01
9.003220969587580891e-01 0.000000000000000000e+00
7.429416788755054402e-01 3.170134615011825641e-02
5.361286694932621000e-01 4.015391141805969843e-02
5.235237063616218212e-01 3.569249093147048441e-02
