1.000000000000000000e+00 2.560318388838833670e-01
8.476918494389211745e-01 4.872094344054562765e-01
5.209704884390496948e-01 6.976080136689493116e-01
2.483593204405723232e-01 8.538114858651242312e-01
8.702050942775767239e-02 1.000000000000000000e+00
1.535977832536742915e-01 5.321755267176832005e-01
0.000000000000000000e+00 5.623460933071254830e-01
2.820977074224250702e-01 5.136237266827287096e-01
3.963979655161155025e-01 4.824337880339233942e-01
1.442212297856232117e-01 3.472772098786516271e-01
1.960881327382279701e-02 3.715415634858374450e-01
3.621160005273085791e-01 3.569619094817828575e-01
4.000755303757920212e-01 3.481875820159572310e-01
1.964056099300714453e-01 1.686934400801026468e-01
9.070164019481889717e-02 1.738877286171946757e-01
3.875743505619034246e-01 1.908728293453593738e-01
4.141276570328106810e-01 1.933501003012095543e-01
2.813809600381017018e-01 1.348699462674941840e-04
1.965090212442275608e-01 0.000000000000000000e+00
4.056151674979130983e-01 4.312220467405498275e-02
4.420146128655932372e-01 5.850243284633844382e-02
