1.000000000000000000e+00 8.421721135336773800e-01
7.453643668847317327e-01 9.029265856844224114e-01
4.327321824119518268e-01 8.780539370076917427e-01
1.732695051851932122e-01 9.155546206256141017e-01
0.000000000000000000e+00 1.000000000000000000e+00
3.593622813837554775e-01 4.815191045005303705e-01
2.080895132445285123e-01 3.895946970691423483e-01
4.010747254124847339e-01 5.675123866277126394e-01
4.767450525329324229e-01 6.074805093669377598e-01
4.873736485977205879e-01 3.213865246160976796e-01
3.556613478999413047e-01 2.472564189160369186e-01
5.387230667061527756e-01 4.886835525859405949e-01
5.591245516718413855e-01 4.837628261436126009e-01
6.465835285355876483e-01 2.042502220807629887e-01
5.299127057467653001e-01 8.496020070691548409e-02
6.641124045521054065e-01 3.321777352371428349e-01
6.844355923122983354e-01 3.502596359376635715e-01
8.096194178210571746e-01 1.188386847528437734e-01
7.414684747854117797e-01 0.000000000000000000e+00
7.923880426618511441e-01 1.982500571527728572e-01
8.023453364565693580e-01 2.566227945427748680e-01
