1.000000000000000000e+00 8.022966479907682746e-01
7.745318567589722925e-01 9.552824705770437408e-01
4.338502077032137527e-01 9.532533541674204081e-01
1.747202085664105731e-01 9.342629701900365680e-01
0.000000000000000000e+00 1.000000000000000000e+00
3.405690949578585314e-01 6.098479615454083236e-01
1.942362146618214769e-01 5.022902642223585623e-01
3.986770521094443187e-01 6.394789839219833238e-01
4.941627018850977549e-01 6.887225632408645604e-01
4.400430808567200591e-01 4.048210861597805743e-01
3.035440154224502418e-01 3.005017893409506202e-01
5.167441851280775156e-01 5.144963926120941222e-01
5.528382250641896700e-01 5.459544020134153852e-01
5.730817424841225804e-01 2.455035291622973126e-01
4.548419700972817226e-01 1.175320910082317122e-01
6.194081911174224020e-01 3.358615803444748305e-01
6.461083362811788078e-01 3.838626995294310840e-01
7.182907743439844728e-01 1.132467943913915004e-01
6.442660034155514026e-01 0.000000000000000000e+00
7.303899167325348385e-01 1.787167396236873373e-01
7.462613139435627652e-01 2.516640053662767551e-01
