1.000000000000000000e+00 4.764327100502313561e-01
7.858128892896451001e-01 6.006159553693174447e-01
4.752633509895353714e-01 7.024484385614616633e-01
2.420230870764281117e-01 8.474217986320673468e-01
1.400487353739517105e-01 1.000000000000000000e+00
1.995440138165294197e-01 4.952810643564775628e-01
0.000000000000000000e+00 4.623115901294424512e-01
2.599370150578148575e-01 4.981683491015075349e-01
4.145735145866075166e-01 5.235775000637526988e-01
2.789017099019232004e-01 3.350496809145823152e-01
7.723293741432331327e-02 2.934150136000169828e-01
3.399583338923667375e-01 3.671849259232035645e-01
4.433565320622224748e-01 4.143373614249215575e-01
3.999702979779030110e-01 1.970713134847104642e-01
2.063647454578344531e-01 1.340508607876120528e-01
4.227938499233623304e-01 2.202960807243548313e-01
5.187541435940093981e-01 2.839638836815425726e-01
5.406177928066514538e-01 8.051492653339097083e-02
3.836674965035353213e-01 0.000000000000000000e+00
5.043641153308235925e-01 8.250754399192132549e-02
5.764769237958073944e-01 1.598340600015010216e-01
