0.000000000000000000e+00 4.718788940178310631e-01
2.028366759155576238e-01 7.149131977468986543e-01
5.099480468774097996e-01 8.877393827252418879e-01
8.043184951086613799e-01 9.401555870701493456e-01
1.000000000000000000e+00 1.000000000000000000e+00
8.069755529583748643e-01 6.337008230968467215e-01
9.568895746896534105e-01 5.329531716732806013e-01
7.218426393706641742e-01 5.457448081072316937e-01
6.179208721326729936e-01 5.918797057814288998e-01
7.546035338152998762e-01 4.342471485731754233e-01
9.027700305685033566e-01 3.351168789518988445e-01
6.323543956377446484e-01 3.892035584400476145e-01
5.658938207683935628e-01 4.616909750324098005e-01
6.801630293643498026e-01 2.627296465641319467e-01
7.968204458133926193e-01 1.625416904205178315e-01
5.642569402004773416e-01 2.383558728738189303e-01
5.034708713665201341e-01 3.241191257363217337e-01
5.846751123906416270e-01 1.062516730119044822e-01
6.785148057543849420e-01 0.000000000000000000e+00
5.189059655844143748e-01 8.683737473937458429e-02
4.522769365906039174e-01 1.884690695917214942e-01
