8.366981800951600601e-01 1.000000000000000000e+00
1.000000000000000000e+00 7.016129289642558664e-01
8.982217725912530204e-01 3.891597253260218325e-01
7.433142333495911247e-01 1.861287828216037499e-01
6.683243992831133795e-01 0.000000000000000000e+00
2.308516966972011530e-01 3.967990618322841390e-01
5.246726627331358417e-01 2.745851249198756894e-01
7.619052928889439302e-01 3.942837234769551724e-01
7.309284480471560652e-01 4.715529823859930247e-01
5.373492342821924173e-02 5.386602896590269030e-01
4.910380489748916166e-01 4.526207303047398156e-01
7.543759854583707014e-01 5.707370772465349962e-01
6.827968076072462589e-01 6.257131079346075486e-01
0.000000000000000000e+00 7.056360915755250929e-01
4.507013045991725697e-01 6.458475597464670148e-01
6.986032412819155324e-01 7.390869128999465465e-01
6.366428901604189727e-01 7.883645909093172088e-01
1.204626918928562718e-02 8.757765243853008474e-01
3.534228785057989541e-01 8.333125881431215909e-01
5.829350469254857003e-01 8.615063867738369519e-01
5.941957732886765653e-01 8.869413942631697578e-01
