8.446069925859045480e-01 6.185006594784782097e-01
6.223275162666855875e-01 7.250757029848284851e-01
3.221629698525780849e-01 7.900589628575577228e-01
1.300528945289407545e-01 8.960367734639296255e-01
0.000000000000000000e+00 1.000000000000000000e+00
2.602458619620777736e-01 3.272177625030888715e-01
3.983546056337217145e-01 5.235834573354322119e-01
5.338980789079685874e-01 6.411234621377691623e-01
5.769597690733331286e-01 6.402736258180423690e-01
4.507858299249798972e-01 1.399276228145215351e-01
6.309532510607077649e-01 4.262308110992169552e-01
6.916810475429764349e-01 5.527869349465656112e-01
6.882320793465032116e-01 5.386820994078741487e-01
6.644041607408966987e-01 4.505068987704594075e-02
8.295766292109744144e-01 3.248966954403147422e-01
8.556352480642290814e-01 4.663261411075417806e-01
8.361361578403584405e-01 4.770136506987924796e-01
8.706439812522098753e-01 0.000000000000000000e+00
9.965492874336114859e-01 1.843540463559115994e-01
1.000000000000000000e+00 3.473601693978761173e-01
9.596987752255513593e-01 4.163628578824191684e-01
