0.000000000000000000e+00 9.518285569690503323e-01
5.917852492242298146e-02 6.358544739295918236e-01
2.608841733783863748e-01 3.665178532518753585e-01
4.426290840681738059e-01 1.696815183177401987e-01
5.038898110713435630e-01 0.000000000000000000e+00
7.725747081482020606e-01 3.681428892222622928e-01
9.745940906548303806e-01 4.696699043380800354e-01
8.707942037421911863e-01 5.403019620539609713e-01
7.429828079925174800e-01 5.563578814882305101e-01
8.624553297345478597e-01 5.551582190376722625e-01
1.000000000000000000e+00 6.616583416611732105e-01
8.769269949838327527e-01 7.128983129117905104e-01
7.468862319928084581e-01 7.147799335090806450e-01
8.913516061891832987e-01 7.526528448262483906e-01
9.865769850545805797e-01 8.236123473255924088e-01
8.772212040317312054e-01 8.595798290328658942e-01
7.373854384105920090e-01 8.613072579294818176e-01
8.848010283976612822e-01 9.387086572616815117e-01
9.360522202869023811e-01 9.660428209343294714e-01
8.271388442956825182e-01 9.946200134733501619e-01
7.105734863196128126e-01 1.000000000000000000e+00
