9.760781000332615642e-01 8.849371548995204062e-01
1.000000000000000000e+00 6.126649522534437509e-01
9.020333566771521205e-01 3.745637709592607445e-01
8.009160724585434599e-01 1.813052002497459181e-01
8.308515678442516261e-01 0.000000000000000000e+00
3.815516603438898757e-01 3.476131490528220347e-01
1.741954413002570201e-01 5.336868385651220015e-01
4.335398172778389680e-01 6.117742006297582913e-01
5.583514276332951498e-01 5.453738221630909377e-01
2.550851303431692640e-01 5.331412388074353581e-01
6.880424481311557539e-02 6.902113187777578762e-01
3.706108677211104596e-01 7.485962481219314846e-01
4.882853702837948728e-01 6.686517420960798042e-01
1.791730765768034528e-01 7.085556718120440411e-01
0.000000000000000000e+00 8.441483932679106905e-01
2.819374651215562633e-01 8.861973949667024675e-01
4.012724647819169710e-01 8.010979742923522995e-01
1.465052147975045571e-01 8.725172785589325741e-01
2.360804776805675367e-02 9.890325898015598360e-01
2.354412740911945856e-01 1.000000000000000000e+00
3.567427044426371152e-01 9.196064183447805185e-01
