0.000000000000000000e+00 2.805905613369630291e-01
2.164049889382876901e-01 4.933431108147098842e-01
4.765133119232121683e-01 6.639186034072810383e-01
6.089072603555005792e-01 8.313804213453360736e-01
6.678887841425197314e-01 1.000000000000000000e+00
1.000000000000000000e+00 3.209348886461921291e-01
9.366561709152290138e-01 5.985038699310966104e-01
6.786357065408828992e-01 5.903491121563465560e-01
6.150215657259597846e-01 5.030460916256718207e-01
9.792249668341415081e-01 1.918009491069251338e-01
8.566349480706793029e-01 5.271729979878582162e-01
5.857122280323867614e-01 5.143798360434154171e-01
5.469623598833707190e-01 4.060747040716934375e-01
8.901693007945760128e-01 8.628543782290866437e-02
7.938398669454884704e-01 4.020253607860869716e-01
5.423623785559487098e-01 4.122649336174900592e-01
4.997908285694849795e-01 3.118717930364890423e-01
7.500098457914956551e-01 0.000000000000000000e+00
7.089066269199637560e-01 2.571397201984294001e-01
5.339422301282321648e-01 2.872122885524373004e-01
4.892267762565226663e-01 2.102494714349325833e-01
