0.000000000000000000e+00 1.376117903499251005e-01
4.402318698398090951e-02 3.729838866413708875e-01
1.673410357761693779e-01 6.250688458122908298e-01
1.738641263392469993e-01 8.397744907203917863e-01
1.496455567594831282e-01 1.000000000000000000e+00
9.217858819962416739e-01 4.989147627547892982e-01
6.825590879102040320e-01 5.876068567737999793e-01
4.588010403067711573e-01 5.094679810909482631e-01
4.807924050868047638e-01 4.457855299707274566e-01
1.000000000000000000e+00 3.325725160939233538e-01
6.858765966711253270e-01 4.250239951202446909e-01
4.286782055857377149e-01 3.715896281279620350e-01
5.083766545236673151e-01 3.279075956142003534e-01
9.692627476698806310e-01 1.631577727744339124e-01
6.882253311644795923e-01 2.340118495528386022e-01
4.451269032895978639e-01 2.140667467999031182e-01
5.169079760473159757e-01 1.830291708901068404e-01
8.925652320862949018e-01 0.000000000000000000e+00
6.930654243771249279e-01 5.046719470881435438e-02
4.886567300924680168e-01 6.358662014154878306e-02
5.040768332132467000e-01 5.288898257700116318e-02
