1.000000000000000000e+00 8.433060309941208255e-01
8.508975634076232364e-01 5.733783961446337063e-01
6.266401476338290255e-01 3.406868963151342689e-01
4.844999987269753006e-01 1.585285187817634389e-01
4.570388890521960845e-01 0.000000000000000000e+00
2.771094655402635554e-01 3.903851052378585207e-01
2.916383804441189658e-05 4.793975528038093570e-01
6.596304663968934057e-02 5.622595274875616944e-01
1.794531965533898432e-01 5.820807278934762019e-01
2.424507900738331057e-01 5.583738357689573828e-01
0.000000000000000000e+00 6.636679286445001935e-01
1.021414821108786036e-01 7.269779345606632859e-01
2.413370092113751031e-01 7.277849875308647354e-01
2.536323444554798856e-01 7.393801792104387482e-01
4.950260611297191415e-02 8.245902594894843896e-01
1.577178046851474280e-01 8.687913669212533607e-01
3.023232237428823410e-01 8.666760305011071974e-01
2.962481185273928563e-01 9.170473827141220058e-01
1.214778011114199807e-01 9.783995854577425266e-01
2.266858839385716973e-01 1.000000000000000000e+00
3.540582522204443472e-01 9.920724955936910394e-01
