1.000000000000000000e+00 1.000000000000000000e+00
6.042544480374238969e-01 8.530030428516257590e-01
3.828536858259792286e-01 5.318679803134361839e-01
1.835678359032653084e-01 2.605624150758984459e-01
0.000000000000000000e+00 6.766054280585381830e-02
8.143944957820629105e-01 3.794470028262261763e-02
2.718601129442135278e-01 0.000000000000000000e+00
9.255198451459253906e-02 2.177424446745305497e-01
1.011486928339600383e-01 3.917397264188410277e-01
9.199015468408731078e-01 3.071572462834449777e-02
3.172111272816981464e-01 5.780605315810286027e-02
1.415625203857636683e-01 2.819409160107587131e-01
1.126527651921793577e-01 4.594620399853598380e-01
9.352582288746825734e-01 9.739315412283894302e-02
3.618386059181442627e-01 1.610493774243098586e-01
1.975168196625040062e-01 3.472591321054127600e-01
1.617623876794364868e-01 4.927513466795820363e-01
9.170918165351734652e-01 1.678070301970042422e-01
4.643184300960631616e-01 2.157907624137412328e-01
3.437981585289967001e-01 3.656432055842136486e-01
3.290476192551737289e-01 4.761675229873640336e-01
