1.000000000000000000e+00 5.050876970235611552e-01
9.484084147254571162e-01 6.382917885199533847e-01
7.302451708844084344e-01 7.454686733852302627e-01
6.049865194023757997e-01 8.602231090684147041e-01
5.424392540007019203e-01 1.000000000000000000e+00
0.000000000000000000e+00 4.147606696533836512e-01
4.819033000128088995e-01 3.669933683665184132e-01
6.718161265228805856e-01 4.438605072195929147e-01
5.439921521990191966e-01 4.843851240095189414e-01
2.777138489319138769e-03 2.532240219106524082e-01
6.014731288836774326e-01 2.191542316235438048e-01
8.032268041559188498e-01 3.296814563164064404e-01
6.642528291551638153e-01 3.805064513970571327e-01
1.296324259139886859e-01 1.272369321733372860e-01
6.409116612115980383e-01 1.004566954745186869e-01
8.324209153893336044e-01 2.106010416064925950e-01
7.121031710906006174e-01 2.621515549792731714e-01
3.109549511647257125e-01 3.210593725455647418e-02
6.531632282204257178e-01 0.000000000000000000e+00
8.156449911431067346e-01 9.864579572056998702e-02
7.547153974563377554e-01 1.611014891872625254e-01
