7.018734994042205022e-01 1.000000000000000000e+00
1.000000000000000000e+00 6.892632792348449833e-01
9.247733872125246668e-01 3.940348340228779778e-01
8.032192901773240745e-01 1.812877128994211107e-01
7.379247423879929935e-01 0.000000000000000000e+00
1.354657399173976873e-01 3.519938000003527412e-01
7.633884779722943659e-01 3.113996496490045174e-01
9.511721951439086054e-01 4.323767085920114939e-01
8.746357591708855406e-01 4.929471883389642262e-01
0.000000000000000000e+00 5.073340747752845825e-01
8.120217945745420440e-01 4.665980039138040714e-01
9.642956934865118956e-01 5.689977223521953675e-01
8.806982298171724954e-01 6.335316647587900807e-01
9.854036140843467143e-03 6.804655643992807423e-01
7.808200185315882225e-01 6.468807405048597747e-01
9.184675939255118049e-01 7.202285435794333335e-01
8.424747059108292913e-01 7.655892421539733927e-01
1.024217397101700316e-01 8.500676293291352659e-01
6.498103102554760868e-01 8.415769566679778269e-01
8.264865399690347614e-01 8.621316867659667427e-01
8.584412148636586526e-01 8.805629007032663713e-01
