0.000000000000000000e+00 9.068383987516220879e-01
2.014636516951403000e-01 6.612680418883661870e-01
4.806431710309194694e-01 3.953890803708360879e-01
6.232012092240859502e-01 1.828028392698460292e-01
6.470101944933026594e-01 0.000000000000000000e+00
4.759916956711090497e-01 3.489987243360355706e-01
9.644716554438290679e-01 4.080836216293829422e-01
9.935383754888676977e-01 5.473110647662556838e-01
9.133398121288752725e-01 6.139660987168312767e-01
4.227584058188352256e-01 5.050171990351284279e-01
1.000000000000000000e+00 5.957938788590695367e-01
9.793620770288085087e-01 7.264477383774965435e-01
8.707620185339922658e-01 7.745698381127985588e-01
3.861903858526744004e-01 6.935833837882720010e-01
9.389146243708440531e-01 8.043073815736203613e-01
8.701362782784324290e-01 8.801063313239354535e-01
7.354784396135157776e-01 8.819708568268054272e-01
3.745149565126211777e-01 8.918270439758877455e-01
8.517191710157532292e-01 9.695212822544060360e-01
7.866325093896993081e-01 1.000000000000000000e+00
6.451520623345027294e-01 9.860614878472814260e-01
