1.000000000000000000e+00 5.631637087569989486e-01
6.833170922950957404e-01 6.562638710538072351e-01
3.980584705683372637e-01 7.247378873874038563e-01
1.837976005723639117e-01 8.338935280023753727e-01
8.940956926218980583e-02 1.000000000000000000e+00
5.579159315739229408e-01 2.777533837601507405e-01
0.000000000000000000e+00 3.256059991964052602e-01
1.512244115188944582e-01 4.370761583709563691e-01
3.450284731230278124e-01 4.546706114316688696e-01
6.214100759542759977e-01 1.340836525850583882e-01
4.006441216995131754e-02 1.839537019785611460e-01
1.408573923615460410e-01 2.893095604024476519e-01
2.997306606033457443e-01 3.083636168902796904e-01
6.581592286957561599e-01 4.525862378108052447e-02
1.400522402371545405e-01 8.839557898585453932e-02
2.167032178485825689e-01 1.714249876520227700e-01
3.566516074381831936e-01 1.738074021561265559e-01
6.612126500349942981e-01 0.000000000000000000e+00
2.667940827422515260e-01 1.422945992282494306e-02
3.221730155326600342e-01 8.746687084326604245e-02
4.619453720825398846e-01 1.056492772827341692e-01
