1.000000000000000000e+00 4.718788940178310631e-01
7.971633240844423485e-01 7.149131977468986543e-01
4.900519531225902004e-01 8.877393827252418879e-01
1.956815048913386201e-01 9.401555870701493456e-01
0.000000000000000000e+00 1.000000000000000000e+00
1.930244470416251912e-01 6.337008230968467215e-01
4.311042531034662423e-02 5.329531716732806013e-01
2.781573606293358258e-01 5.457448081072316937e-01
3.820791278673270064e-01 5.918797057814288998e-01
2.453964661847001516e-01 4.342471485731754233e-01
9.722996943149668503e-02 3.351168789518988445e-01
3.676456043622553516e-01 3.892035584400476145e-01
4.341061792316064372e-01 4.616909750324098005e-01
3.198369706356501418e-01 2.627296465641319467e-01
2.031795541866073807e-01 1.625416904205178315e-01
4.357430597995226584e-01 2.383558728738189303e-01
4.965291286334798659e-01 3.241191257363217337e-01
4.153248876093583730e-01 1.062516730119044822e-01
3.214851942456150580e-01 0.000000000000000000e+00
4.810940344155855697e-01 8.683737473937458429e-02
5.477230634093960271e-01 1.884690695917214942e-01
