1.000000000000000000e+00 4.857724887558811933e-01
8.261050818886296332e-01 6.220980932805992847e-01
6.691195012847279688e-01 7.198782159038640271e-01
6.017844958739519967e-01 8.491093903657324082e-01
6.116906838478681774e-01 1.000000000000000000e+00
6.217080028746403420e-01 2.224271658423233877e-01
5.648183698305128675e-02 3.535250461715499504e-01
2.011053658691735746e-01 4.840524893047962185e-01
3.838101177345470960e-01 4.852058031371676572e-01
5.812767462342286473e-01 7.895638623593689842e-02
0.000000000000000000e+00 2.461051470356665494e-01
1.500318436849921166e-01 3.840233948358354188e-01
3.178465490305661389e-01 3.873842157125336194e-01
5.317717432543261902e-01 1.387718303540708999e-02
4.161545550857886216e-02 1.847082156481644477e-01
1.686651324144480268e-01 2.872477076628828785e-01
3.203671603384442013e-01 2.773214291179459390e-01
4.774576244232355271e-01 0.000000000000000000e+00
1.215739640579077963e-01 1.341480113728077683e-01
2.122184711547709102e-01 2.250023274587911459e-01
3.596017229667560766e-01 2.307453998998723887e-01
