1.000000000000000000e+00 3.748614677811070162e-01
8.395221743710573614e-01 5.603277673142088577e-01
5.294118203411650736e-01 7.259109628038392659e-01
2.839739330006766371e-01 8.718349764977189054e-01
1.220564109053744323e-01 1.000000000000000000e+00
2.112559256722414125e-01 5.627128989668888082e-01
0.000000000000000000e+00 5.623997225702271896e-01
2.528531469880721527e-01 5.516291973477803756e-01
4.102317758091270083e-01 5.459539149578824802e-01
2.277480260685126046e-01 3.790340430387103554e-01
2.681815353016940486e-03 3.666187796799553200e-01
2.832019711981259569e-01 3.889727285858894379e-01
4.087625703887861617e-01 4.185297346150408937e-01
2.953747930353571860e-01 2.065171266234222536e-01
7.271365664932258333e-02 1.705844629210274965e-01
3.185277831530733406e-01 2.159571580085083709e-01
4.437238710980792589e-01 2.641850303705789438e-01
3.903312020680479999e-01 4.921197242114244003e-02
2.065068756808576267e-01 0.000000000000000000e+00
3.612419940410828700e-01 5.686680841664376596e-02
4.615412261840515229e-01 1.173795476478328020e-01
