1.000000000000000000e+00 9.695031162217042642e-01
7.040482066627152813e-01 7.055961855007760741e-01
4.192348831517239693e-01 4.145344249879243659e-01
2.916175249617864451e-01 1.980553510380371196e-01
2.789182685962609543e-01 0.000000000000000000e+00
5.841725416749652400e-01 3.445630548351849565e-01
0.000000000000000000e+00 3.927415364919175089e-01
6.576929814247355066e-02 5.226570889940395093e-01
2.489846713874697970e-01 5.348965831766233636e-01
6.734730177546029983e-01 5.136381595299170932e-01
1.278519185961409649e-02 5.994721591735094890e-01
1.143441487076981428e-01 6.897980376478973774e-01
2.898310265227229676e-01 6.744811572929905186e-01
7.153447498062327492e-01 7.111247532111856229e-01
8.861104245603342033e-02 7.978724869747091386e-01
2.091142015227829554e-01 8.626627575162142403e-01
3.728864067745364386e-01 8.325861767781691514e-01
7.115347929269539851e-01 9.074893663917013020e-01
1.755830115876440001e-01 9.658607829712201331e-01
2.693531831826787570e-01 1.000000000000000000e+00
4.377197129124603681e-01 9.809915458710648517e-01
