1.000000000000000000e+00 6.156925150104379796e-01
7.526270952381507451e-01 7.098535400946477392e-01
4.044485729386980144e-01 7.595502313466113709e-01
1.410446575771268918e-01 8.726449291202098557e-01
0.000000000000000000e+00 1.000000000000000000e+00
2.259519423044965281e-01 4.912702456436544018e-01
5.770583767272489950e-02 4.329755098223282417e-01
3.100889957941473929e-01 5.245059955641012683e-01
4.106727613998306659e-01 5.533974686603040372e-01
3.356954758040548992e-01 3.305775756337688831e-01
1.830683472297761072e-01 2.785555217294652941e-01
4.341812321932988494e-01 4.207244594692342021e-01
4.731313308432356646e-01 4.453446247118931223e-01
4.866052937437921888e-01 1.993143990247487618e-01
3.457856550307467636e-01 1.174728890068827691e-01
5.418767606684360416e-01 2.681389229578557964e-01
5.757422663933325913e-01 3.092106500782813572e-01
6.479031492140091553e-01 9.440165841460206042e-02
5.540297794965144407e-01 0.000000000000000000e+00
6.536231287389593358e-01 1.320475003093365129e-01
6.777291496270437809e-01 1.990155812863470264e-01
