0.000000000000000000e+00 2.621806232188186869e-01
2.257663072051715736e-01 4.936211153871821744e-01
5.085168785686602355e-01 6.722507396614241237e-01
6.667138529601325247e-01 8.381613697763342641e-01
7.585225463217362130e-01 1.000000000000000000e+00
1.000000000000000000e+00 3.674506027282816167e-01
9.333113280571050385e-01 5.908234093880769811e-01
7.016134473649267012e-01 5.901631518845609214e-01
6.509548004788981990e-01 5.127058631607827044e-01
9.648739653651706716e-01 2.239195968876134812e-01
8.055317000128469074e-01 5.039776111840267303e-01
5.571695457053006395e-01 4.978445079675809515e-01
5.506849614538812387e-01 3.987925969592933106e-01
8.534300162043759741e-01 1.031333343220202786e-01
7.082003210647170865e-01 3.655646051307909206e-01
4.828781227969983769e-01 3.771507030800070326e-01
4.712132122341419205e-01 2.840772584699575165e-01
6.997731819197596792e-01 0.000000000000000000e+00
6.174860438327829382e-01 2.192279683471873020e-01
4.530421259795766598e-01 2.561088494897139634e-01
4.169938669513857943e-01 1.921527762329544309e-01
