0.000000000000000000e+00 8.192781488569990112e-01
1.189516609267842473e-01 5.504940756237692856e-01
3.322847295969511006e-01 3.398656900485558241e-01
4.797511587284258305e-01 1.627507429568468555e-01
5.235699504749049549e-01 0.000000000000000000e+00
7.773896602717429438e-01 4.043276603004559711e-01
1.000000000000000000e+00 4.943698685216046385e-01
9.375800192542453892e-01 5.696715426831105988e-01
8.303291582718818065e-01 5.907112214955574370e-01
8.401374098077553088e-01 5.631460263989228610e-01
9.561067717379437836e-01 6.689078000606588637e-01
8.273844497156525035e-01 7.231528430371538807e-01
6.971552844963625484e-01 7.313895292587434538e-01
8.377447720753893323e-01 7.354514706788641831e-01
8.963712198656172969e-01 8.187700875258643318e-01
7.710749625336205115e-01 8.558789585303542280e-01
6.330571325069226374e-01 8.563791172517221106e-01
8.036702164613872545e-01 9.064866341695207996e-01
8.337807794991911603e-01 9.815159232169688996e-01
7.101325466220709259e-01 1.000000000000000000e+00
5.936549073513502917e-01 9.909902600971931541e-01
