1.000000000000000000e+00 1.000000000000000000e+00
6.479633988475537176e-01 9.426928717600244756e-01
3.831979977510425184e-01 7.416780731828952478e-01
1.841367258626457060e-01 6.140809204910339103e-01
0.000000000000000000e+00 5.709141053242630104e-01
4.715554746975774703e-01 3.690765605966023211e-02
1.677958813445591668e-01 2.755937775640380782e-01
2.593473401308272197e-01 5.299110688952833881e-01
3.886296180179767967e-01 5.483173985243382509e-01
5.951362432694281557e-01 0.000000000000000000e+00
2.763595469212545286e-01 3.651266405830140838e-01
3.748820193407514934e-01 6.172134651979944708e-01
4.993384829594365582e-01 6.080487914314451903e-01
7.151785058428208330e-01 6.611452899433298280e-02
4.092312666167762791e-01 4.318054438650024696e-01
4.900430513710045122e-01 6.596599159261522516e-01
6.070931888328424675e-01 6.565101397616666112e-01
8.303594641505633867e-01 1.980130562977452657e-01
5.524279815400136018e-01 4.652071696737984374e-01
5.847572466506462119e-01 6.409646796520991341e-01
6.777504128807230188e-01 6.600365463549144884e-01
