0.000000000000000000e+00 1.000000000000000000e+00
2.911980321876106448e-01 9.843343626876797092e-01
5.990579429019973201e-01 7.422992226599935961e-01
8.231399207581698851e-01 5.236054378305470269e-01
1.000000000000000000e+00 4.260581407730806291e-01
5.414127915722705131e-01 3.707593085578390624e-01
6.356039390179487603e-01 1.595336669861214529e-01
5.009349597174167501e-01 4.439396585383168503e-01
4.411067276381613889e-01 5.397944130905476534e-01
3.638959925531228823e-01 2.590924644162850843e-01
4.578019723366160143e-01 6.214027615092464207e-02
3.441283738006558068e-01 4.239400134880914606e-01
3.263893051805788481e-01 4.454905050935292765e-01
1.795006724131885667e-01 2.041844319028857380e-01
2.499134741649691460e-01 0.000000000000000000e+00
1.801776098284300076e-01 3.434473432009370608e-01
1.692436850278635774e-01 3.811295921627089744e-01
3.251787917826470843e-06 1.803913676214815576e-01
4.046963169401750215e-02 4.328392432470805351e-02
2.491307829513566413e-02 2.843330848684911261e-01
2.131575256551928449e-02 3.365232669577254976e-01
