1.000000000000000000e+00 1.000000000000000000e+00
7.335921215090321912e-01 9.901208435749236925e-01
4.334279862805363037e-01 8.554640862435402004e-01
1.792240951821114925e-01 8.098151374955575577e-01
0.000000000000000000e+00 8.502308525736629319e-01
4.568761480829445776e-01 3.714489696168984945e-01
3.046019611902061608e-01 2.507373552807379280e-01
4.624550865463787908e-01 5.198562241541224704e-01
5.383196186752920998e-01 5.845361334292571431e-01
5.998250384836451010e-01 2.301238091576882083e-01
4.591095459841136317e-01 1.324308442574784750e-01
5.991395549307620971e-01 4.727663003099740191e-01
6.446797363717301499e-01 4.642159289452645887e-01
7.663650357689125725e-01 1.522596093119298888e-01
6.489717610698113592e-01 0.000000000000000000e+00
7.383261742918098003e-01 3.423904950718761331e-01
7.771642579082904678e-01 3.573835557651164341e-01
9.310293378800115205e-01 1.167844923557789238e-01
8.642171328997558799e-01 1.460039556794440413e-03
8.818125708435010646e-01 2.568907826078770107e-01
9.028087688579381487e-01 3.000222026434483102e-01
