0.000000000000000000e+00 2.962821656201053977e-01
2.360475436847734865e-01 5.240298079945354681e-01
4.999060853908585123e-01 6.816062887274414450e-01
6.346434858013798586e-01 8.351887544255783835e-01
7.075787296787264813e-01 1.000000000000000000e+00
1.000000000000000000e+00 2.936670624116502482e-01
9.665968765738626178e-01 6.086816182374158446e-01
7.010700749165524881e-01 6.078281167904627802e-01
6.344813072692941924e-01 5.219764590925037862e-01
9.715409773849208452e-01 1.662502327504918054e-01
8.822701077935610758e-01 5.565873284823871225e-01
5.955987283879178307e-01 5.433578071236088158e-01
5.444953903234579506e-01 4.387530149693831261e-01
8.753040157942031385e-01 7.057691918338680759e-02
7.970690091719131454e-01 4.429270900994163873e-01
5.383979739819297894e-01 4.420065432345032796e-01
4.870381290554975928e-01 3.429862692975465532e-01
7.281064497960908488e-01 0.000000000000000000e+00
6.896090449284180135e-01 2.998822058473561425e-01
5.150562632631975335e-01 3.183105683161277510e-01
4.673800499443683254e-01 2.395630696578659180e-01
