9.721133751547293977e-01 8.705966831937083095e-01
1.000000000000000000e+00 6.168036171030335524e-01
8.672663825225918055e-01 3.703996790515091675e-01
7.464297320869274222e-01 1.754561751268305103e-01
7.578099437528240667e-01 0.000000000000000000e+00
2.477842765620422993e-01 4.234914659186896357e-01
1.178470308091209146e-01 5.649765297952260568e-01
4.321644850526772386e-01 5.883021723269949987e-01
5.234363479292235555e-01 5.018447428603349803e-01
1.184664652861564249e-01 5.914566761856557831e-01
4.699409423482507620e-02 7.234644155131875198e-01
4.112131485961171284e-01 7.350832925658782324e-01
4.648811997999437451e-01 6.514908362096254457e-01
6.299988679822932092e-02 7.533761377505505674e-01
0.000000000000000000e+00 8.696350565130029908e-01
3.303686235115130265e-01 8.724373295595929667e-01
3.949461353779458728e-01 7.820471299993736469e-01
4.769737777291725017e-02 9.019993939896640001e-01
7.142898811573400453e-03 1.000000000000000000e+00
2.655150484880917650e-01 9.892814037772387215e-01
3.681461146132113949e-01 9.157724177273258714e-01
