0.000000000000000000e+00 2.661063771098048369e-01
9.602375094539518374e-02 4.457656089992439452e-01
3.417147127156784925e-01 6.301619411224893552e-01
5.273229530368963580e-01 8.202304532160713535e-01
6.018155615823623794e-01 1.000000000000000000e+00
7.676786129705701622e-01 5.267609443515891554e-01
9.492268152846357054e-01 5.487788416447867412e-01
6.846914965291031052e-01 5.033467638081761120e-01
5.259204951604830036e-01 4.765547869003451953e-01
7.985371173981918869e-01 3.520758027447114524e-01
1.000000000000000000e+00 3.587449717520638237e-01
6.962839800960954895e-01 3.461222263062277982e-01
5.634235038082683333e-01 3.630325024346923168e-01
7.722880124394367884e-01 1.836900363369160238e-01
9.697069702941979452e-01 1.706928746602064950e-01
6.971885382352556171e-01 1.854393376369646018e-01
5.669492865350549415e-01 2.235474205765220490e-01
7.123903920658307687e-01 3.152466246836432145e-02
8.828241710986524104e-01 0.000000000000000000e+00
6.955051053857564947e-01 3.332122674109909422e-02
5.852201121684319496e-01 8.233516272200028241e-02
