7.434308994242634361e-01 1.000000000000000000e+00
4.594744907475863949e-01 8.704862070085681580e-01
2.463780450487705054e-01 5.074236669081838569e-01
1.259715895121525375e-01 2.040492448448416041e-01
0.000000000000000000e+00 2.732918632604660475e-02
4.717386867121477478e-01 2.120629017983076403e-01
3.993030108158099889e-01 0.000000000000000000e+00
3.984027952057142552e-01 2.931833230678917435e-01
4.452113221242215424e-01 3.844346887439786253e-01
6.560761566834263370e-01 2.331150177568385995e-01
5.731659768168303470e-01 2.874516243472392471e-02
5.306385080584130609e-01 3.841121522926730925e-01
5.875083472311222188e-01 4.167459846972375037e-01
8.286336355373872253e-01 2.978396862870777428e-01
7.637027991725158227e-01 1.083546570758295718e-01
6.956722194952792426e-01 4.462156985629794348e-01
7.398158075095782049e-01 4.751279071454535541e-01
1.000000000000000000e+00 3.780208100210226685e-01
9.364843251265735358e-01 2.813279899109776272e-01
8.638987027887689019e-01 5.107707529800916690e-01
8.953718836192775532e-01 5.467963540541175282e-01
