1.000000000000000000e+00 1.000000000000000000e+00
7.155646089537083254e-01 9.142461540733450853e-01
4.513517974830722479e-01 6.471221107328531952e-01
2.080422070440207938e-01 4.292682190806587639e-01
0.000000000000000000e+00 2.371103042765525248e-01
4.907947243649865565e-01 0.000000000000000000e+00
1.304149853499791401e-01 2.095484942728574329e-01
1.249728541257432851e-01 5.315731479685094074e-01
2.152433136364642619e-01 6.906614280087067792e-01
5.568517686835556812e-01 3.777028015427046082e-02
2.282935179448264962e-01 3.387391415219895285e-01
2.351182078090378047e-01 6.481588273887100016e-01
3.094966076351587381e-01 8.285201308480241167e-01
5.954797624410388401e-01 1.705772365144704317e-01
3.228469451850413119e-01 4.460153450758687632e-01
3.188225593818982961e-01 7.208006902598179666e-01
3.749339281808702351e-01 8.947649126201312475e-01
6.158605461488499966e-01 2.926482685130382122e-01
4.009811474773010143e-01 5.044868921368445003e-01
4.010258810594967138e-01 7.172886092683624648e-01
4.565931731189176168e-01 8.320788683694088084e-01
