8.691705387681947226e-01 1.000000000000000000e+00
1.000000000000000000e+00 8.512453009545468685e-01
9.546768626359275478e-01 5.726346985338710560e-01
8.726507382667895163e-01 2.615192977999886148e-01
9.022901049885596603e-01 0.000000000000000000e+00
4.251592892119680500e-01 1.735468018829791625e-01
1.709612325872728045e-01 5.693596806061891336e-01
3.689889240432090434e-01 7.037258348083456072e-01
4.720338737853904121e-01 6.037820196132260842e-01
2.661554997396008426e-01 2.371394349813317204e-01
6.582761576032643280e-02 6.737474194101993330e-01
3.473253566217237021e-01 7.866693594129178235e-01
4.522192967502498551e-01 6.552825762562241030e-01
1.616234205970256688e-01 3.553074712703506166e-01
1.544507141818227298e-02 7.330195629601450324e-01
2.639399564906639295e-01 8.392826071890970852e-01
3.548204340611476604e-01 7.393144026133519064e-01
1.046014798178926258e-01 5.059666240249081071e-01
0.000000000000000000e+00 7.748226639211759359e-01
2.051409674336842348e-01 8.484363581419931410e-01
3.204497007364682237e-01 7.643774655210002766e-01
