6.553649095190262619e-01 1.000000000000000000e+00
1.000000000000000000e+00 6.856097326322553309e-01
9.661454192034102384e-01 3.928169612566857483e-01
8.337654238186380518e-01 1.869007890268453709e-01
7.544865339474526866e-01 0.000000000000000000e+00
2.790763468843278083e-01 3.274088375773044346e-01
7.397456207948036599e-01 2.774944472160182363e-01
9.958722807990968429e-01 3.994787171602993125e-01
9.734944649291181751e-01 4.735910891075741924e-01
6.855424969699985827e-02 4.556608753590694616e-01
7.294204668334028918e-01 4.502568054365187478e-01
9.472947207247335299e-01 5.597659997338584326e-01
8.562091192289751351e-01 6.153650415069832347e-01
0.000000000000000000e+00 6.153232477788717070e-01
7.032920921310732432e-01 6.301026135813533324e-01
8.734702907977811570e-01 7.114201772958037573e-01
7.533629217868946792e-01 7.432646501545047135e-01
1.658929175651141508e-02 7.789105912996611147e-01
6.186725675214963527e-01 7.954722952487398580e-01
8.031594363566125772e-01 8.224107009788478306e-01
7.462151746567263766e-01 8.347441945019059562e-01
