1.000000000000000000e+00 5.418875219508697549e-01
6.721525319019435729e-01 6.313239298763898555e-01
3.739968123266343425e-01 7.120468623791290641e-01
1.492565171405462465e-01 8.214838373139284888e-01
2.165407027683898672e-02 1.000000000000000000e+00
6.411940095181178911e-01 3.477109380923253945e-01
0.000000000000000000e+00 3.385333230127064441e-01
1.430288148244125424e-01 4.210265363949622364e-01
3.543998701642410709e-01 4.369558902128643507e-01
7.296387221071445328e-01 1.870145929865280610e-01
3.969522844072847362e-02 1.858093015058857600e-01
1.425434528358858199e-01 2.696559790226765729e-01
3.414043076780233221e-01 2.892467988683187219e-01
7.722862680609930974e-01 7.881695894456056117e-02
1.432767280627701978e-01 8.068881095196457631e-02
2.365299681061426296e-01 1.523046799113589866e-01
4.324601954652235736e-01 1.545675230502617792e-01
7.707668243760168458e-01 8.319238054950413644e-03
2.858146632594293357e-01 0.000000000000000000e+00
3.599207438690941729e-01 6.784569008383729838e-02
5.490273638755593932e-01 8.361330919383905269e-02
