2.763581036688682047e-01 1.000000000000000000e+00
4.570050412489639058e-01 7.074256656340328631e-01
4.925405547574364107e-01 4.054490403530672249e-01
4.741687073717918421e-01 1.919178315011946523e-01
3.902404521720542196e-01 0.000000000000000000e+00
4.179908982979628485e-02 3.074461433259368381e-01
8.508854931276176314e-01 2.349883251903388537e-01
9.366270680804378301e-01 3.706305361413279043e-01
7.193831359691175154e-01 4.216452417412190345e-01
0.000000000000000000e+00 4.478424540049689706e-01
9.862258953168043796e-01 3.942512017443687844e-01
9.869211496688241603e-01 5.130257940098772451e-01
7.448888064573254697e-01 5.480527482692485464e-01
5.518496280624984873e-02 6.159693550881516488e-01
9.846415327241081483e-01 5.714389458304595104e-01
9.924234565300992239e-01 6.673010210761822769e-01
7.898710295318062125e-01 6.919982194509147755e-01
1.707750592826148828e-01 7.835608976789576463e-01
9.196810946352770300e-01 7.329745707011826594e-01
1.000000000000000000e+00 7.761393413575378153e-01
8.622154670254534858e-01 7.939625856652023916e-01
