9.988284622605966279e-01 1.000000000000000000e+00
1.000000000000000000e+00 6.872299691068798344e-01
7.635936354742230980e-01 3.730901304528471685e-01
5.544662331951901724e-01 1.761565731780048993e-01
4.242709976371350500e-01 0.000000000000000000e+00
1.490336981070128908e-01 4.210625760922728777e-01
1.808097745751055530e-01 2.335643627554830626e-01
4.881819999709753888e-01 3.303852574537631259e-01
5.233062694796890568e-01 4.253112122563725839e-01
2.372835100597510752e-02 5.818571742408785719e-01
1.809130568597247524e-01 3.915140056773793176e-01
5.292483933290952347e-01 5.021835471912088344e-01
4.663023641654197582e-01 5.946453752540977744e-01
0.000000000000000000e+00 7.681794205376397677e-01
1.520292613036146601e-01 5.946768988460798822e-01
4.787667265942647798e-01 6.744652639386162774e-01
4.238706845485744057e-01 7.569944193452255998e-01
3.828606441158216578e-02 9.640110226840634677e-01
1.371980760093534646e-01 8.156884106353159414e-01
3.984453377566296028e-01 8.306936404188055567e-01
4.107666504518505679e-01 8.956847139557095883e-01
