7.483612884081807248e-01 1.000000000000000000e+00
9.911536283862911745e-01 7.306647882661182480e-01
1.000000000000000000e+00 4.232674986966179498e-01
9.182680129818272530e-01 1.973145195247533734e-01
8.391390672299667841e-01 0.000000000000000000e+00
2.449890831408725878e-01 4.009764944188667912e-01
5.726082340760678679e-01 3.610441716118662492e-01
8.785579009457904487e-01 4.644381602870923942e-01
8.793990796183300818e-01 5.248065466930947887e-01
5.009579725399384426e-02 5.590528213564154303e-01
4.742279136883135182e-01 5.300982072430786562e-01
8.125716984574864465e-01 6.243920822839320595e-01
7.825259422012611488e-01 6.796151050951816375e-01
0.000000000000000000e+00 7.526508142387111633e-01
3.067958392603620243e-01 7.285854181908030247e-01
6.686589849702884170e-01 7.967073418517831573e-01
7.143773283621307479e-01 8.425111766644979294e-01
2.050203819261309582e-02 9.609596556695255698e-01
1.783826082991258055e-01 9.727443637411504751e-01
4.698171464698914224e-01 9.641755708450808759e-01
5.899731002861465790e-01 9.524050595185954426e-01
