0.000000000000000000e+00 8.999093966593527671e-01
1.125323150499496494e-01 5.908798260377300382e-01
2.782260038309145589e-01 3.662167990089182923e-01
4.079162322538852359e-01 1.711643993338322900e-01
4.186262323865536650e-01 0.000000000000000000e+00
7.778758049884235692e-01 4.864899321119615649e-01
9.584594636262118161e-01 4.523005765524724109e-01
8.213138426671656722e-01 4.631561075435987052e-01
6.904362320159970201e-01 4.841704432116841761e-01
8.632707977168224689e-01 6.633582810838806187e-01
1.000000000000000000e+00 6.158766599215237392e-01
8.680789980882025469e-01 6.209641357057053002e-01
7.462361058437687600e-01 6.507946740804194663e-01
8.673526385687183593e-01 8.401793943734831016e-01
9.842689582007602134e-01 7.749172742938716940e-01
8.697007549747221011e-01 7.827374306994098196e-01
7.341171901197721672e-01 8.115415569772586046e-01
8.358811766864098214e-01 1.000000000000000000e+00
9.279363521037777840e-01 9.265436940303858337e-01
8.124262031995044264e-01 9.272343953850737952e-01
6.933773533202098882e-01 9.510523856971799805e-01
