8.947610287141459784e-01 1.000000000000000000e+00
5.997897682524117036e-01 9.268321988789628429e-01
3.376415155398853063e-01 6.275323536201982133e-01
1.598298108176474941e-01 3.579003997410394322e-01
0.000000000000000000e+00 2.148907041684582631e-01
4.686318748810597845e-01 2.552330659333837404e-01
3.726695140091707548e-01 5.640788633885784192e-02
4.479193418865849985e-01 3.644516555938999702e-01
5.050368540365972603e-01 4.513739471144864734e-01
6.462394751299596063e-01 1.977781229822346554e-01
5.521836073609539541e-01 8.405347083532516486e-03
6.002691860619967512e-01 3.915459619231855259e-01
6.401919658462421614e-01 3.990348483899215926e-01
8.239269783471235842e-01 1.929567991879875821e-01
7.466933764303356202e-01 0.000000000000000000e+00
7.614911577498496564e-01 3.601992039508936094e-01
7.952721731081937584e-01 3.773034887869105569e-01
1.000000000000000000e+00 2.089976492720810874e-01
9.431227487614695093e-01 1.023359804412113522e-01
9.241484848313391565e-01 3.473927861232385395e-01
9.502197607630609166e-01 3.755242792688798237e-01
