0.000000000000000000e+00 5.708264228563808551e-01
2.043129737874860019e-01 7.327640580903550527e-01
5.464426053152304785e-01 8.272559702132326054e-01
8.169332721635211847e-01 9.044398249985157179e-01
1.000000000000000000e+00 1.000000000000000000e+00
7.571894540811814345e-01 5.902714787907942240e-01
9.593068745168464861e-01 5.435517341052675810e-01
7.310581855943754093e-01 5.912254326947841143e-01
5.944149440205016566e-01 6.154923887156473761e-01
6.845603149213370653e-01 4.018343162338869345e-01
8.834555265315972017e-01 3.397128261850771436e-01
6.370448253510103687e-01 4.345751490338719547e-01
5.467930236626934448e-01 4.813278151769278534e-01
5.684602234594707815e-01 2.362181070794343585e-01
7.595977016639600121e-01 1.497037083598603824e-01
5.594597934690487273e-01 2.604371289852953630e-01
4.796633105547462028e-01 3.242245511739971775e-01
4.312921910844301765e-01 8.963623355711354546e-02
5.802882651103897782e-01 0.000000000000000000e+00
4.649726823461863834e-01 1.023896633952371960e-01
4.037415107431923111e-01 1.799798056115008427e-01
