0.000000000000000000e+00 8.191519625066444599e-01
1.761793895096104290e-01 5.843808170907992539e-01
4.518415525777350616e-01 3.453995505935024135e-01
6.413114039645133602e-01 1.704317394683017572e-01
7.314134511861785093e-01 0.000000000000000000e+00
5.100839800482988018e-01 3.691037257208325539e-01
9.957506924116610314e-01 4.137085583561125324e-01
9.638307258565971258e-01 5.259525369406221618e-01
8.340090331986008687e-01 5.757563905543694460e-01
4.746997964799185565e-01 5.407373525475397402e-01
1.000000000000000000e+00 6.036689143293533233e-01
9.096352210337523836e-01 6.909345742102965815e-01
7.441598216218329176e-01 7.071876739754550112e-01
4.435439640534851180e-01 7.346678420659866759e-01
9.477385035215076803e-01 7.873646621247853972e-01
8.341270102301415745e-01 8.451516757268558999e-01
6.699097737664293506e-01 8.500050721147185406e-01
4.245627597544253673e-01 9.342819359632666965e-01
8.557071049435771570e-01 9.762471420243521436e-01
7.663257266283959313e-01 1.000000000000000000e+00
6.132039583234493163e-01 9.925929991582711498e-01
