0.000000000000000000e+00 8.383901226242388427e-01
1.222431387370624539e-01 5.630808917869430941e-01
3.370297418304453729e-01 3.454800031728736953e-01
4.830527774547427877e-01 1.644155276041321667e-01
5.197513276737605326e-01 0.000000000000000000e+00
7.670855622746830527e-01 4.112451408826610089e-01
1.000000000000000000e+00 4.935356624983867069e-01
9.161978621545140422e-01 5.604653652823216037e-01
7.953022638291273871e-01 5.701316349907235015e-01
8.231802632089002536e-01 5.787385785054560694e-01
9.834166763577160131e-01 6.629495787957792041e-01
8.701440574485405088e-01 7.177025933530389867e-01
7.446527212466566015e-01 7.243177208923523569e-01
8.180905240919487120e-01 7.565886214779988794e-01
9.352601562197154772e-01 8.170268916754213073e-01
8.252035120362832821e-01 8.560203838810684918e-01
6.912540702407257154e-01 8.565933074878510078e-01
7.759751618405240636e-01 9.272709018945878290e-01
8.638770981121836057e-01 9.794246208193396752e-01
7.536460150405085434e-01 1.000000000000000000e+00
6.388465713067410512e-01 9.935388039575054897e-01
