8.565131805588347413e-01 4.008359318928372828e-01
8.892450862437445425e-01 5.091567439661570660e-01
8.049959683329163118e-01 6.717656078914557849e-01
8.881055688844841089e-01 8.395213588118725090e-01
1.000000000000000000e+00 1.000000000000000000e+00
4.757861986445492686e-02 5.644336773311712241e-01
2.710507924075532538e-01 5.344751481362632894e-01
5.942085844583593346e-01 4.973534620651138272e-01
7.206490630556502408e-01 4.904461357195172289e-01
0.000000000000000000e+00 3.522218602338336169e-01
3.452798862933215696e-01 3.027900813004146818e-01
6.581012002633425118e-01 3.168066255306327683e-01
6.947474281922626504e-01 3.499482900947729069e-01
8.101388769109182930e-02 1.738640845191174733e-01
3.809128957266214033e-01 1.377651816705410259e-01
6.149814486762418264e-01 1.691841298846998853e-01
6.163330350229576649e-01 2.048696474369180731e-01
2.122631483950383480e-01 3.997295701782534183e-02
4.462730289247960891e-01 0.000000000000000000e+00
6.046477981819561309e-01 3.240768275446490737e-02
5.969984698044393800e-01 6.791413853159546099e-02
