0.000000000000000000e+00 5.952921906909300898e-01
2.819341141871205547e-01 7.672981751866314593e-01
5.800191010946365022e-01 8.757933263189425777e-01
8.418312742789193504e-01 9.115168711710721627e-01
1.000000000000000000e+00 1.000000000000000000e+00
7.312427102074747776e-01 5.108327609950876758e-01
9.124256981099611030e-01 4.568950424903260865e-01
7.100744055221112072e-01 5.658690978536129457e-01
6.064925480469799401e-01 5.955477568795985999e-01
6.406768360516021943e-01 3.528869830441547228e-01
8.194160029132782075e-01 2.975261057397952102e-01
5.948198618385923675e-01 4.479591112169988287e-01
5.196981127280219104e-01 4.642249880029219455e-01
5.206919558300380224e-01 2.190608100695186633e-01
6.974613703444412227e-01 1.663419630721164333e-01
5.144424679056980310e-01 3.186100904067274975e-01
4.380389604327367681e-01 3.366857131497689171e-01
3.722876514789615898e-01 9.330101081171481014e-02
5.153579144338801266e-01 0.000000000000000000e+00
4.461940999763324145e-01 1.487856803418171336e-01
3.960254679212236173e-01 2.219057722793815746e-01
