0.000000000000000000e+00 9.104376343754018164e-01
3.780045888912715243e-03 1.000000000000000000e+00
1.125678688157291385e-01 9.793269514503456508e-01
3.044690483923623292e-01 8.562215933185257644e-01
4.582552180977377820e-01 6.698862697017153867e-01
4.173514681902220635e-01 1.394096061239812334e-01
9.396421601146011104e-01 7.533425545328162332e-02
8.102154036765470968e-01 2.071826864488623965e-01
6.127198147054360167e-01 3.178007321981539124e-01
4.985796089870037084e-01 4.549915441939469257e-02
1.000000000000000000e+00 0.000000000000000000e+00
8.154237827295000018e-01 2.072080909967454754e-01
6.566165015326261845e-01 2.964652112075484847e-01
5.667957893223213306e-01 5.189562873715555628e-03
9.965875921028266582e-01 1.933325177822064339e-02
8.439170856151342326e-01 1.818230850735774451e-01
6.785608738706992993e-01 2.618524918148500968e-01
6.295542488627048350e-01 1.663216207945213826e-02
9.624286094672948044e-01 2.777381510257379352e-02
8.666824255663694299e-01 1.286732533493942232e-01
7.066750435459782098e-01 1.965194206043390235e-01
