1.000000000000000000e+00 8.542462581670403621e-01
9.621988278283107876e-01 5.818208976838272761e-01
7.251772837106956748e-01 3.111395027329019181e-01
5.078106506995667679e-01 1.448630436810794397e-01
3.834055861067860449e-01 0.000000000000000000e+00
1.468555853918886711e-01 4.446490363994625716e-01
6.537580998230664575e-02 3.268241175012198130e-01
3.911245277525317032e-01 3.778523527097389922e-01
4.673639250666262734e-01 4.480907047127794529e-01
3.626208483419653128e-02 6.310272216336961781e-01
0.000000000000000000e+00 5.112493136815707828e-01
4.071820609580693029e-01 5.524959209921930237e-01
3.916936293691962168e-01 6.100940276400311779e-01
2.050210057060362218e-02 8.156520485952351018e-01
4.189998918266436140e-02 7.118783889655767583e-01
4.074457786466950115e-01 7.312731361946658293e-01
3.820273506727472901e-01 7.842741272689689458e-01
5.890537517596223377e-02 1.000000000000000000e+00
1.133465413627329915e-01 9.206063897130707385e-01
3.705564977597716747e-01 8.918294163386158990e-01
3.751220921911401773e-01 9.203101679148614211e-01
