0.000000000000000000e+00 1.000000000000000000e+00
7.328655597780521502e-02 6.974809229183740467e-01
2.921945842843181596e-01 3.985633930322511342e-01
4.514110556360109716e-01 1.839210384434980528e-01
4.774923960928160183e-01 0.000000000000000000e+00
5.259027470157248141e-01 3.551761474772316407e-01
9.648747340580718923e-01 3.986365470128045430e-01
8.792964667867079198e-01 4.925765488174185247e-01
7.232711053587950190e-01 5.070771442654661287e-01
5.783801078980035371e-01 5.243286574939578504e-01
1.000000000000000000e+00 5.841789043606782084e-01
8.931485682319043606e-01 6.602903638832609001e-01
7.460870131976238273e-01 6.552012032748524284e-01
6.148748693073421423e-01 7.184238411880027320e-01
9.939723908580252454e-01 7.666696743566588923e-01
8.780345266913146540e-01 8.286924676754110486e-01
7.331878394676176747e-01 8.203351660356732467e-01
6.370588410322585160e-01 9.157865693467670543e-01
9.565078277769283321e-01 9.431443683739160200e-01
8.414516600431020121e-01 9.893260810719108900e-01
7.008408511532834284e-01 9.812733266865870663e-01
