7.682276836077512883e-01 4.708144965547388372e-01
3.816128064889257043e-01 5.930378691145851144e-01
1.834769446070801391e-01 7.097862097525623470e-01
9.262770074399874487e-02 8.351763179993327846e-01
5.505676381966955607e-02 1.000000000000000000e+00
9.330104102703242752e-01 4.368864386697495772e-01
2.044588515858168920e-01 4.148740092717212447e-01
2.571356762391648898e-01 4.811958622355661519e-01
4.694526396961172243e-01 5.278230723217264275e-01
1.000000000000000000e+00 2.550636424290529392e-01
9.236437374155682251e-03 2.518345009260217759e-01
1.030402559012952163e-01 3.290857116563711271e-01
4.192859896896911076e-01 3.587829715521505536e-01
9.490219486769388979e-01 1.173332873198283666e-01
0.000000000000000000e+00 1.093748202597462360e-01
1.004172676253445168e-01 1.867724114527613832e-01
3.895406057663472477e-01 1.992159011169778449e-01
7.909452068487868859e-01 1.563121901278025083e-02
1.080994473560198260e-01 0.000000000000000000e+00
1.936635869021948730e-01 7.289732661536160729e-02
4.761894697759435635e-01 9.472181960405379186e-02
