9.491705492675003297e-01 1.000000000000000000e+00
1.000000000000000000e+00 6.821469555871343404e-01
8.102240996515622795e-01 3.873708907360851050e-01
6.350061299107847557e-01 1.833080483711591324e-01
5.388167279565172496e-01 0.000000000000000000e+00
1.583027763517775854e-01 4.461523582094449325e-01
3.519601898085321090e-01 3.067618183024580780e-01
6.077823553270931267e-01 4.098613535544231024e-01
5.678737131457252119e-01 4.921603827587363589e-01
1.468033442138266115e-02 6.132123844869298290e-01
3.154177566484433481e-01 4.912322494504796078e-01
6.187768977694179107e-01 5.814412501208128248e-01
5.199661240676168861e-01 6.408341080456985139e-01
0.000000000000000000e+00 8.005163014410278111e-01
3.154321285085910920e-01 6.920009131826220239e-01
6.044454454603181981e-01 7.534633165398316734e-01
5.239656669452632531e-01 8.147508100989636626e-01
5.235224304467926693e-02 9.807840020777485179e-01
2.686772042719000608e-01 9.058261567283082405e-01
4.988436554069506923e-01 9.140139728054955670e-01
4.960975886795843115e-01 9.588352039442291641e-01
