2.981265005957794978e-01 1.000000000000000000e+00
0.000000000000000000e+00 6.892632792348449833e-01
7.522661278747529157e-02 3.940348340228779778e-01
1.967807098226759810e-01 1.812877128994211107e-01
2.620752576120069510e-01 0.000000000000000000e+00
8.645342600826022572e-01 3.519938000003527412e-01
2.366115220277056619e-01 3.113996496490045174e-01
4.882780485609142934e-02 4.323767085920114939e-01
1.253642408291144594e-01 4.929471883389642262e-01
1.000000000000000000e+00 5.073340747752845825e-01
1.879782054254579282e-01 4.665980039138040714e-01
3.570430651348805579e-02 5.689977223521953675e-01
1.193017701828274491e-01 6.335316647587900807e-01
9.901459638591565415e-01 6.804655643992807423e-01
2.191799814684118053e-01 6.468807405048597747e-01
8.153240607448815347e-02 7.202285435794333335e-01
1.575252940891707365e-01 7.655892421539733927e-01
8.975782602898300100e-01 8.500676293291352659e-01
3.501896897445239687e-01 8.415769566679778269e-01
1.735134600309652386e-01 8.621316867659667427e-01
1.415587851363413752e-01 8.805629007032663713e-01
