1.000000000000000000e+00 9.932050062683628333e-01
8.823941837393927123e-01 5.694748533764549814e-01
6.772433839045846060e-01 3.175685458411888207e-01
4.659160877049393634e-01 4.027275631469651174e-01
3.547413880490677962e-01 5.693610012952623478e-01
6.884104369714335592e-01 3.638223834751242586e-02
3.636363346115428774e-01 0.000000000000000000e+00
3.665241591505805085e-01 2.284652557499849967e-01
4.319756088177463260e-01 3.347414946906719369e-01
6.947845633406558585e-01 3.225114937315071706e-01
3.293419415727165678e-01 2.314620608734326290e-01
1.438197282316057701e-01 2.334147020467640943e-01
0.000000000000000000e+00 1.997935066363026591e-01
6.890893710656583737e-01 6.612190958533148422e-01
3.772239561408256003e-01 4.768070573733909079e-01
2.695208717558468248e-01 4.111934271477948322e-01
2.032318092994974124e-01 3.326770809262152850e-01
6.674003560852082018e-01 1.000000000000000000e+00
4.681460501696058096e-01 8.124422129205476351e-01
4.193550652905360665e-01 7.084965624729503419e-01
3.915910827681801654e-01 6.123866905357467916e-01
