9.696679736661951710e-01 1.000000000000000000e+00
8.668418298990971937e-01 9.726664754998320950e-01
7.749423233239294273e-01 8.046444108225582204e-01
8.426518284722107621e-01 5.461807507574356624e-01
9.538236549991530033e-01 3.447127592542984509e-01
0.000000000000000000e+00 5.723314304687234788e-01
2.197862128561939021e-01 3.116462105576914832e-01
5.319424841826692063e-01 4.067108991506910298e-01
5.938351555974299423e-01 5.082499179366055664e-01
5.976516761641016001e-02 4.468275423616901443e-01
1.187450132454613561e-01 1.606988028176985217e-01
4.645747370547459454e-01 2.336714596719728088e-01
5.651111822476081459e-01 3.173873467678341442e-01
2.590878507829438293e-01 3.665479420009885581e-01
3.763963580726237268e-01 1.163240126924716678e-01
6.745108905642187569e-01 7.869351303015782728e-02
7.528301251545125305e-01 6.026414980436841512e-02
5.045355751661895205e-01 3.207773195642905639e-01
6.427861802569143634e-01 1.258275197235123877e-01
8.751941928391674397e-01 4.900825916185919812e-02
1.000000000000000000e+00 0.000000000000000000e+00
