0.000000000000000000e+00 1.000000000000000000e+00
3.464881719175044172e-01 8.249716013418629812e-01
6.309109113950346348e-01 6.420139387604265613e-01
7.316550404338895142e-01 4.628114057149441685e-01
7.492438132926441119e-01 3.163506772468077655e-01
9.376328640347215693e-01 8.245898637488887628e-01
1.000000000000000000e+00 5.340843323812388688e-01
8.660634373313985668e-01 3.845431124768162179e-01
7.632642207894768660e-01 3.015473164250103144e-01
6.978062659699844072e-01 9.054443032765172594e-01
6.494828626399734572e-01 4.791243926695907263e-01
5.910584367073320466e-01 1.962038563353231402e-01
5.447930722244346269e-01 0.000000000000000000e+00
4.044624702806794980e-01 9.379711664228850276e-01
3.382754382769710966e-01 5.380100855273508564e-01
2.542617170024740747e-01 4.415021887967369163e-01
2.049881712986742210e-01 4.369426908128956066e-01
1.224880134969723450e-01 9.365656871689634899e-01
1.214281953702170680e-01 6.030174795528654430e-01
9.128430973156193007e-02 5.180046183198186993e-01
7.411129556482488889e-02 5.050700594241543939e-01
