9.875556824490889785e-01 0.000000000000000000e+00
1.000000000000000000e+00 3.379679402681823874e-01
9.261923841142266633e-01 8.051782325390073325e-01
8.147585696207738648e-01 9.929834279107886408e-01
6.320768881048681731e-01 8.019428110227141415e-01
3.300208964113938159e-01 9.904966796613285940e-01
1.784041231647075232e-01 1.000000000000000000e+00
4.449989785617516347e-01 7.646189946432077056e-01
7.075233761681051226e-01 5.549795731393794007e-01
2.141217617682520113e-01 7.471665716217774644e-01
1.235173762292859911e-01 8.583032617536249242e-01
4.382068537275815578e-01 7.430663974247508907e-01
7.056830292518114778e-01 6.259348677629549274e-01
1.417381819946280375e-01 4.408750673883845561e-01
0.000000000000000000e+00 6.178478720851602324e-01
1.552129039471819849e-01 7.004266892281419965e-01
2.679248348030206506e-01 7.579529979651045135e-01
1.061532776212900792e-01 8.265399609225275446e-02
1.373667427441844016e-02 1.816705152056241612e-01
2.180462998091791671e-01 1.476241893917438763e-01
3.785249728466200669e-01 9.657729330852816985e-02
