9.001686718963004541e-01 1.000000000000000000e+00
5.134568904757577101e-01 7.478276242894722481e-01
2.989607675778804818e-01 4.548426304137311305e-01
1.483769302096196452e-01 3.179509514367476197e-01
1.488999783281399203e-01 2.744446427024011537e-01
8.104335071107215960e-01 3.142782398599420352e-02
3.752291910422130838e-01 0.000000000000000000e+00
2.225719095832202621e-01 1.657790469018461388e-01
1.608922705181989599e-01 2.956010428960338943e-01
9.431240780720815398e-01 1.617879844888983898e-01
4.630965084154819444e-01 7.855788300381426337e-02
1.882499750551170636e-01 1.386036853718610184e-01
0.000000000000000000e+00 2.083821324466491043e-01
1.000000000000000000e+00 3.524321983395360958e-01
5.754771781331566860e-01 2.423956863256843675e-01
2.819226181132262754e-01 1.849858042978182182e-01
8.902781052566018094e-02 1.478284846971375244e-01
9.789881465729544097e-01 5.836134950435396540e-01
6.329886384796904464e-01 4.993035819385681084e-01
4.131743300948413911e-01 5.575875971825335897e-01
2.704149239673612759e-01 6.404180188212128533e-01
