1.000000000000000000e+00 1.000000000000000000e+00
8.664683421233533300e-01 6.746770431160102888e-01
6.585465194430001334e-01 4.920988261955023813e-01
4.532778149883542884e-01 5.641745360384161634e-01
3.204666329917130185e-01 6.511089142750352554e-01
6.794991645957724202e-01 2.507891352581620784e-02
3.578850612680589682e-01 0.000000000000000000e+00
3.480352609565779964e-01 2.531852330337673318e-01
4.074871306211562128e-01 3.823104623242457034e-01
6.817153160958119296e-01 2.411517095522055509e-01
3.169199664371313840e-01 1.834422039273106153e-01
1.371028018204254739e-01 2.548750445813366960e-01
0.000000000000000000e+00 2.770059076058636882e-01
6.717773312508596995e-01 5.349204803644290740e-01
3.399512941162702306e-01 3.829850400327075022e-01
1.474909398633403590e-01 3.473463476696062036e-01
5.599305798166041674e-04 2.866756030441301450e-01
6.495146100756021834e-01 8.625926737605826844e-01
4.264220806819252196e-01 7.018818304851319745e-01
3.762885964953488482e-01 6.528537246707154518e-01
3.524708605747307599e-01 6.020454520582617652e-01
