1.000000000000000000e+00 1.000000000000000000e+00
7.158983851731978154e-01 9.832925243483343625e-01
4.672837270121423803e-01 8.106537014211382397e-01
2.988680981029849248e-01 7.184375918202162703e-01
2.476769851901318431e-01 5.837705284594161270e-01
5.300105499871827774e-01 2.642240410196517453e-01
3.005514776629737428e-01 2.300041209375040530e-01
3.090780038948416353e-01 4.208997441815627294e-01
3.800020013020125598e-01 5.879572531272002633e-01
6.031723669174980929e-01 1.939372323931559117e-01
3.275783849119555668e-01 6.839068458689295804e-02
1.350197762693631232e-01 8.643866609749682739e-02
0.000000000000000000e+00 1.032009643856137970e-01
7.092017207465276529e-01 1.851749735280584230e-01
4.378074406916014349e-01 0.000000000000000000e+00
1.972061544002170208e-01 2.423074293296176990e-02
2.960364190315890875e-02 4.643760660384854688e-02
8.075764442554584921e-01 2.713729128129125368e-01
6.042548893697508028e-01 1.534788658736479794e-01
4.956763246205165285e-01 3.220465228588834661e-01
4.517859987698290558e-01 5.074517514600377366e-01
