6.487155180836147172e-01 1.000000000000000000e+00
1.926696469358062658e-01 7.879718126995935989e-01
1.332354579853345378e-01 6.071797715549509533e-01
6.111356092872439333e-02 4.700853542753427039e-01
0.000000000000000000e+00 3.475493159917227848e-01
8.930311343946470970e-01 4.699076214585060640e-01
7.059439910081425351e-01 2.474326941462550722e-01
4.517369793660810928e-01 1.262532920391626345e-01
2.287000094178617271e-01 4.744666195643470336e-02
1.000000000000000000e+00 4.676301044219939307e-01
7.948895337630342839e-01 1.906974384203718453e-01
4.277082293627804122e-01 6.911709241219973765e-02
1.668242178113769625e-01 0.000000000000000000e+00
9.833255437934971255e-01 4.732562922354182633e-01
7.723663213744093037e-01 1.932753570710669666e-01
3.913878495500990873e-01 2.391340274811259714e-01
1.790383923093917251e-01 3.468431415637561743e-01
8.282428470460040382e-01 4.572426086824282754e-01
7.266294000998116953e-01 2.363894753054809894e-01
4.803131483031565785e-01 2.658037519786830005e-01
2.876258978874943750e-01 3.722092037778818585e-01
