9.026430557754414608e-01 1.000000000000000000e+00
6.006184334486521781e-01 9.894660209449543942e-01
2.545101057179713355e-01 8.745746122284741020e-01
9.598852444235562997e-02 6.900054255117287205e-01
2.992679042908391041e-01 5.081292091816058676e-01
1.897826076153004693e-01 3.340127141956750201e-01
0.000000000000000000e+00 1.865646594180304374e-01
1.474677312061475620e-01 4.339801515901326456e-01
3.188716269606030052e-01 6.153340789836271307e-01
4.262210528632453532e-01 2.312273956876240155e-01
2.282996310413692165e-01 6.682247134443036751e-02
3.879872976566831611e-01 3.454272662000154592e-01
5.607290855406127372e-01 5.417495034560223521e-01
7.012134386986984547e-01 1.718068384332190057e-01
5.462973151994343635e-01 0.000000000000000000e+00
5.013194335487544118e-01 2.829966941565617566e-02
4.524787389097652546e-01 1.923386816101850874e-02
1.000000000000000000e+00 1.724366364115722527e-01
8.917372293244372194e-01 9.774312061322584788e-02
8.811139611475273803e-01 3.292782639125281796e-01
8.705279651047630463e-01 5.233759460080533721e-01
