5.103141555762808618e-02 4.709682421380659290e-01
1.513716733679815185e-01 7.842144818651554106e-01
3.402730479437476308e-01 1.000000000000000000e+00
5.768160788987914955e-01 9.958466512270802706e-01
7.432282213717120722e-01 8.213563993417334341e-01
0.000000000000000000e+00 7.766420400262106227e-01
4.245659463559423585e-01 8.078311299409594026e-01
5.762890517671734880e-01 7.995669496145939581e-01
6.548584210180065091e-01 8.178681115851920147e-01
2.286872066159198469e-02 4.489286911199035779e-01
4.981763264927033807e-01 5.295873995634898801e-01
7.201768914928775578e-01 6.071131725015297409e-01
8.762688317266946747e-01 6.851733285313885702e-01
9.335104118696474496e-02 1.834003187957789494e-01
5.681918446481712959e-01 3.268825957846260843e-01
8.224549838046183448e-01 4.541480966458082413e-01
1.000000000000000000e+00 5.561210623635906014e-01
2.072406610502037505e-01 0.000000000000000000e+00
5.589953542280201582e-01 1.115203740848376979e-01
7.534432116777022292e-01 2.226249547733498702e-01
8.897079026496960141e-01 3.061708742040526454e-01
