6.609183379444656670e-02 1.000000000000000000e+00
4.434774266041561774e-01 8.048975233519004568e-01
6.801875400581257614e-01 5.704913235820688877e-01
7.060599669134266509e-01 3.568710516005175193e-01
6.159782701170979369e-01 1.892081924115559532e-01
9.602196392614860132e-01 6.703753226602218174e-01
1.000000000000000000e+00 3.184996260725776462e-01
7.812000029685632896e-01 1.819943908136510413e-01
6.193043516233039947e-01 1.367782325287705825e-01
7.093751851990879320e-01 7.406760615129401870e-01
7.975861493722941065e-01 3.311557721688359046e-01
6.298148939486161169e-01 1.260316005798762795e-01
4.713820285978045366e-01 3.434595336091907786e-02
3.722735333119582268e-01 7.778289915033496094e-01
4.751635049137788447e-01 3.886392066981685933e-01
4.310335536917901944e-01 1.510294600539357490e-01
4.203007993501858275e-01 0.000000000000000000e+00
0.000000000000000000e+00 7.702457543790943717e-01
2.078446004469838848e-02 5.083273334437056201e-01
7.715467946131763372e-03 4.194528797361771755e-01
2.025420581414621654e-02 3.797337020721574530e-01
