1.000000000000000000e+00 1.000000000000000000e+00
5.713475274445601881e-01 9.992808205171567204e-01
1.753152584536279146e-01 7.931667379718955191e-01
1.439282323130428864e-01 4.953356730026455823e-01
2.924243111327463618e-01 3.198894255800883157e-01
1.793683170112776726e-01 5.270967528471924846e-01
0.000000000000000000e+00 2.914863165189323646e-01
7.106896353866855309e-02 3.767719272769383121e-01
1.738349828141802778e-01 4.839891805995245599e-01
4.096365527670373097e-01 4.430570688450069516e-01
1.976681609784719240e-01 1.947336990962234560e-01
2.311527455665767783e-01 2.029928895436817760e-01
2.761905599227054697e-01 2.302170497465409194e-01
6.677181451530805889e-01 4.058168982822868975e-01
5.297637667022661034e-01 1.947308269736881536e-01
4.435230190034260556e-01 9.539306949939134472e-02
3.774142976395179483e-01 0.000000000000000000e+00
9.731653188862626758e-01 3.927450644297504345e-01
8.149486553970136660e-01 3.117653397766912970e-01
8.136419037853225289e-01 4.875510720829229760e-01
8.474908888317159716e-01 6.347078316118214270e-01
