2.784986940287698109e-01 1.000000000000000000e+00
6.287760318594828313e-01 9.136944815399139497e-01
8.834861575125781963e-01 6.837329215003038474e-01
1.000000000000000000e+00 4.814446136569781598e-01
8.494390828547756511e-01 3.607543701414037129e-01
6.353349447071251488e-01 4.912399006607949814e-01
7.613781547364786295e-01 3.152258472040148085e-01
8.076602933304258825e-01 4.368419585541759576e-01
8.064063783575188271e-01 5.515839534770324848e-01
4.680480799668385039e-01 4.444990335534996784e-01
6.078836524215113224e-01 2.559915201689125230e-01
7.137434312991713936e-01 3.354518658498089612e-01
7.457363467322453143e-01 4.229675905967020810e-01
2.518883780411432238e-01 4.107981021847273984e-01
4.069096298106609222e-01 1.935866302711255205e-01
6.356239315519032207e-01 7.950795469299463958e-02
8.030452822722020656e-01 0.000000000000000000e+00
0.000000000000000000e+00 3.991703204596316890e-01
8.516965511720031579e-02 2.234884611459892201e-01
2.354266620386634978e-01 2.206146529027560033e-01
3.733759193898760764e-01 2.778179909934274106e-01
