6.675126369639280410e-01 1.000000000000000000e+00
2.621110094688513525e-01 8.394642850148956725e-01
7.868369145027383216e-02 6.403379290224336939e-01
0.000000000000000000e+00 4.594620871200366108e-01
1.360307655588839926e-01 3.409668325992810112e-01
5.632744692927330599e-01 4.861344858227718002e-01
4.353774437148614229e-01 3.356292195914296062e-01
2.636063499478125127e-01 3.806585713176564023e-01
2.136400373776139727e-01 4.477736177510651117e-01
6.880978486639154346e-01 4.455049171945799635e-01
5.763987066071597498e-01 2.393603496234818773e-01
3.553655218838537855e-01 2.889748694299166254e-01
2.631054128533616976e-01 3.654012490524362056e-01
8.435267544250262262e-01 4.163016371859235565e-01
7.769587416963483761e-01 1.531508804135544299e-01
4.707312560958323289e-01 4.675625814467108954e-02
2.736038590243483615e-01 0.000000000000000000e+00
1.000000000000000000e+00 4.097068774679759606e-01
9.799577978191935657e-01 1.970191569345310645e-01
7.456139988719084899e-01 1.906890354305719737e-01
5.567143166366753659e-01 2.647247628181926826e-01
