0.000000000000000000e+00 7.439600952043348148e-01
2.005029651738549912e-01 9.130352289799293919e-01
4.494845123949092192e-01 9.673104775408922773e-01
6.237657363304451863e-01 1.000000000000000000e+00
6.903012046808618685e-01 8.966296990260124167e-01
6.054342756175626894e-01 3.637406525885788500e-01
7.859668350876225507e-01 3.595070981246096253e-01
9.092555701842061078e-01 4.891359024999578087e-01
1.000000000000000000e+00 6.421856484529295805e-01
5.391685565198210961e-01 1.719478064178525112e-01
7.612050484928277738e-01 1.915710403268006956e-01
8.840055236559065666e-01 3.949713880589456605e-01
9.667181350078926094e-01 5.937995644908087289e-01
4.259379760534351411e-01 4.939416957850137346e-02
6.609410434746644247e-01 0.000000000000000000e+00
7.811283514736259148e-01 2.411272598369372522e-01
8.507289433595500716e-01 4.665447916139160434e-01
2.799693947185210030e-01 1.917725899292719444e-02
4.709367008333735227e-01 3.680862915885957376e-02
5.024718589951265857e-01 3.096807953950810877e-01
4.835512695907118186e-01 5.735892371837072456e-01
