0.000000000000000000e+00 8.044672744484110405e-01
2.571233140632986358e-01 4.956806165149436061e-01
4.917334596767990451e-01 3.086377424314589724e-01
6.333708145378632581e-01 1.410005835105030692e-01
7.606547431371477597e-01 0.000000000000000000e+00
8.261586348368831212e-01 8.367431012213215613e-01
1.000000000000000000e+00 5.986751047352508737e-01
9.691380738829701302e-01 3.584898872078248200e-01
8.918289195844144590e-01 1.989551611849480484e-01
7.233002467330676977e-01 9.520847098089568750e-01
8.141451108097338407e-01 5.707792998398145690e-01
8.036295969202700284e-01 2.753778820212765543e-01
7.759638489494176117e-01 8.781678199080250602e-02
5.522854024338089696e-01 1.000000000000000000e+00
6.171041383450145412e-01 6.061530455841073195e-01
6.193176250822932660e-01 3.549068610970997906e-01
6.193952841752174976e-01 2.068288598719421889e-01
3.511842775317184917e-01 9.924274680242677338e-01
3.903521475204025371e-01 6.525091309029211750e-01
3.349393458848885508e-01 4.832939441902820987e-01
2.859261937434998679e-01 3.944671576986574224e-01
