1.826327623067191819e-01 9.565571449697876094e-01
2.306056270336263175e-02 7.685795373053248003e-01
0.000000000000000000e+00 5.145217996803005400e-01
1.383309670992179385e-01 4.935782925435425184e-01
3.131100418556431730e-01 4.893727069444330779e-01
5.937417250859485796e-01 4.306652824420219988e-02
5.684445647510297794e-01 0.000000000000000000e+00
3.152910283819194137e-01 1.321238459943565868e-01
1.678512568662221538e-01 2.369620678354298626e-01
8.578793754615077205e-01 2.472319842097323306e-01
7.728297397879043684e-01 3.860721932108091559e-01
4.399582364282202396e-01 5.816557040929997147e-01
3.512728866398923122e-01 6.129217420125308013e-01
9.815385861889267538e-01 5.381941219004502397e-01
7.222744573774023680e-01 7.369130948196358499e-01
4.253756051390553683e-01 8.273379413052088793e-01
3.975324873816192262e-01 7.643781132978458848e-01
1.000000000000000000e+00 8.350707730676651952e-01
7.020865213043934183e-01 9.955310451019924178e-01
4.484608429686018360e-01 1.000000000000000000e+00
4.215233391706579846e-01 8.831555863050937205e-01
