0.000000000000000000e+00 1.000000000000000000e+00
3.243037956767985674e-01 9.364877450283802807e-01
5.889260456464607829e-01 7.488222026434249168e-01
7.596616524701294004e-01 6.126285363034097431e-01
7.482986564595227597e-01 4.706286062781726565e-01
4.734517020249952579e-01 3.433299430116091289e-01
6.994763544372009090e-01 2.331145613069726119e-01
6.564545429050469005e-01 3.806864113832728047e-01
5.678725008629575965e-01 5.250244424309314928e-01
3.930400404469609477e-01 2.813649305982708904e-01
6.412355613496683038e-01 1.369512816616564321e-01
7.871757815172171213e-01 1.518423626599069431e-01
8.914205370020761299e-01 1.675681133008378176e-01
2.866673114277080159e-01 2.544439361070905403e-01
5.466637940727588907e-01 9.202676565462160341e-02
8.058902328399862869e-01 3.827640051871614851e-02
1.000000000000000000e+00 0.000000000000000000e+00
1.889377876361566233e-01 2.901932421821414310e-01
3.937754873908591025e-01 2.238405453681170110e-01
5.228645108059067903e-01 3.579854491482009071e-01
5.946505277211864282e-01 5.099819204501859771e-01
