1.000000000000000000e+00 7.039790864241333157e-01
8.048751162999208120e-01 8.693787418551220947e-01
5.650146321100958380e-01 1.000000000000000000e+00
3.933946054474662390e-01 9.753697369151387297e-01
3.934484010506310581e-01 7.442096407492579946e-01
7.725871716594179262e-02 7.336879876451439797e-01
0.000000000000000000e+00 7.681768860146991340e-01
2.187088173345307640e-01 8.115971524625366085e-01
4.232826194637195893e-01 8.396236949421491680e-01
1.454744816293894460e-01 4.925205887058418663e-01
2.168668323649634855e-02 4.024137244253283008e-01
2.132866320865785814e-01 4.441115811538381974e-01
4.083377305604590779e-01 5.157427551807790556e-01
2.830230777258276320e-01 2.909289976698602453e-01
1.122458488461137022e-01 1.020831950232306551e-01
2.566696994060436166e-01 1.900767172128872695e-01
4.275871496120396409e-01 3.140691031737135042e-01
4.850308589805586434e-01 1.314251073921262891e-01
3.677834888653390144e-01 0.000000000000000000e+00
4.754514200716392636e-01 1.061631707314418666e-01
6.090741129972234713e-01 2.361381715204896592e-01
