0.000000000000000000e+00 2.956574783480866997e-01
7.873054396253915954e-02 5.249146508750914819e-01
1.981550806719858671e-01 8.346036350171259777e-01
3.217838120725619588e-01 1.000000000000000000e+00
4.443655354303448490e-01 7.593089647247418528e-01
8.033001926249128122e-01 7.987522846686271327e-01
8.442353301695739720e-01 9.547263918850305009e-01
5.487996581303778987e-01 8.442095078427857002e-01
3.364532384356361816e-01 7.377836693276399460e-01
8.518882833690578638e-01 5.392590673324072492e-01
8.780376244069567626e-01 6.623500126362863449e-01
5.029194359797736213e-01 6.015300744890592632e-01
2.532540809554764683e-01 5.564650734830016710e-01
8.397111175833024133e-01 2.611806907343505735e-01
1.000000000000000000e+00 3.437534029353417342e-01
8.982275210864316684e-01 4.861287748514694362e-01
8.496484813534623814e-01 6.285653517873268648e-01
7.822882701804415584e-01 0.000000000000000000e+00
9.533187633603430466e-01 2.470209094198860811e-02
8.039816044662860817e-01 1.051310973269472676e-01
6.683085631939984506e-01 1.964997359258419674e-01
