1.000000000000000000e+00 9.630716687299138989e-01
8.250416402315604580e-01 8.360739391264564446e-01
5.873515485045079920e-01 7.498767164451850542e-01
4.065469602868047039e-01 8.800819625356532949e-01
3.171341847571305106e-01 1.000000000000000000e+00
5.360792967834995260e-01 0.000000000000000000e+00
2.840227324527005437e-01 3.396665621024208548e-01
3.145286079217755049e-01 6.718915804011638127e-01
3.790980736908023396e-01 7.672785819109132488e-01
5.475303999769868257e-01 1.099938349976200963e-01
2.572726177820305882e-01 4.141875539520172289e-01
2.264733877114136762e-01 7.084976426864896260e-01
2.308013164287744112e-01 8.474081096334676877e-01
5.539135495369391649e-01 3.555707179209593449e-01
2.697006739885193238e-01 5.662483766978083644e-01
1.189518136616628807e-01 7.235878796515008426e-01
0.000000000000000000e+00 7.536792925519580910e-01
5.549919754239653891e-01 6.853665141743927602e-01
3.476557079123868688e-01 7.261356848083984072e-01
3.342243031010552756e-01 7.868390228487720517e-01
3.364132405346513810e-01 7.863927281339504471e-01
