1.000000000000000000e+00 1.000000000000000000e+00
7.005583343519897754e-01 9.629068593323131253e-01
3.984323937541334182e-01 7.890086373435981626e-01
3.503516254530255614e-01 5.458301274360352062e-01
4.542390949832138536e-01 3.809119919723468750e-01
1.410279598606957452e-01 6.576343861000920610e-01
0.000000000000000000e+00 4.649427966861528483e-01
1.634267860734822941e-01 4.870911256202741235e-01
2.773638314461916443e-01 5.640572480515970710e-01
3.180936798867069482e-01 5.514484123829654916e-01
8.300104852473656758e-02 3.214444303534910730e-01
2.217593865272960152e-01 3.167260766731086474e-01
3.176537678027497869e-01 3.675198759470260645e-01
5.289279069643098019e-01 4.913667234700521691e-01
4.019216377561828923e-01 2.586335538300505443e-01
4.065279929555067340e-01 1.083091681699413361e-01
3.853150487729015694e-01 0.000000000000000000e+00
7.653089313031002927e-01 4.672795122180273819e-01
7.125823521505451064e-01 3.459200466159959020e-01
8.219333232666108380e-01 4.445715916767080111e-01
9.083161267971910924e-01 5.541859189965729904e-01
