1.244431755091104930e-02 0.000000000000000000e+00
0.000000000000000000e+00 3.379679402681823874e-01
7.380761588577332277e-02 8.051782325390073325e-01
1.852414303792260797e-01 9.929834279107886408e-01
3.679231118951318824e-01 8.019428110227141415e-01
6.699791035886061286e-01 9.904966796613285940e-01
8.215958768352924491e-01 1.000000000000000000e+00
5.550010214382483653e-01 7.646189946432077056e-01
2.924766238318948219e-01 5.549795731393794007e-01
7.858782382317479609e-01 7.471665716217774644e-01
8.764826237707140644e-01 8.583032617536249242e-01
5.617931462724184977e-01 7.430663974247508907e-01
2.943169707481885777e-01 6.259348677629549274e-01
8.582618180053719348e-01 4.408750673883845561e-01
1.000000000000000000e+00 6.178478720851602324e-01
8.447870960528179873e-01 7.004266892281419965e-01
7.320751651969793494e-01 7.579529979651045135e-01
8.938467223787098792e-01 8.265399609225275446e-02
9.862633257255815078e-01 1.816705152056241612e-01
7.819537001908208884e-01 1.476241893917438763e-01
6.214750271533799886e-01 9.657729330852816985e-02
