2.055103667706743020e-01 1.000000000000000000e+00
5.925854181550403998e-01 9.396052463639218422e-01
9.028554437767335461e-01 7.035725765396704245e-01
1.000000000000000000e+00 4.832135151832117059e-01
7.673812447155486938e-01 3.730559848223692909e-01
6.293445101576812251e-01 5.399989226315161650e-01
7.871286603007299210e-01 3.651140320127265193e-01
8.158141909099930755e-01 4.806889787630612698e-01
7.875559936709254361e-01 5.720037225831154926e-01
4.645150352138076588e-01 4.791830893913336942e-01
6.192631776685174616e-01 2.832011885347934244e-01
7.049927697537322624e-01 3.485730286785460597e-01
7.233007273455640540e-01 4.146868942329888785e-01
2.519366404127007519e-01 4.313442080686487601e-01
4.218772714672767710e-01 2.188113552049920085e-01
6.425797606566945319e-01 9.635411063797846842e-02
8.115815033126575484e-01 0.000000000000000000e+00
0.000000000000000000e+00 4.062069042496039284e-01
1.043341563864367966e-01 2.536466739321636132e-01
2.324367632664674499e-01 2.411594717270847676e-01
3.460587376491684464e-01 2.744274296074771247e-01
