8.857454093204671919e-01 1.000000000000000000e+00
5.803368001601540982e-01 7.755200888041590135e-01
4.465916665627816529e-01 5.487581053320265134e-01
3.462904244155733946e-01 3.933451935197034288e-01
3.044166293291642456e-01 2.399716021302243374e-01
9.629394428486889312e-01 1.911992210431031902e-01
6.787338296837910345e-01 0.000000000000000000e+00
4.350518117427239484e-01 3.232274217410147782e-02
2.776434401735882185e-01 8.498888347590950743e-02
1.000000000000000000e+00 2.459922578034926255e-01
5.528550539823288146e-01 7.586853245877796248e-02
2.227574949383546166e-01 5.831153026492088415e-02
0.000000000000000000e+00 5.726831185675079761e-02
9.701885403322023649e-01 3.503704334388117458e-01
5.125714331807812441e-01 3.162246197239722001e-01
4.763418951709593174e-01 5.042612808873245811e-01
5.359462985274480173e-01 6.281100500675698139e-01
8.836199215802452711e-01 4.838099493690820596e-01
5.098367513952981600e-01 4.583806684510293716e-01
4.779179533133336433e-01 5.947693121198600608e-01
5.248726430625209050e-01 6.859702616176158729e-01
