2.164652713051074540e-01 1.000000000000000000e+00
6.311909341361917614e-01 9.275724130593306915e-01
9.189140657111012356e-01 6.828099078466660643e-01
1.000000000000000000e+00 4.644754979161412889e-01
7.913938025988151992e-01 3.591369217667804703e-01
6.646267712629749802e-01 5.150980164109543180e-01
8.124173220494528280e-01 3.380599821289583806e-01
8.136514888194572581e-01 4.510506542378037165e-01
7.694301233099660742e-01 5.493140761884479639e-01
4.826228656439837117e-01 4.594591849502951963e-01
6.319426940381355218e-01 2.597512523507463089e-01
6.861536717933282015e-01 3.316819867043646619e-01
6.773143294710119999e-01 4.123955562663492724e-01
2.572097012720307441e-01 4.188063532859996885e-01
4.205163850909415801e-01 2.149011485636689311e-01
6.401336756422800756e-01 9.110759580875538166e-02
8.097116487459813383e-01 0.000000000000000000e+00
0.000000000000000000e+00 4.037262778489912884e-01
9.340515590278709868e-02 2.518946875652233741e-01
2.413436300767251297e-01 2.380335160704088737e-01
3.821626472840419786e-01 2.762544507976490427e-01
