0.000000000000000000e+00 7.039790864241333157e-01
1.951248837000792158e-01 8.693787418551220947e-01
4.349853678899042175e-01 1.000000000000000000e+00
6.066053945525337054e-01 9.753697369151387297e-01
6.065515989493689419e-01 7.442096407492579946e-01
9.227412828340582074e-01 7.336879876451439797e-01
1.000000000000000000e+00 7.681768860146991340e-01
7.812911826654692637e-01 8.115971524625366085e-01
5.767173805362804107e-01 8.396236949421491680e-01
8.545255183706105262e-01 4.925205887058418663e-01
9.783133167635036376e-01 4.024137244253283008e-01
7.867133679134213908e-01 4.441115811538381974e-01
5.916622694395409221e-01 5.157427551807790556e-01
7.169769222741724235e-01 2.909289976698602453e-01
8.877541511538863395e-01 1.020831950232306551e-01
7.433303005939563279e-01 1.900767172128872695e-01
5.724128503879604146e-01 3.140691031737135042e-01
5.149691410194413566e-01 1.314251073921262891e-01
6.322165111346609301e-01 0.000000000000000000e+00
5.245485799283606809e-01 1.061631707314418666e-01
3.909258870027764732e-01 2.361381715204896592e-01
