0.000000000000000000e+00 1.000000000000000000e+00
3.444209329841349532e-01 9.967957935166481542e-01
6.332432651714607896e-01 8.322129453408610988e-01
6.582538107215079037e-01 5.553106615952532188e-01
5.372272336282498673e-01 3.749550766154043924e-01
8.141514552474541366e-01 6.184860248176304864e-01
1.000000000000000000e+00 3.836080549077721114e-01
8.201627071667058066e-01 4.444011984371558088e-01
6.920618636380589939e-01 5.450328440168917821e-01
6.255697192557322373e-01 5.122616499997579842e-01
8.631547133129253702e-01 2.228110957749113719e-01
6.889337670242861034e-01 2.848472931332306501e-01
5.698769102634253514e-01 4.058018108021197445e-01
4.174357452041299599e-01 4.626997746993073979e-01
5.083885668933944002e-01 2.060081460320368762e-01
4.513339688220860957e-01 8.141383528816416304e-02
4.293967253231245063e-01 0.000000000000000000e+00
1.881116563223504401e-01 4.550995202807203710e-01
2.229886838653661052e-01 3.548298505352706633e-01
1.692584815253883324e-01 4.882078155490006122e-01
1.376635521565409415e-01 6.188063554222258400e-01
