0.000000000000000000e+00 9.815776292680333803e-01
4.289858373400465275e-01 1.000000000000000000e+00
7.970520425724400004e-01 8.235258117326277327e-01
1.000000000000000000e+00 5.695904556139018693e-01
9.257937890621744659e-01 4.076538126731834577e-01
7.447116478153884556e-01 6.266267467320116857e-01
9.351697911262528695e-01 4.250814732259693418e-01
8.842768436924576259e-01 4.696046686352842170e-01
7.922712485421365969e-01 5.380186242922679885e-01
5.732137270678101526e-01 5.487673727008525182e-01
7.985245913275993423e-01 3.420504517969205072e-01
7.650164429810172306e-01 3.637494675149920975e-01
7.398094616144068603e-01 3.885425331710982144e-01
3.661874042043458122e-01 5.026066600688183783e-01
6.026677884126234730e-01 2.775931919224943201e-01
7.559937127085566422e-01 1.313571059872654656e-01
8.967773567801282653e-01 0.000000000000000000e+00
1.203445973951503406e-01 4.711868235225906698e-01
2.903644141526399713e-01 3.482007039673253312e-01
2.530507241300167798e-01 4.391749119638208021e-01
2.035834145786441784e-01 5.363881531849649109e-01
