6.996657146245528480e-01 1.000000000000000000e+00
7.241602099104619272e-01 8.171750023682120556e-01
6.325813353625995283e-01 6.187470787714166587e-01
4.015517627603291673e-01 4.729680653980452565e-01
2.196631286278075412e-01 3.668355239439248794e-01
1.000000000000000000e+00 4.774160707389272784e-01
6.571820706421837022e-01 2.353550288158488824e-01
3.457292346108486458e-01 2.356519141225592306e-01
1.726391661560558455e-01 2.756538433912657515e-01
9.162450009553363417e-01 4.492995470729419516e-01
5.916344652422271810e-01 1.756767794814639294e-01
2.849360748193096593e-01 6.736485837051049697e-02
5.285769111668939951e-02 0.000000000000000000e+00
7.505950263211643714e-01 4.452626564017542199e-01
5.212537636958999299e-01 1.381119052187759488e-01
2.338576977052161388e-01 7.572247816647298402e-02
1.941144690635726935e-02 5.763024038479888644e-02
5.002981308349639944e-01 4.540032152165170420e-01
3.200092733513859034e-01 2.258982810424019216e-01
1.419514557349831063e-01 2.718255635737412690e-01
0.000000000000000000e+00 3.650200682114464468e-01
