1.000000000000000000e+00 1.000000000000000000e+00
6.655001961275024414e-01 9.915245172830843279e-01
2.922551822920826381e-01 9.058586521966044414e-01
4.849798281532598926e-02 7.805168569066995854e-01
1.785768420454767191e-01 6.077053664253602161e-01
1.717775186409872812e-01 4.300991695362904599e-01
0.000000000000000000e+00 3.359151623512020013e-01
1.806385769485400472e-01 5.524864384785125315e-01
3.860229424805070586e-01 7.324871792950922167e-01
3.906107286181086935e-01 3.159572307443874739e-01
1.585086500215651395e-01 1.237030507492652143e-01
2.765859260324204927e-01 3.275682820629993719e-01
4.426326168023584917e-01 4.941221614863610667e-01
6.556572578712800414e-01 2.523818501602744235e-01
4.830441118263996692e-01 0.000000000000000000e+00
4.356774563416629942e-01 7.453447169373143832e-02
4.345663629796471250e-01 1.438299551264923537e-01
9.655962187327501445e-01 2.433682349503944187e-01
8.804988915690022955e-01 5.794996075336884128e-02
8.408002002097942906e-01 2.189144207022441779e-01
8.296395691229639935e-01 3.997242331091738765e-01
