0.000000000000000000e+00 1.000000000000000000e+00
1.808460301840559836e-01 6.658043840774522382e-01
4.198724513790711432e-01 4.471216451209591436e-01
6.108140515156883499e-01 6.282045582645924275e-01
6.752044443234879179e-01 9.659760726316243273e-01
4.172297111797698133e-01 0.000000000000000000e+00
7.191651264608082128e-01 2.405851169289587033e-01
7.074488986672663460e-01 5.637183243378828257e-01
6.545022632392053508e-01 7.187322239395043111e-01
3.638271016071139008e-01 2.491974509230652779e-01
7.117894860479073715e-01 4.188499819744865293e-01
8.785698677324843553e-01 6.152923848614242353e-01
1.000000000000000000e+00 7.272274164328433876e-01
3.127589523321605558e-01 5.920337938627587837e-01
6.322241463853663923e-01 6.756747723609658474e-01
6.671227999645406026e-01 8.703276035672020683e-01
6.366761410613709371e-01 9.600962831748137694e-01
2.802956622296324252e-01 9.646927079902509750e-01
5.334712873956491963e-01 9.005604944993791383e-01
5.582379249213503813e-01 9.268417256078783639e-01
5.133307582332776731e-01 9.377663873983002052e-01
