1.000000000000000000e+00 4.951358659515049387e-01
8.430534047762676675e-01 7.179555831375503683e-01
6.414514743976438282e-01 9.378514118533622934e-01
4.861624498775771186e-01 1.000000000000000000e+00
4.325793974663780794e-01 7.719010151159182431e-01
1.594651715694971883e-01 6.905656279090385263e-01
5.857166175792200696e-02 7.841132142382197801e-01
2.780676342216387154e-01 7.642971762932754265e-01
4.590406302118448800e-01 7.203437652378208433e-01
1.996258472020155383e-01 4.422079879427279758e-01
0.000000000000000000e+00 4.084188128906423021e-01
6.712749724992016220e-02 4.646713063522319165e-01
1.685010468045846366e-01 5.350394521033733364e-01
3.112119513147155736e-01 2.295256881953987305e-01
1.108204818849579526e-01 1.532051509375415566e-01
2.460718924097796412e-01 2.392198235737399703e-01
4.064514389127426019e-01 3.388585486945343561e-01
4.844469678151946401e-01 4.460592224832660851e-02
3.226281537205918926e-01 0.000000000000000000e+00
3.768837159788510083e-01 9.688727337204663947e-02
4.677193854015116448e-01 2.095431978367835457e-01
