3.766789874041392427e-01 1.000000000000000000e+00
6.935530957186487877e-02 7.785891605703112450e-01
3.977341610955013873e-02 5.615090189208477023e-01
2.607310196469046493e-01 4.149714156938364429e-01
5.796704922055413434e-01 3.549430262726164242e-01
0.000000000000000000e+00 4.227593015040156943e-01
3.107701543955548318e-01 1.952669179619428708e-01
4.977532677757593449e-01 2.477315038243512735e-01
5.273967487607329474e-01 3.207278917205080848e-01
3.066108143810259978e-01 4.073979741887294170e-01
5.708086781183896452e-01 1.156493318281128918e-01
7.633424275958655691e-01 4.510431305183443262e-02
8.775421826036100548e-01 0.000000000000000000e+00
6.425421389589089927e-01 4.320302971676485138e-01
7.267851410160292014e-01 1.277747895419778512e-01
7.983828183420250690e-01 1.577074869125902057e-01
8.277780094718699688e-01 2.149325804396462480e-01
9.753397739980389503e-01 4.857140832364223448e-01
1.000000000000000000e+00 2.506176435363042243e-01
9.871543945849534651e-01 3.041689078435165783e-01
9.345222796500276541e-01 3.937865010640718144e-01
