0.000000000000000000e+00 1.000000000000000000e+00
3.228633878987480776e-01 9.780767461835810916e-01
6.510624144145266134e-01 8.104071055559332049e-01
7.513477901327008102e-01 5.497768054280135486e-01
6.334844532587644572e-01 3.878720374720354136e-01
8.300278768437470145e-01 6.580725781058465174e-01
1.000000000000000000e+00 4.607632937580766752e-01
8.340799387563887501e-01 4.896277766799863040e-01
7.163885295531385866e-01 5.579170830281628968e-01
6.536850897370769520e-01 5.663630680719163868e-01
8.788224718805721647e-01 3.380478964051146229e-01
7.468354671217733998e-01 3.446721628048258768e-01
6.721036630452887906e-01 3.852088972121350818e-01
4.536019279422419670e-01 5.163882517210339751e-01
5.962636692443710196e-01 2.855596166276166414e-01
6.256537878312223855e-01 1.296443727456004780e-01
6.812431581348857845e-01 0.000000000000000000e+00
2.223052456446864000e-01 4.959788306672128222e-01
3.026241801220824756e-01 3.710833616454612405e-01
2.114938663852172773e-01 4.742569008145451348e-01
1.307522043151077840e-01 5.827683388385785923e-01
