0.000000000000000000e+00 1.000000000000000000e+00
2.274330316591458567e-01 5.882280915151667511e-01
4.902197987730111950e-01 3.415071950872649031e-01
6.396670821778559501e-01 1.928101421246031788e-01
7.339641333434080428e-01 4.442068780502114733e-02
1.000000000000000000e+00 6.374036973909598114e-01
9.938640290049458592e-01 3.317244103225597818e-01
8.539951242541614640e-01 1.726093930889578687e-01
7.258246550767939453e-01 8.632489134136392406e-02
8.616989532866101698e-01 7.359881059023651861e-01
7.775430906382307938e-01 3.496954412052935002e-01
5.931235536655078411e-01 1.499597592099965460e-01
4.451193636971123024e-01 3.586680957496967553e-02
6.458943589542603947e-01 8.017534185539589853e-01
6.137237466997923496e-01 3.881448464366387130e-01
5.857990672091845097e-01 1.534069047498587413e-01
5.966660810660133762e-01 0.000000000000000000e+00
3.908192079638493910e-01 8.184519646561293493e-01
3.257860447969952444e-01 4.773597195006485938e-01
2.170390621877943405e-01 4.197460897558810689e-01
1.700609968828531438e-01 4.325119648857123078e-01
