0.000000000000000000e+00 8.316507063532641020e-01
2.349683372994740005e-01 1.000000000000000000e+00
4.775973984878768563e-01 9.645938065692926111e-01
6.291862973108592882e-01 9.769869323494594360e-01
6.835362848784231060e-01 8.449595349629895891e-01
4.886155600961581413e-01 5.904017024334295982e-02
7.207377743439078444e-01 3.579316539306590106e-01
6.905984526036512694e-01 6.499708430638274637e-01
6.047783443593404140e-01 8.727114108180064056e-01
4.059779881546132785e-01 0.000000000000000000e+00
7.048943420751613287e-01 2.421241726201169009e-01
7.403007906862066889e-01 5.930594515916555176e-01
7.139243599492074432e-01 8.748549292725505966e-01
3.103355753560975150e-01 8.181942966637648085e-02
6.303321526441653111e-01 1.830467846762566797e-01
8.473586591002975066e-01 4.217290569826946944e-01
1.000000000000000000e+00 6.213393766035163468e-01
2.229926113566042256e-01 3.286483249731691481e-01
4.375297015974712878e-01 3.248506455520702163e-01
5.166813795160942746e-01 5.289182454249404808e-01
5.515394828964301777e-01 7.544324530978668841e-01
