7.517492497622586534e-01 1.000000000000000000e+00
4.120271509187921066e-01 9.127114003572313061e-01
1.509721771415230285e-01 6.930761360523335357e-01
0.000000000000000000e+00 4.968788656413540283e-01
1.811037605844736387e-01 3.797618646981100188e-01
4.169254061533730904e-01 4.750541995745808932e-01
2.855099481239785630e-01 3.122516671892932583e-01
2.143964501084784091e-01 4.332984321516940018e-01
2.527464822818616397e-01 5.406113881853261693e-01
5.733136734031467618e-01 4.320137772126211861e-01
4.377217258599973571e-01 2.208957798715691090e-01
3.113073782394041311e-01 3.139418950366619776e-01
3.154664286405748919e-01 4.104850740048681113e-01
7.726697786585122740e-01 4.052503685382359833e-01
6.404745431664303768e-01 1.517931700830300046e-01
3.650486729191223523e-01 6.033781597023135657e-02
2.034069619784637517e-01 0.000000000000000000e+00
1.000000000000000000e+00 4.105020580584144430e-01
9.173980416944268468e-01 2.060591869104528295e-01
7.388371884449151938e-01 2.258506416040746700e-01
6.179001457767452354e-01 3.113283951673448402e-01
