0.000000000000000000e+00 1.000000000000000000e+00
6.276640512949702155e-02 5.975573982574705623e-01
2.533610934321264274e-01 3.230216042949757838e-01
4.806258492351358491e-01 3.078865189871405894e-01
6.041889550647925322e-01 4.412185808652343555e-01
2.773624863484497327e-01 1.451500112841652423e-01
6.146543350208129031e-01 0.000000000000000000e+00
6.230704101951699547e-01 1.842504385385348442e-01
5.461225644178878680e-01 3.137177305795429416e-01
3.150643037880064834e-01 3.880642593478070279e-01
6.885938984083882497e-01 1.909889242625900097e-01
8.535951867481764710e-01 1.756249770116351805e-01
9.654926183700363040e-01 1.277689911138901457e-01
3.624311852258871314e-01 6.571316605523291887e-01
6.869553530068988056e-01 4.023996901281944871e-01
8.693535409219481647e-01 2.702814139127173165e-01
1.000000000000000000e+00 1.222118235347273013e-01
4.135441347118269384e-01 9.195273274328727986e-01
6.203654356942354120e-01 6.966514409901730653e-01
6.698418163111363732e-01 6.052558326873886951e-01
6.990519112889111986e-01 5.109806053125940384e-01
