1.000000000000000000e+00 1.000000000000000000e+00
5.981800798475642722e-01 8.701221448791004454e-01
3.352563837881213371e-01 6.885585625952146405e-01
1.648529240897598502e-01 5.550940153819391432e-01
1.948032826292017405e-01 4.263826217824704945e-01
7.227043185093926514e-01 4.265401047953906732e-01
4.722724483652310790e-01 2.771534648898541509e-01
3.594062229631044825e-01 3.657712648192174010e-01
3.325545747187362844e-01 4.795431872453255751e-01
8.406710447432512723e-01 3.919295886201061840e-01
5.596028811188005214e-01 1.427861907824335974e-01
2.432652423674133979e-01 4.408651286484662618e-02
0.000000000000000000e+00 0.000000000000000000e+00
9.335280069829009486e-01 4.061692817193191529e-01
6.693102208787329310e-01 1.183468368976768881e-01
3.539850003344853224e-01 8.060165100182917208e-02
1.407794243843950022e-01 1.061043446861673206e-01
9.433868413800255981e-01 4.725210262884614321e-01
7.418957730979709453e-01 2.717919590096097848e-01
5.149710182084838994e-01 3.145535389529949266e-01
3.564989214849355048e-01 4.245055099286779710e-01
