0.000000000000000000e+00 8.942399595867206452e-01
2.720810468552131711e-01 5.710480567852499467e-01
5.270730265934994163e-01 3.916060164504243657e-01
6.775825626463025664e-01 2.547089028808812716e-01
7.944150581373038422e-01 1.288500967756441018e-01
9.192635174028166434e-01 8.115149621938746449e-01
1.000000000000000000e+00 4.977676542598026832e-01
9.316216278445067500e-01 2.851532863056962519e-01
8.478716758125791619e-01 1.699651550275975698e-01
7.794068843777581801e-01 9.211369392107355836e-01
7.597820330787827814e-01 4.537605685413618750e-01
7.146955754249971760e-01 1.716488024791403832e-01
6.741913350473924815e-01 0.000000000000000000e+00
5.677949268966575591e-01 9.836294645718861585e-01
5.278107371733373743e-01 5.316735728343160439e-01
4.243337042864269715e-01 3.606303954933070544e-01
3.474862427568210510e-01 2.983543356732341612e-01
3.352256034383514494e-01 1.000000000000000000e+00
3.302752983614106186e-01 6.372166693296312800e-01
2.638296174066541155e-01 5.074720077764947046e-01
2.172574542384588803e-01 4.651978423288917752e-01
