8.395199107781087244e-01 1.000000000000000000e+00
4.888085040865383646e-01 7.370018979344390431e-01
3.606677781298482932e-01 4.386207368059548140e-01
2.486142135588267632e-01 2.964109814828487233e-01
2.338584502697626244e-01 2.646925164714665768e-01
9.381455378516085908e-01 2.199609276777906020e-01
4.604111794572454119e-01 7.123729783896966261e-02
2.769815308255990094e-01 2.142322352120669959e-01
2.473585483295365761e-01 3.122827247438246800e-01
1.000000000000000000e+00 3.477873672031783769e-01
4.442432839771758291e-01 1.640064865623034607e-01
2.171236299763549260e-01 2.924290371458421189e-01
1.349159597372641128e-01 4.245151245339963686e-01
9.703580842871090129e-01 5.129073109858351964e-01
4.622627051708758650e-01 2.980467186843901439e-01
1.714409928436012587e-01 1.347899964000742190e-01
0.000000000000000000e+00 0.000000000000000000e+00
8.710830121533390535e-01 6.995073405535074951e-01
5.591246852352702579e-01 5.825735398935387721e-01
3.595353574251968221e-01 5.683546259927327871e-01
2.118719843047204843e-01 5.721309358027332204e-01
