4.300494050184911626e-02 1.000000000000000000e+00
2.558871159456242439e-01 6.758757488900833943e-01
3.839572975947764810e-01 3.561539450032987775e-01
5.211770610181796215e-01 2.004410282850475900e-01
6.234582205860688120e-01 1.560253623585865224e-01
7.103669935372909638e-02 1.435925724521282254e-01
5.290277289512645975e-01 0.000000000000000000e+00
6.571910402720475552e-01 1.709790694722391480e-01
6.453308948971747672e-01 2.863304738517279957e-01
0.000000000000000000e+00 3.599505023420689898e-01
5.362553539349600440e-01 1.615814098174142011e-01
7.767940464542784085e-01 2.076441246115487693e-01
8.743204188983522140e-01 2.374994319170175838e-01
4.117720261884993266e-02 6.021763846728860337e-01
5.039311886096420334e-01 3.490450720956072006e-01
8.261405185144238272e-01 2.044115365508508697e-01
1.000000000000000000e+00 1.118627871953312147e-01
1.506974241476524701e-01 8.247444410141808735e-01
4.383131656763242789e-01 5.866753589892667042e-01
6.448821296958662241e-01 5.552548851218674919e-01
7.621914773279626631e-01 5.809868894283283236e-01
