1.000000000000000000e+00 8.474883091385307932e-01
7.844795749812247809e-01 9.573657757759721498e-01
4.861451246227853629e-01 1.000000000000000000e+00
3.281152833527420931e-01 9.416742644117639394e-01
4.421479072717539038e-01 7.499002129642975412e-01
1.752941614311747665e-01 5.374764285111177653e-01
0.000000000000000000e+00 5.058432985329599507e-01
3.748114920730448441e-02 5.787780267241622312e-01
1.839067589932714408e-01 6.973150037910544885e-01
3.832869929609923343e-01 3.420339241806162334e-01
3.070749199924803774e-01 1.313321057537887027e-01
3.482999853360633780e-01 1.507059293115462217e-01
4.423527570586496815e-01 2.716925928168686388e-01
6.280315939444621742e-01 2.475432772962318784e-01
6.225671304520977722e-01 0.000000000000000000e+00
6.923636516319434664e-01 1.373449143153457896e-01
7.606667415237834406e-01 3.345569327682714755e-01
8.946330946281960683e-01 2.319025123305219482e-01
8.636053498875712053e-01 9.037805640440871313e-02
9.064653964495460459e-01 2.157301895015509563e-01
9.481380140449340299e-01 3.796834874630809487e-01
