1.000000000000000000e+00 2.956574783480866997e-01
9.212694560374607988e-01 5.249146508750914819e-01
8.018449193280141607e-01 8.346036350171259777e-01
6.782161879274380967e-01 1.000000000000000000e+00
5.556344645696551510e-01 7.593089647247418528e-01
1.966998073750871601e-01 7.987522846686271327e-01
1.557646698304260835e-01 9.547263918850305009e-01
4.512003418696221013e-01 8.442095078427857002e-01
6.635467615643638739e-01 7.377836693276399460e-01
1.481117166309421085e-01 5.392590673324072492e-01
1.219623755930432651e-01 6.623500126362863449e-01
4.970805640202264342e-01 6.015300744890592632e-01
7.467459190445235873e-01 5.564650734830016710e-01
1.602888824166975590e-01 2.611806907343505735e-01
0.000000000000000000e+00 3.437534029353417342e-01
1.017724789135683316e-01 4.861287748514694362e-01
1.503515186465376463e-01 6.285653517873268648e-01
2.177117298195583861e-01 0.000000000000000000e+00
4.668123663965693948e-02 2.470209094198860811e-02
1.960183955337138906e-01 1.051310973269472676e-01
3.316914368060016050e-01 1.964997359258419674e-01
