1.000000000000000000e+00 6.702354200274933671e-01
7.630164403653463268e-01 8.487860746171534965e-01
4.483755897105409227e-01 9.576221980905272879e-01
2.382415540813152821e-01 1.000000000000000000e+00
2.944213047746619960e-01 8.387216408994566663e-01
1.920382272754750652e-01 3.410995892729734025e-01
0.000000000000000000e+00 3.824950359150759427e-01
9.575063754523951975e-02 5.439750446192248567e-01
2.012895058535447146e-01 6.224915417014518226e-01
3.397416557001317616e-01 1.611065253916343920e-01
1.123663397996454427e-01 1.616790428783951017e-01
8.838156374809584548e-02 3.599215266575022110e-01
1.083688771243871696e-01 5.043565206838614978e-01
5.316179493569019865e-01 4.269243806140191055e-02
2.835225157481812142e-01 0.000000000000000000e+00
2.122791090040289097e-01 2.591793724224943918e-01
1.896543565203857307e-01 4.726504551893256911e-01
7.590419547576069403e-01 7.783256230475819534e-03
5.725953609847752590e-01 6.542365770934419067e-02
5.848257257812818910e-01 3.564231283464418532e-01
6.263403631306692088e-01 5.999107092416720022e-01
