2.673393105595205932e-01 1.000000000000000000e+00
6.259290910029001731e-01 8.976617839809699628e-01
8.917077584708081872e-01 6.828185695461170823e-01
1.000000000000000000e+00 5.153637508887354279e-01
8.238634663836307270e-01 4.352890832753145145e-01
5.157720554920371958e-01 4.582865015370301554e-01
6.421154247208120669e-01 2.912714143021030710e-01
7.139748120572957379e-01 4.077491268572563388e-01
6.845187847318421337e-01 5.286278442070136974e-01
3.770064094976589009e-01 4.416540249264792051e-01
5.338171131809847925e-01 2.476689898190089223e-01
6.776447144732032912e-01 3.251353470436780801e-01
7.345018537378908974e-01 4.174036581299475634e-01
1.952663889203228864e-01 4.490597073341037748e-01
3.925161538158037922e-01 2.209928113231117985e-01
6.598994719524319263e-01 9.994709567821329077e-02
8.250237055593926394e-01 0.000000000000000000e+00
0.000000000000000000e+00 4.674841402364954268e-01
2.636849473708399172e-01 3.603932080962987672e-01
4.162603011332276504e-01 4.721030731930461743e-01
4.677968592897827627e-01 5.915771595785885850e-01
