1.725263023562810805e-01 1.000000000000000000e+00
4.972633833961995764e-01 9.708949573329448413e-01
8.770597846439008860e-01 7.292573966743534086e-01
1.000000000000000000e+00 4.710352983042100927e-01
8.069539894434926142e-01 3.352479476785689139e-01
6.209973242621846801e-01 3.854198763866147348e-01
7.571748058050330465e-01 2.193795707618821089e-01
8.122851721447116313e-01 2.798378819380477611e-01
8.370898265477543232e-01 3.888953459307351590e-01
4.292450402615904936e-01 3.395920327631002933e-01
5.936550076464595094e-01 1.462561952448273028e-01
7.345969343032098253e-01 7.086608323271051391e-02
8.805805033064922904e-01 2.773210627431805728e-02
2.255607229303827066e-01 3.411345871803276308e-01
4.360582344314528069e-01 1.129035243653710718e-01
6.171922953813711032e-01 3.869746453163703387e-02
7.889872154544256277e-01 0.000000000000000000e+00
0.000000000000000000e+00 3.756812581401225981e-01
2.671921907786418138e-01 2.982621518974111763e-01
3.340178535938359561e-01 4.957980188060679416e-01
3.755166851813497297e-01 6.998655018470987255e-01
