1.000000000000000000e+00 5.283087235639180035e-01
8.743615449224464431e-01 8.457176805163501010e-01
6.477911262592807029e-01 1.000000000000000000e+00
4.384631694701149884e-01 8.590954049595564967e-01
3.597683269027406872e-01 4.904207263563739039e-01
4.120860025684200956e-01 8.355459057609716522e-01
2.295711074303069255e-01 8.628035574916788075e-01
3.263748576519281408e-01 8.127872749080907733e-01
4.285465639222282852e-01 7.509715371192339228e-01
3.843480959281437848e-01 5.570351307937896346e-01
1.571694475950117798e-01 5.357056686796197731e-01
1.914268816139251261e-01 5.281417078884277361e-01
2.400911714709558498e-01 5.302100438835132268e-01
4.035751766719206657e-01 2.885611888510968837e-01
1.868518952165513225e-01 2.147177218368372387e-01
8.296905395380775594e-02 2.424420350137672375e-01
0.000000000000000000e+00 2.820981445367525264e-01
4.673633348772862628e-01 2.372258291764826887e-02
3.003034277854657597e-01 0.000000000000000000e+00
3.357089978867501823e-01 5.335919668349634049e-02
4.116794982706390993e-01 1.292556851066805346e-01
