6.554739128792922420e-01 1.000000000000000000e+00
4.201067891505562146e-01 8.356644548112807103e-01
2.892143554192562194e-01 6.286919837628114349e-01
3.645789152543720268e-01 4.478493739459863954e-01
5.134365913332445963e-01 3.401900774406156902e-01
0.000000000000000000e+00 5.658093447089076466e-01
1.661073138543668615e-01 2.728945550380569851e-01
3.779025163920253227e-01 3.152122742909131969e-01
4.418056767387273376e-01 3.920515126302525633e-01
1.584012235138857749e-01 5.675724944690966334e-01
4.040594982321059070e-01 2.451967412390270717e-01
5.847203865318071347e-01 1.040210545824324512e-01
6.716244551726057166e-01 0.000000000000000000e+00
3.624888450752373759e-01 5.801794098988504178e-01
6.630377965619975722e-01 3.491900948201480115e-01
8.207834384397216798e-01 4.270847033628787925e-01
8.529819672815374121e-01 5.139204361974221147e-01
6.209003042884598811e-01 5.936874806425023188e-01
8.799906984324473713e-01 4.156718908225368603e-01
9.816041626502312045e-01 4.991267354202989504e-01
1.000000000000000000e+00 5.818470860709574755e-01
