1.000000000000000000e+00 1.000000000000000000e+00
5.577210647703521040e-01 9.903250118576806260e-01
1.848894450023872704e-01 8.093484785249335234e-01
0.000000000000000000e+00 5.594042573345012759e-01
1.076254421112474990e-01 4.005827774020333520e-01
2.680542267573115534e-01 6.062684490973024865e-01
8.310929235980137053e-02 4.047781032526964196e-01
1.216886500202546406e-01 4.698867867518907726e-01
1.967751514829998161e-01 5.549483472736227441e-01
4.362759176634939950e-01 5.361615046579927268e-01
2.105495299763672223e-01 3.200216900384791341e-01
2.140356054919460016e-01 3.479841343383544006e-01
2.181932449690123232e-01 3.830089303048145877e-01
6.478620627135859289e-01 4.984073688578488093e-01
4.199415064537418418e-01 2.661632901794024342e-01
2.631044914092049991e-01 1.245221831801085477e-01
1.214494155218675958e-01 0.000000000000000000e+00
8.995926509275977700e-01 4.735493537801346853e-01
7.324589993331109827e-01 3.391660366050873177e-01
7.578070834956855961e-01 4.279517131863104229e-01
7.998322716159141921e-01 5.269737130682081716e-01
