5.141551819231604536e-01 1.000000000000000000e+00
8.516934195966686660e-01 8.461633171017072241e-01
1.000000000000000000e+00 6.206968956370274570e-01
9.719304861254443040e-01 4.589502690638693760e-01
7.786648267273938995e-01 3.843424677340484541e-01
4.766972171336097408e-01 5.017617306872238503e-01
4.146063658516291328e-01 3.292946438628597261e-01
4.984244528179916367e-01 2.262354368338395927e-01
5.302569473524094690e-01 1.676566644199615763e-01
3.406026803355028387e-01 4.959144186721324288e-01
4.090184794672527824e-01 3.006261102846571331e-01
6.071758884435548564e-01 2.884556351173480637e-01
6.951453227342642149e-01 3.314506155533774590e-01
1.705312803770330510e-01 5.067049255417757081e-01
2.293986883437905133e-01 2.427992159437417641e-01
4.190337458267548443e-01 9.196971257426646285e-02
5.046418690375407134e-01 0.000000000000000000e+00
0.000000000000000000e+00 5.336747038367410934e-01
1.629996814766953295e-01 3.697038891513095282e-01
3.799120683583793179e-01 4.498152582831790314e-01
5.007446304393647907e-01 5.821057011791291869e-01
