6.138198006656211403e-01 1.000000000000000000e+00
6.071841975532762392e-01 9.602374996124353190e-01
6.373731004871172612e-01 7.782954825465363546e-01
7.988449229659203565e-01 5.272774114272006374e-01
9.149143730030034893e-01 3.329806495093839414e-01
0.000000000000000000e+00 4.890880155221679071e-01
2.942320476683462638e-01 2.398951698838611424e-01
5.474482555173776355e-01 3.528331383271241517e-01
5.782845795456150739e-01 4.729290177398535744e-01
6.693908059258017740e-02 3.662379793766655234e-01
2.537580409537837367e-01 1.001922932567016061e-01
5.710168378110590526e-01 1.935830310329128001e-01
6.627253325269127915e-01 3.047853218255192065e-01
2.420361532350330802e-01 3.046645648424202713e-01
4.226691856503143607e-01 6.478826323716835311e-02
7.309073875238991658e-01 1.599673058627515410e-02
8.546440075458364705e-01 0.000000000000000000e+00
4.487774369580656009e-01 2.902297197622066283e-01
6.118932829598351386e-01 1.038094952521291525e-01
8.555340957743269303e-01 5.974982090433925835e-02
1.000000000000000000e+00 5.104236530292868140e-02
