1.000000000000000000e+00 8.942399595867206452e-01
7.279189531447868289e-01 5.710480567852499467e-01
4.729269734065006392e-01 3.916060164504243657e-01
3.224174373536973781e-01 2.547089028808812716e-01
2.055849418626961855e-01 1.288500967756441018e-01
8.073648259718331499e-02 8.115149621938746449e-01
0.000000000000000000e+00 4.977676542598026832e-01
6.837837215549330550e-02 2.851532863056962519e-01
1.521283241874208658e-01 1.699651550275975698e-01
2.205931156222418477e-01 9.211369392107355836e-01
2.402179669212172464e-01 4.537605685413618750e-01
2.853044245750028796e-01 1.716488024791403832e-01
3.258086649526075185e-01 0.000000000000000000e+00
4.322050731033424409e-01 9.836294645718861585e-01
4.721892628266625702e-01 5.316735728343160439e-01
5.756662957135730840e-01 3.606303954933070544e-01
6.525137572431789490e-01 2.983543356732341612e-01
6.647743965616486062e-01 1.000000000000000000e+00
6.697247016385893259e-01 6.372166693296312800e-01
7.361703825933458845e-01 5.074720077764947046e-01
7.827425457615411197e-01 4.651978423288917752e-01
