1.604800892218912201e-01 1.000000000000000000e+00
5.111914959134615799e-01 7.370018979344390431e-01
6.393322218701517068e-01 4.386207368059548140e-01
7.513857864411732645e-01 2.964109814828487233e-01
7.661415497302374034e-01 2.646925164714665768e-01
6.185446214839140922e-02 2.199609276777906020e-01
5.395888205427545881e-01 7.123729783896966261e-02
7.230184691744010461e-01 2.142322352120669959e-01
7.526414516704634794e-01 3.122827247438246800e-01
0.000000000000000000e+00 3.477873672031783769e-01
5.557567160228241709e-01 1.640064865623034607e-01
7.828763700236450740e-01 2.924290371458421189e-01
8.650840402627358872e-01 4.245151245339963686e-01
2.964191571289098368e-02 5.129073109858351964e-01
5.377372948291241350e-01 2.980467186843901439e-01
8.285590071563987413e-01 1.347899964000742190e-01
1.000000000000000000e+00 0.000000000000000000e+00
1.289169878466609465e-01 6.995073405535074951e-01
4.408753147647297976e-01 5.825735398935387721e-01
6.404646425748031779e-01 5.683546259927327871e-01
7.881280156952795712e-01 5.721309358027332204e-01
