7.957761398193894387e-01 1.000000000000000000e+00
3.963466146458987094e-01 9.440304463365619680e-01
1.025722555987276796e-01 7.062809761153738819e-01
0.000000000000000000e+00 4.755396798152435878e-01
2.132229996857680498e-01 3.533305773036278796e-01
3.523694620356625506e-01 5.465393906324821360e-01
2.020485232406467324e-01 3.609079336923295966e-01
1.965208807312300576e-01 4.763661547975954202e-01
2.296004247549009447e-01 5.698117573830095983e-01
5.262570492013987078e-01 4.868064539180924633e-01
3.711613541790045878e-01 2.927905335054627467e-01
3.123999810190455917e-01 3.593969036740903844e-01
2.988693254699374413e-01 4.216665342080499479e-01
7.451392129704185185e-01 4.361735911356467432e-01
5.630685178826371207e-01 2.300549046531710218e-01
3.481376059411881996e-01 1.044206894571177990e-01
1.728298099625350248e-01 0.000000000000000000e+00
1.000000000000000000e+00 4.056639749740035827e-01
8.840775573753524297e-01 2.564483414734162192e-01
7.611975487666676754e-01 2.549416525358924046e-01
6.482201432015862741e-01 2.962261649624028936e-01
