1.804809840900511442e-01 1.000000000000000000e+00
5.591735668835102757e-01 9.509272559396895197e-01
8.714359264224293966e-01 7.478239903292221991e-01
1.000000000000000000e+00 5.413678617336908916e-01
8.317801157537872969e-01 4.236057449025596999e-01
6.128030531757928667e-01 5.199195376622439690e-01
7.423834162361692135e-01 3.298982737824857625e-01
7.706954695269601086e-01 4.101622243506131138e-01
7.165897372235426888e-01 5.195542343464590873e-01
4.545597507916777080e-01 4.796541091494039843e-01
6.118808344707837854e-01 2.619528529661125371e-01
7.386043309942286195e-01 1.952383887972587440e-01
8.263006453295992371e-01 1.399987112800146483e-01
2.493696445181117771e-01 4.693423574273842824e-01
4.445086031078709365e-01 2.247592389222118070e-01
6.390723686696766492e-01 1.025282315823838192e-01
7.832877472710331190e-01 0.000000000000000000e+00
0.000000000000000000e+00 4.736909408462587900e-01
2.279668155680432406e-01 3.341863052886020480e-01
3.145745095417838977e-01 4.588240519766464964e-01
3.338007072984701118e-01 5.945384166531304526e-01
