1.000000000000000000e+00 5.798627773029370047e-01
8.855622659170043764e-01 8.714509482467075463e-01
7.103543164616689110e-01 1.000000000000000000e+00
5.963099121401563840e-01 7.968976744686017133e-01
5.479658994860883148e-01 5.059635618145721381e-01
3.046722614287486475e-01 9.039223376754388362e-01
1.678674136010771811e-01 9.326984217984150005e-01
3.635635471797514229e-01 8.633211111990048980e-01
5.192863289776367131e-01 7.981167641506600186e-01
2.561349085278137316e-01 6.112311152038371054e-01
0.000000000000000000e+00 6.117677572140038933e-01
2.336892822754817189e-01 5.574602472852997481e-01
4.333038804870844585e-01 5.289156882206389465e-01
2.848172921880054997e-01 3.394865711331800928e-01
9.380070865849745101e-03 2.523646563768478512e-01
1.370649364930994762e-01 2.298456747673793266e-01
2.754635626520859915e-01 2.469322240710539462e-01
3.761552143685561456e-01 8.924794872932709233e-02
2.146726322532961917e-01 0.000000000000000000e+00
3.371153174833544375e-01 5.093220532854921684e-02
4.865675840524985030e-01 1.455431288461755679e-01
