1.000000000000000000e+00 1.000000000000000000e+00
6.535118280824956383e-01 8.249716013418629812e-01
3.690890886049653652e-01 6.420139387604265613e-01
2.683449595661105413e-01 4.628114057149441685e-01
2.507561867073558881e-01 3.163506772468077655e-01
6.236713596527848624e-02 8.245898637488887628e-01
0.000000000000000000e+00 5.340843323812388688e-01
1.339365626686014887e-01 3.845431124768162179e-01
2.367357792105230785e-01 3.015473164250103144e-01
3.021937340300155372e-01 9.054443032765172594e-01
3.505171373600265428e-01 4.791243926695907263e-01
4.089415632926679534e-01 1.962038563353231402e-01
4.552069277755653176e-01 0.000000000000000000e+00
5.955375297193205020e-01 9.379711664228850276e-01
6.617245617230289589e-01 5.380100855273508564e-01
7.457382829975258698e-01 4.415021887967369163e-01
7.950118287013258067e-01 4.369426908128956066e-01
8.775119865030276411e-01 9.365656871689634899e-01
8.785718046297829043e-01 6.030174795528654430e-01
9.087156902684380144e-01 5.180046183198186993e-01
9.258887044351751250e-01 5.050700594241543939e-01
