0.000000000000000000e+00 1.986332399930460235e-01
8.752011634430184248e-03 6.351462020957805432e-01
3.306974756188591491e-01 9.465705067660817873e-01
7.046943838136465743e-01 1.000000000000000000e+00
8.526749929295975861e-01 8.373443520017868069e-01
8.632983273752323217e-02 7.732345835070840723e-01
6.159532838432314472e-01 8.572834135061850880e-01
5.787288212157433165e-01 8.117708161315143611e-01
4.372320561832909180e-01 7.817607455184187870e-01
1.471757673845751346e-01 4.531391760313864259e-01
6.591012212217078892e-01 5.789248165172311555e-01
7.537901053461765200e-01 6.234711419314905578e-01
7.385704141282241064e-01 6.177695433454156726e-01
2.410100632157255174e-01 1.818371364451250582e-01
7.539810719970587716e-01 3.601216393833442386e-01
9.373709581075054809e-01 4.906560709402024156e-01
1.000000000000000000e+00 5.642137219330666253e-01
3.509639994030412380e-01 0.000000000000000000e+00
7.051660363555893873e-01 1.794172984065620924e-01
8.105064488210002027e-01 3.068109500789847899e-01
8.377853582460439430e-01 3.851421429615206060e-01
