0.000000000000000000e+00 7.094810451571293974e-01
2.656838146008619894e-01 3.951382026895339239e-01
5.178882850376010927e-01 2.072427971900120680e-01
6.799211261039526111e-01 7.654613603931498256e-02
8.165024723896355807e-01 0.000000000000000000e+00
8.099334773922152175e-01 7.929572019514057324e-01
1.000000000000000000e+00 6.091286981848815785e-01
9.960528703361094527e-01 3.747895526711122471e-01
9.366848422166748067e-01 2.175394701588402313e-01
7.321252175214891800e-01 9.302384307946153230e-01
8.643537651530692756e-01 5.922552857727630959e-01
8.653951796337822078e-01 3.135135530983831909e-01
8.438219988430438745e-01 1.388968784729964490e-01
5.901196326735398401e-01 1.000000000000000000e+00
6.900288575745329167e-01 5.907797870564697185e-01
7.246969149258235543e-01 2.974911471339643509e-01
7.497947374131276321e-01 1.061674735234722500e-01
4.123533491794945105e-01 9.903682231667186864e-01
4.624624119550236889e-01 6.135877699514926675e-01
3.902649391603114082e-01 4.298324981938209111e-01
3.243222307554184392e-01 3.363846670355202795e-01
