5.551803710216274279e-01 4.448450210247194558e-01
5.616888896902967332e-01 7.176122609492850968e-01
4.893231840458163728e-01 9.702007537517356450e-01
2.315099283485321513e-01 1.000000000000000000e+00
0.000000000000000000e+00 8.824966866700022505e-01
1.000000000000000000e+00 8.436623867226009654e-01
6.881199821700328956e-01 9.452261896655682616e-01
4.957598816266223229e-01 9.213225984401938184e-01
4.009551287820870002e-01 8.994590612544173247e-01
9.925310652946903733e-01 5.167790682412755077e-01
5.264632438773668710e-01 5.912335159982275989e-01
2.237694488067690224e-01 6.167972261778233989e-01
1.100995883429178868e-01 6.478685148288170215e-01
8.958143434047383113e-01 2.295673871617467665e-01
4.267453173796794119e-01 3.018959254182493335e-01
1.335059280667489912e-01 3.645965632157705527e-01
1.364264485587570602e-02 4.320816692670015891e-01
7.602732807674281723e-01 0.000000000000000000e+00
4.501599088880735566e-01 6.364233404484813394e-02
2.334176186908421546e-01 1.633128760493856302e-01
1.242290884880117574e-01 2.559960664383108542e-01
