0.000000000000000000e+00 1.000000000000000000e+00
2.841016148268022401e-01 9.832925243483343625e-01
5.327162729878576197e-01 8.106537014211382397e-01
7.011319018970150196e-01 7.184375918202162703e-01
7.523230148098681846e-01 5.837705284594161270e-01
4.699894500128172226e-01 2.642240410196517453e-01
6.994485223370262572e-01 2.300041209375040530e-01
6.909219961051583647e-01 4.208997441815627294e-01
6.199979986979874402e-01 5.879572531272002633e-01
3.968276330825019071e-01 1.939372323931559117e-01
6.724216150880444332e-01 6.839068458689295804e-02
8.649802237306368768e-01 8.643866609749682739e-02
1.000000000000000000e+00 1.032009643856137970e-01
2.907982792534723471e-01 1.851749735280584230e-01
5.621925593083985095e-01 0.000000000000000000e+00
8.027938455997829514e-01 2.423074293296176990e-02
9.703963580968411051e-01 4.643760660384854688e-02
1.924235557445415079e-01 2.713729128129125368e-01
3.957451106302491972e-01 1.534788658736479794e-01
5.043236753794835270e-01 3.220465228588834661e-01
5.482140012301709442e-01 5.074517514600377366e-01
