9.997165687001934309e-01 1.000000000000000000e+00
5.444529026661808491e-01 9.932505716803388118e-01
1.530803031087960842e-01 7.912471383081947085e-01
0.000000000000000000e+00 5.328156640882847350e-01
1.373498659695341351e-01 3.869601420876865316e-01
2.941597310913432461e-01 5.793150890708330669e-01
1.318413658134756639e-01 3.605283279522779605e-01
1.729545315398668404e-01 4.354385220143227042e-01
2.494413791715671402e-01 5.270344685220011982e-01
4.932704332774034417e-01 5.209411823983182144e-01
3.071057340035784344e-01 2.914993488399725829e-01
2.831185406456325215e-01 2.633425763526728858e-01
2.512121825794217944e-01 2.358360238610151816e-01
7.250939026734593007e-01 5.007064338972458950e-01
5.321399105949787822e-01 2.635262585662747625e-01
3.941444035376678867e-01 1.271409929255086779e-01
2.586691658856607456e-01 0.000000000000000000e+00
1.000000000000000000e+00 4.995257539572048877e-01
8.453192947783990663e-01 3.646710480922148445e-01
8.537239747343687846e-01 4.843190475447403665e-01
8.681423647161427004e-01 6.078405420298558237e-01
