8.495622542585870018e-01 1.000000000000000000e+00
1.000000000000000000e+00 6.849295018783236877e-01
9.512824779626252170e-01 4.138021282247266730e-01
7.615776769959903270e-01 2.703063320919592560e-01
5.723709579167053363e-01 2.324087535845354158e-01
9.351202966362107682e-01 2.940345741653250244e-01
6.805830001370859472e-01 1.504816422999571794e-02
5.134316751284450087e-01 0.000000000000000000e+00
4.135538657498283310e-01 4.271476042564494729e-02
7.227890700868755403e-01 3.613365641584405097e-01
3.600704469988253997e-01 1.000197318848828759e-01
1.392822996025379900e-01 4.091764106400394563e-02
0.000000000000000000e+00 3.364297214226472099e-02
5.279655789464591242e-01 4.717143430203877830e-01
2.846881791852207688e-01 3.095876361310327396e-01
3.182786890324165729e-01 4.128549977503482848e-01
3.868302192598702116e-01 5.146704395765233642e-01
3.527369154682262198e-01 6.061648046055519989e-01
2.321372241777744094e-01 4.992218915505249877e-01
3.197647322247026413e-01 5.638429472063662962e-01
3.996974510301647410e-01 6.367143159161503529e-01
