0.000000000000000000e+00 8.052355597934970355e-01
1.540460898684455626e-01 3.867104294074339421e-01
3.591069903262704144e-01 2.584904972340789087e-01
5.243813157809179559e-01 4.506407770254287071e-01
6.067829898415494361e-01 7.535482781231347404e-01
4.568978155045679279e-01 0.000000000000000000e+00
6.893611141488270588e-01 2.519786838290644648e-01
6.837770697436594824e-01 4.929420786696357970e-01
6.438233546827294429e-01 6.102290074473205594e-01
4.702303015614516801e-01 2.923943304548739519e-01
7.284216421990962198e-01 4.568353774366940012e-01
7.806000786193728613e-01 6.206457941420520097e-01
8.165075560310812719e-01 7.036330512622975819e-01
4.569149580745938133e-01 6.368502268005125089e-01
7.244191476595958079e-01 6.802465910786963388e-01
8.739260032097984077e-01 7.522853908369095954e-01
1.000000000000000000e+00 7.754498019248864393e-01
4.296601928834689610e-01 1.000000000000000000e+00
6.287177948743715161e-01 9.530253647034390152e-01
6.442794061577293840e-01 9.130893332792896500e-01
6.469611839013533761e-01 8.752105772368227177e-01
