9.467580677624591878e-01 1.000000000000000000e+00
1.000000000000000000e+00 7.011073608400313351e-01
8.882805058248107732e-01 4.173514345436920014e-01
6.435319082321168116e-01 2.702866250845938345e-01
4.275349104101140441e-01 2.406966868525749481e-01
9.906074664995880852e-01 2.516565973503424591e-01
5.896065223189715931e-01 0.000000000000000000e+00
4.588666887151234275e-01 9.213560354085052750e-02
4.475790667175514326e-01 1.840992419588281248e-01
8.694521661517885525e-01 3.604599351992868739e-01
3.964680408588570626e-01 1.241453451582303635e-01
1.481083569530002308e-01 1.025718181901988657e-01
0.000000000000000000e+00 1.030084086808466803e-01
7.245343505926447047e-01 4.892423110316039825e-01
3.214975908212480693e-01 3.644109964072880792e-01
3.482281022551425576e-01 4.662765166082851742e-01
4.454847057467381521e-01 5.409318358618312450e-01
5.598349238464606081e-01 6.222906038020483699e-01
2.841132747649230406e-01 5.164369110194542145e-01
3.413382928421727636e-01 5.969962479692160207e-01
4.290823629860834876e-01 6.501959929644399727e-01
