3.368695869558210876e-01 1.000000000000000000e+00
3.769305780214400881e-01 7.979345395974138944e-01
4.277044206763370715e-01 5.912728685612621549e-01
3.202272661943822429e-01 4.167347507401159001e-01
2.019671404318850449e-01 3.143921899755032778e-01
1.000000000000000000e+00 5.423387956219992700e-01
8.184257127601287651e-01 2.773455323553034590e-01
6.001759960698130891e-01 3.116982484794139086e-01
5.188293147346296763e-01 3.878139745884450207e-01
9.421373178739013143e-01 5.361341292961100402e-01
6.581825106682102078e-01 2.282084665035756521e-01
4.620264852091003904e-01 9.301413424612980929e-02
3.508904765264534431e-01 0.000000000000000000e+00
7.932845369966299298e-01 5.474889513589135115e-01
4.376882016868794412e-01 2.934944455500457794e-01
2.381883162302260160e-01 3.987047698898658066e-01
1.702612807775359116e-01 5.077638398500198269e-01
5.341441521484063815e-01 5.577330262777332459e-01
1.797457311915905132e-01 3.833848196035818945e-01
4.027722974085330004e-02 4.807745036691720708e-01
0.000000000000000000e+00 5.741316959373674589e-01
