1.000000000000000000e+00 6.354021214601440759e-01
8.536740682448609174e-01 8.830285181113196602e-01
5.870902068565903020e-01 1.000000000000000000e+00
3.664957706665726844e-01 9.563834350158987307e-01
3.685222487799434954e-01 6.752518567633311042e-01
4.319585308033678239e-01 6.498285585618347460e-01
2.584906731501437904e-01 6.499956909241896286e-01
3.932964918359476703e-01 6.808028430933484865e-01
5.231711876782613180e-01 6.690861421616416393e-01
4.498419260938420483e-01 4.373721910679085334e-01
2.403966431562318262e-01 3.873879079860376162e-01
3.282054745447177679e-01 4.768649954094643095e-01
4.117321180728882313e-01 5.300387418295687825e-01
4.985958338961351544e-01 2.283095321240356246e-01
2.638465890293772986e-01 1.477639383657692873e-01
1.189710220677045738e-01 2.618969099692087799e-01
0.000000000000000000e+00 3.545358129034154038e-01
5.821618246133306585e-01 3.759407111021221409e-02
4.142851829448532253e-01 0.000000000000000000e+00
4.152692541847986529e-01 1.703280526813162055e-01
4.611496426453056685e-01 3.530572768334619416e-01
