1.000000000000000000e+00 9.789708901803870766e-01
6.731790341862824434e-01 1.000000000000000000e+00
4.253951483320343452e-01 8.489762861661275251e-01
4.632858156498181890e-01 5.915214222599646243e-01
6.012087438787372395e-01 4.137524412166817545e-01
7.576842070523930051e-02 6.223625768239955391e-01
0.000000000000000000e+00 3.802840608085329421e-01
2.618600699121924613e-01 4.031247327807608305e-01
4.329299483849336494e-01 4.911563332065423948e-01
2.416492906545473496e-01 4.643060211927585446e-01
8.676630640786830995e-02 2.194084957780588763e-01
3.767605692747464929e-01 2.444154250493649205e-01
5.700426470591751782e-01 3.309574778631896308e-01
4.392893416310915677e-01 3.700331622147327026e-01
3.172225675237131948e-01 1.417425446446561599e-01
5.307964953506263406e-01 3.789795394835776543e-02
7.112892383196489643e-01 0.000000000000000000e+00
6.536737381595401075e-01 3.294335296135432190e-01
6.254472345176922410e-01 1.837973242201129676e-01
7.531198501218812069e-01 1.585913626878888982e-01
8.830803837159164615e-01 1.681236565322387910e-01
