7.059774897535423532e-01 1.000000000000000000e+00
5.495404470948230813e-01 7.945848993447589548e-01
4.723083426536456852e-01 5.724146864487217323e-01
2.929110181218420039e-01 4.186032604625357090e-01
1.395243986176626094e-01 3.484225762422756834e-01
1.000000000000000000e+00 3.986103447696109914e-01
6.816502679788442043e-01 1.651757397254620952e-01
4.860165885667460661e-01 2.104736550897727543e-01
4.299689919359727663e-01 2.836609666143431463e-01
9.173205011438056999e-01 4.096053498363808054e-01
4.564023041154049443e-01 1.516163033825846662e-01
1.681597412655400914e-01 6.044797734244485715e-02
0.000000000000000000e+00 0.000000000000000000e+00
7.669525209693783818e-01 4.574291989612739862e-01
3.465070224006511213e-01 2.528899884297293177e-01
2.000987182054334568e-01 2.591759735763752293e-01
1.632177096646488523e-01 2.792438782263401698e-01
5.312473255971503772e-01 5.279432735765280382e-01
1.216261028545759376e-01 4.191762334107231869e-01
7.501477064968610498e-02 5.262830085149243775e-01
9.954788097828728977e-02 6.292587995958811575e-01
