1.000000000000000000e+00 2.455094216782635341e-01
9.533589422064679963e-01 6.727702794747000281e-01
7.310373283213823514e-01 9.554060317847848927e-01
4.533983980726337126e-01 1.000000000000000000e+00
3.041887921916168747e-01 9.286691116501161192e-01
8.175562668491428431e-01 8.300645833001615292e-01
4.408354966859952540e-01 9.115020371913473696e-01
4.226581503435540288e-01 9.296149504899697824e-01
5.063493224630981615e-01 9.285523468833537519e-01
7.823512662645047966e-01 5.145462804229715692e-01
3.884605703417454148e-01 6.611373684406065543e-01
3.001977017293957495e-01 7.219140929765992531e-01
3.233835430830218627e-01 7.265010906890713160e-01
7.355750409294611325e-01 2.280037736249621860e-01
3.585991036318404990e-01 3.358451026910740378e-01
1.323088632083359861e-01 4.705766056482302284e-01
0.000000000000000000e+00 5.808452265324933750e-01
6.831164028691614210e-01 0.000000000000000000e+00
4.538686044776936157e-01 9.639196870704250242e-02
3.538261918215573343e-01 2.105023273341011525e-01
2.927606069560211854e-01 3.174531039082582606e-01
