1.000000000000000000e+00 2.198041737357810110e-01
8.056036020109462736e-01 0.000000000000000000e+00
5.729219081633039057e-01 4.455257134269977048e-02
4.572182094021400856e-01 3.542445721180336737e-01
3.842189148223190687e-01 5.633846374987204753e-01
1.306303347186075214e-01 2.109283970406636566e-01
0.000000000000000000e+00 2.001499487103539643e-01
2.247733179890400168e-01 2.051436110088706022e-01
4.688949598054952816e-01 1.919305379205805406e-01
2.108576925709384209e-01 4.964677114799512792e-01
7.969339157836302645e-02 5.903656047931317152e-01
2.371566923601034216e-01 6.482107427307000069e-01
4.104596168443745419e-01 6.379688755697942026e-01
3.658642325829831732e-01 7.388703646029571859e-01
4.001833886101640592e-01 8.431704732803811941e-01
6.420781932988866014e-01 6.714669492134498485e-01
8.001249876611657985e-01 4.696136071104219378e-01
5.606308815826175351e-01 9.141317675653425345e-01
6.329493476669026952e-01 1.000000000000000000e+00
7.835498490620937950e-01 8.344539558364567622e-01
8.537606531000826449e-01 6.436600117171250579e-01
