1.000000000000000000e+00 1.000000000000000000e+00
7.725669683408541433e-01 5.882280915151667511e-01
5.097802012269888605e-01 3.415071950872649031e-01
3.603329178221440499e-01 1.928101421246031788e-01
2.660358666565919572e-01 4.442068780502114733e-02
0.000000000000000000e+00 6.374036973909598114e-01
6.135970995054170277e-03 3.317244103225597818e-01
1.460048757458385915e-01 1.726093930889578687e-01
2.741753449232059991e-01 8.632489134136392406e-02
1.383010467133897747e-01 7.359881059023651861e-01
2.224569093617691784e-01 3.496954412052935002e-01
4.068764463344921589e-01 1.499597592099965460e-01
5.548806363028877531e-01 3.586680957496967553e-02
3.541056410457395498e-01 8.017534185539589853e-01
3.862762533002076504e-01 3.881448464366387130e-01
4.142009327908155458e-01 1.534069047498587413e-01
4.033339189339866238e-01 0.000000000000000000e+00
6.091807920361506090e-01 8.184519646561293493e-01
6.742139552030047556e-01 4.773597195006485938e-01
7.829609378122056595e-01 4.197460897558810689e-01
8.299390031171468562e-01 4.325119648857123078e-01
