4.592922545648719934e-01 4.769647819777816378e-01
4.577944617193756005e-01 7.885630504371079486e-01
5.499599253332850823e-01 1.000000000000000000e+00
7.771921678670489220e-01 9.985744903440417763e-01
9.899839457506397489e-01 9.660144052400062575e-01
0.000000000000000000e+00 8.873989553087224813e-01
1.798647179568990950e-01 9.439950725650670948e-01
3.883177731233961594e-01 9.366022139902412391e-01
5.899165102402006422e-01 9.889681533806303770e-01
2.994296892497834428e-02 5.220530296416718841e-01
3.230958611803791958e-01 5.402289175709633628e-01
6.572743444456790041e-01 6.014700977098290657e-01
9.083758317539746274e-01 7.116475200596479311e-01
1.508974043249987629e-01 2.242858731225315649e-01
4.781038360564716649e-01 2.817404810334419030e-01
7.874283628323053286e-01 3.853346250977852105e-01
1.000000000000000000e+00 5.442469609459265056e-01
3.263175090938666978e-01 1.719483699909885380e-02
5.487738823940023769e-01 0.000000000000000000e+00
7.756574526862914931e-01 1.080907696756873149e-01
9.378785192471605914e-01 2.646064976282738179e-01
