1.000000000000000000e+00 9.008829083668487003e-01
7.529131714256671604e-01 1.000000000000000000e+00
4.965202032869838189e-01 9.193075166523123620e-01
3.253701455386174834e-01 8.606904289698875665e-01
2.798313688579967540e-01 7.174667941434429430e-01
4.589074723134161649e-01 2.740748583664535665e-01
2.658964913688989240e-01 3.318727233938321142e-01
3.428292765456584790e-01 5.103921491162224378e-01
4.493816638306029621e-01 6.529277254087026972e-01
5.231076466386676005e-01 1.360013906557415997e-01
2.820764943569419869e-01 1.366764908066593343e-01
1.621643255402411277e-01 2.672208219091490866e-01
7.592983510959681881e-02 3.783759353345080290e-01
6.256380006308090991e-01 4.873805892903704945e-02
3.764638625300083530e-01 0.000000000000000000e+00
1.610894032032094414e-01 1.332131258938518692e-01
0.000000000000000000e+00 2.490256718210479003e-01
7.430180644712357507e-01 6.886811684668810163e-02
5.624504408955306456e-01 7.769151146895914017e-02
4.924845259619781701e-01 3.587054259278281143e-01
4.741219326225853958e-01 6.311001193119414321e-01
