2.750939404907049579e-01 1.000000000000000000e+00
6.695733734558966255e-01 8.999847138632903754e-01
9.348702838968265816e-01 6.776651538216047488e-01
1.000000000000000000e+00 4.596671929145755842e-01
7.892837164814490158e-01 3.731222410817924828e-01
6.213544270516501156e-01 5.092917117366463353e-01
6.909089536323863578e-01 3.209432075892668101e-01
7.117943878555018644e-01 3.552176915321156869e-01
6.805187057625275981e-01 4.341914163223461465e-01
4.433531458081997889e-01 4.786949028324187783e-01
5.327160057851878516e-01 2.477633875491062621e-01
6.107277330907833202e-01 1.209286981153923218e-01
6.601744024073538109e-01 1.055617178652221676e-02
2.392313571479975642e-01 4.818709242852583507e-01
3.628305406921906728e-01 2.345269346671223221e-01
5.037067273309221438e-01 1.026081044060788705e-01
5.986567491835489419e-01 0.000000000000000000e+00
0.000000000000000000e+00 5.045808986130213558e-01
1.881362552616184236e-01 3.395832921466678256e-01
2.913653309055397878e-01 4.431352184117103854e-01
3.327516160574229276e-01 5.701432448690828547e-01
