0.000000000000000000e+00 8.637031971070920910e-01
2.681766466496087187e-01 1.000000000000000000e+00
4.908596687688744353e-01 9.054440439918848282e-01
6.474132620067831745e-01 8.700127372862342945e-01
7.104731516063585994e-01 7.395933597246043822e-01
4.621759324387911261e-01 9.688358651102088603e-02
7.117011912096097292e-01 1.903072387831066803e-01
7.038135275409617142e-01 4.477466703334612164e-01
6.361426123025611945e-01 6.519325454549840249e-01
4.128101210464196202e-01 1.886454209697224077e-02
7.240370001503798614e-01 4.635886700873999983e-02
8.937501329350071577e-01 2.217807594606917287e-01
1.000000000000000000e+00 3.497051487102291745e-01
3.540625497923228782e-01 5.189991822083270256e-02
6.661140923794750535e-01 0.000000000000000000e+00
8.647232843547904002e-01 1.762072679727209878e-01
9.863837237548980230e-01 3.053863884727559541e-01
3.132058848881722479e-01 2.257355300327358039e-01
5.605969071014720306e-01 1.945162122977533714e-01
6.048718208009982167e-01 4.622787559917110878e-01
5.812024862297989758e-01 7.126523709927604644e-01
