6.233210125958607017e-01 1.000000000000000000e+00
9.306446904281351351e-01 7.785891605703112450e-01
9.602265838904499029e-01 5.615090189208477023e-01
7.392689803530952952e-01 4.149714156938364429e-01
4.203295077944586566e-01 3.549430262726164242e-01
1.000000000000000000e+00 4.227593015040156943e-01
6.892298456044451127e-01 1.952669179619428708e-01
5.022467322242406551e-01 2.477315038243512735e-01
4.726032512392670526e-01 3.207278917205080848e-01
6.933891856189740022e-01 4.073979741887294170e-01
4.291913218816103548e-01 1.156493318281128918e-01
2.366575724041344031e-01 4.510431305183443262e-02
1.224578173963899036e-01 0.000000000000000000e+00
3.574578610410910073e-01 4.320302971676485138e-01
2.732148589839707431e-01 1.277747895419778512e-01
2.016171816579749032e-01 1.577074869125902057e-01
1.722219905281299757e-01 2.149325804396462480e-01
2.466022600196110179e-02 4.857140832364223448e-01
0.000000000000000000e+00 2.506176435363042243e-01
1.284560541504655914e-02 3.041689078435165783e-01
6.547772034997230428e-02 3.937865010640718144e-01
