7.703686107244306358e-01 1.000000000000000000e+00
4.606570248296967263e-01 9.192210531562241549e-01
1.733550529895175885e-01 7.154006453721752923e-01
0.000000000000000000e+00 5.620189014640033509e-01
1.367657377549214293e-01 4.350523176322771968e-01
2.844551111066480620e-01 1.757082242248529380e-01
1.041479689757452004e-01 6.540097200201591687e-02
1.489442891446488837e-01 3.245379578957199307e-01
2.209960372401517936e-01 5.180025060976952700e-01
5.176491557953323275e-01 1.404619610516900097e-01
3.106972549383870685e-01 0.000000000000000000e+00
2.973425534131575732e-01 2.054591217915574253e-01
2.999722594258328878e-01 3.585302044291490131e-01
7.585772976664026945e-01 1.575877684625097974e-01
5.858467214030453896e-01 1.873718129093307136e-02
4.578537833247768307e-01 6.130406600922935073e-02
3.374226621662501646e-01 8.089193657380781832e-02
1.000000000000000000e+00 2.418159264226362737e-01
8.312058237632536928e-01 1.882837150345779975e-01
7.445196675649926599e-01 4.118555502515170996e-01
6.812228321243379847e-01 6.085931714039687357e-01
