3.316619099774627544e-01 1.000000000000000000e+00
5.510870175734215032e-02 7.772556824593205294e-01
2.532937001074204303e-02 5.604277040424101575e-01
2.090937892734025527e-01 4.283906734904538438e-01
5.115099592083184321e-01 3.804890881105680300e-01
0.000000000000000000e+00 4.277931196258367708e-01
3.138194985642170365e-01 2.270640761178009392e-01
5.281754849716704392e-01 2.152935156789796134e-01
6.382191201353637489e-01 2.249943162899853966e-01
2.885041704404237572e-01 4.218330062073339382e-01
5.365777990746396497e-01 1.583677552152555901e-01
7.494554380717680653e-01 6.280784446478906990e-02
9.276197772956730203e-01 0.000000000000000000e+00
6.037774431128054564e-01 4.552954667618305806e-01
6.981283919933161108e-01 1.647161396797444666e-01
7.942148303389009456e-01 1.550332656846772073e-01
8.607334428600514897e-01 1.872719915108440603e-01
9.289511237020030565e-01 5.141977408572868669e-01
1.000000000000000000e+00 2.831736891752700269e-01
9.771305930590953315e-01 3.125648623875139642e-01
9.307419030969381613e-01 3.929985308512891073e-01
