0.000000000000000000e+00 5.798627773029370047e-01
1.144377340829956513e-01 8.714509482467075463e-01
2.896456835383310890e-01 1.000000000000000000e+00
4.036900878598436715e-01 7.968976744686017133e-01
4.520341005139116852e-01 5.059635618145721381e-01
6.953277385712514080e-01 9.039223376754388362e-01
8.321325863989228466e-01 9.326984217984150005e-01
6.364364528202485216e-01 8.633211111990048980e-01
4.807136710223632869e-01 7.981167641506600186e-01
7.438650914721862684e-01 6.112311152038371054e-01
1.000000000000000000e+00 6.117677572140038933e-01
7.663107177245183088e-01 5.574602472852997481e-01
5.666961195129155415e-01 5.289156882206389465e-01
7.151827078119945558e-01 3.394865711331800928e-01
9.906199291341502011e-01 2.523646563768478512e-01
8.629350635069005238e-01 2.298456747673793266e-01
7.245364373479139530e-01 2.469322240710539462e-01
6.238447856314438544e-01 8.924794872932709233e-02
7.853273677467038638e-01 0.000000000000000000e+00
6.628846825166455625e-01 5.093220532854921684e-02
5.134324159475014415e-01 1.455431288461755679e-01
