7.326606894404794623e-01 1.000000000000000000e+00
3.740709089970998269e-01 8.976617839809699628e-01
1.082922415291917712e-01 6.828185695461170823e-01
0.000000000000000000e+00 5.153637508887354279e-01
1.761365336163692452e-01 4.352890832753145145e-01
4.842279445079627487e-01 4.582865015370301554e-01
3.578845752791879886e-01 2.912714143021030710e-01
2.860251879427043176e-01 4.077491268572563388e-01
3.154812152681579218e-01 5.286278442070136974e-01
6.229935905023410436e-01 4.416540249264792051e-01
4.661828868190152630e-01 2.476689898190089223e-01
3.223552855267967088e-01 3.251353470436780801e-01
2.654981462621091026e-01 4.174036581299475634e-01
8.047336110796771136e-01 4.490597073341037748e-01
6.074838461841961523e-01 2.209928113231117985e-01
3.401005280475680737e-01 9.994709567821329077e-02
1.749762944406073328e-01 0.000000000000000000e+00
1.000000000000000000e+00 4.674841402364954268e-01
7.363150526291600828e-01 3.603932080962987672e-01
5.837396988667723496e-01 4.721030731930461743e-01
5.322031407102172373e-01 5.915771595785885850e-01
