0.000000000000000000e+00 1.000000000000000000e+00
3.344998038724976142e-01 9.915245172830843279e-01
7.077448177079173064e-01 9.058586521966044414e-01
9.515020171846739760e-01 7.805168569066995854e-01
8.214231579545232531e-01 6.077053664253602161e-01
8.282224813590127743e-01 4.300991695362904599e-01
1.000000000000000000e+00 3.359151623512020013e-01
8.193614230514599805e-01 5.524864384785125315e-01
6.139770575194929414e-01 7.324871792950922167e-01
6.093892713818913620e-01 3.159572307443874739e-01
8.414913499784348883e-01 1.237030507492652143e-01
7.234140739675795073e-01 3.275682820629993719e-01
5.573673831976414528e-01 4.941221614863610667e-01
3.443427421287200141e-01 2.523818501602744235e-01
5.169558881736003864e-01 0.000000000000000000e+00
5.643225436583370058e-01 7.453447169373143832e-02
5.654336370203528750e-01 1.438299551264923537e-01
3.440378126724990410e-02 2.433682349503944187e-01
1.195011084309977323e-01 5.794996075336884128e-02
1.591997997902056816e-01 2.189144207022441779e-01
1.703604308770360343e-01 3.997242331091738765e-01
