3.512844819163852272e-01 1.000000000000000000e+00
8.073303530641937620e-01 7.879718126995935989e-01
8.667645420146654622e-01 6.071797715549509533e-01
9.388864390712755581e-01 4.700853542753427039e-01
1.000000000000000000e+00 3.475493159917227848e-01
1.069688656053528614e-01 4.699076214585060640e-01
2.940560089918575204e-01 2.474326941462550722e-01
5.482630206339189627e-01 1.262532920391626345e-01
7.712999905821382729e-01 4.744666195643470336e-02
0.000000000000000000e+00 4.676301044219939307e-01
2.051104662369657161e-01 1.906974384203718453e-01
5.722917706372195878e-01 6.911709241219973765e-02
8.331757821886230930e-01 0.000000000000000000e+00
1.667445620650290228e-02 4.732562922354182633e-01
2.276336786255906963e-01 1.932753570710669666e-01
6.086121504499009127e-01 2.391340274811259714e-01
8.209616076906083304e-01 3.468431415637561743e-01
1.717571529539959341e-01 4.572426086824282754e-01
2.733705999001882492e-01 2.363894753054809894e-01
5.196868516968434770e-01 2.658037519786830005e-01
7.123741021125056250e-01 3.722092037778818585e-01
