0.000000000000000000e+00 1.000000000000000000e+00
2.994416656480102246e-01 9.629068593323131253e-01
6.015676062458665818e-01 7.890086373435981626e-01
6.496483745469744386e-01 5.458301274360352062e-01
5.457609050167862019e-01 3.809119919723468750e-01
8.589720401393042826e-01 6.576343861000920610e-01
1.000000000000000000e+00 4.649427966861528483e-01
8.365732139265177336e-01 4.870911256202741235e-01
7.226361685538084112e-01 5.640572480515970710e-01
6.819063201132929963e-01 5.514484123829654916e-01
9.169989514752634463e-01 3.214444303534910730e-01
7.782406134727040126e-01 3.167260766731086474e-01
6.823462321972502131e-01 3.675198759470260645e-01
4.710720930356901981e-01 4.913667234700521691e-01
5.980783622438171632e-01 2.586335538300505443e-01
5.934720070444932105e-01 1.083091681699413361e-01
6.146849512270984306e-01 0.000000000000000000e+00
2.346910686968996518e-01 4.672795122180273819e-01
2.874176478494549491e-01 3.459200466159959020e-01
1.780666767333891343e-01 4.445715916767080111e-01
9.168387320280887987e-02 5.541859189965729904e-01
