3.726801559454785417e-01 1.000000000000000000e+00
2.472331167310931957e-03 7.263635063958517879e-01
6.399654392200794517e-02 4.844013482167273121e-01
4.269697623679472587e-01 3.584862034363499594e-01
7.646026031415331659e-01 3.198588990994005732e-01
0.000000000000000000e+00 3.706133489076743892e-01
1.713310755454011958e-01 7.554193380692399151e-02
3.262940782762518421e-01 1.285210823432384741e-01
4.088558566871525191e-01 2.186858067121040805e-01
3.756916413803060850e-01 3.909469889526768216e-01
6.031583102839164212e-01 4.107577788816691583e-02
7.340665424654525539e-01 0.000000000000000000e+00
8.090229665482865373e-01 2.014253731263933311e-02
7.145736118429899530e-01 4.606493181730965669e-01
8.372534500407861069e-01 1.785787853154611193e-01
7.656504078990549189e-01 1.848462202982420477e-01
6.926253813289936501e-01 2.255649250992318167e-01
1.000000000000000000e+00 5.521522449834566082e-01
9.589266635807012218e-01 4.056583228139833963e-01
7.934551094971223906e-01 4.633156701050659132e-01
7.192145073932260102e-01 5.244066801472873074e-01
