3.324873630360720145e-01 1.000000000000000000e+00
7.378889905311486475e-01 8.394642850148956725e-01
9.213163085497261262e-01 6.403379290224336939e-01
1.000000000000000000e+00 4.594620871200366108e-01
8.639692344411159519e-01 3.409668325992810112e-01
4.367255307072669401e-01 4.861344858227718002e-01
5.646225562851385771e-01 3.356292195914296062e-01
7.363936500521874873e-01 3.806585713176564023e-01
7.863599626223860550e-01 4.477736177510651117e-01
3.119021513360845654e-01 4.455049171945799635e-01
4.236012933928402502e-01 2.393603496234818773e-01
6.446344781161462700e-01 2.889748694299166254e-01
7.368945871466383579e-01 3.654012490524362056e-01
1.564732455749737461e-01 4.163016371859235565e-01
2.230412583036516239e-01 1.531508804135544299e-01
5.292687439041676711e-01 4.675625814467108954e-02
7.263961409756516385e-01 0.000000000000000000e+00
0.000000000000000000e+00 4.097068774679759606e-01
2.004220218080644128e-02 1.970191569345310645e-01
2.543860011280914546e-01 1.906890354305719737e-01
4.432856833633246896e-01 2.647247628181926826e-01
